0 0.44375 0.43125 0.1515625 0.16328125
0 0.3796875 0.5515625 0.0625 0.0671875
0 0.2859375 0.66015625 0.1203125 0.0984375
0 0.06015625 0.7453125 0.115625 0.165625
0 0.16484375 0.60703125 0.08671875 0.08203125
0 0.13828125 0.384375 0.09375 0.08671875
0 0.77734375 0.62890625 0.071875 0.06953125
0 0.9375 0.75859375 0.115625 0.1078125
0 0.50234375 0.9390625 0.1515625 0.11328125
0 0.4703125 0.7828125 0.08203125 0.08203125
0 0.6359375 0.6390625 0.084375 0.08671875
0 0.603125 0.38828125 0.084375 0.084375
0 0.9 0.3859375 0.08203125 0.0796875
0 0.865625 0.16328125 0.0796875 0.08671875
0 0.77890625 0.03984375 0.0671875 0.0625
0 0.34609375 0.13125 0.0765625 0.06953125