0 0.1765625 0.06953125 0.196875 0.1390625
0 0.1296875 0.1765625 0.08203125 0.08203125
0 0.059375 0.30546875 0.11875 0.1234375
0 0.57890625 0.18046875 0.09140625 0.08671875
0 0.26796875 0.38828125 0.1046875 0.0828125
0 0.4265625 0.21875 0.1078125 0.10546875
0 0.8359375 0.21484375 0.328125 0.4296875
0 0.6609375 0.328125 0.021875 0.075
0 0.740625 0.221875 0.09609375 0.103125
0 0.69921875 0.15546875 0.0984375 0.1390625
0 0.72109375 0.07578125 0.1109375 0.09140625
0 0.68203125 0.028125 0.0640625 0.05625
0 0.63828125 0.96328125 0.0234375 0.0734375
0 0.35625 0.9953125 0.053125 0.009375
0 0.5046875 0.96796875 0.0453125 0.0484375
0 0.45234375 0.91015625 0.03359375 0.040625
0 0.396875 0.94609375 0.08203125 0.08671875
0 0.3015625 0.9421875 0.06015625 0.0578125
0 0.0546875 0.97109375 0.04296875 0.03359375
0 0.1109375 0.9015625 0.04296875 0.03359375
0 0.08828125 0.853125 0.03359375 0.02890625
0 0.02109375 0.9140625 0.0421875 0.040625
0 0.01796875 0.8390625 0.02890625 0.02890625
0 0.26484375 0.88984375 0.0265625 0.03125
0 0.29609375 0.8640625 0.0453125 0.03359375
0 0.31171875 0.81953125 0.02890625 0.0265625
0 0.38984375 0.83515625 0.040625 0.03125
0 0.52890625 0.88125 0.0359375 0.03828125
0 0.521875 0.78359375 0.0359375 0.040625
0 0.459375 0.7828125 0.02890625 0.040625
0 0.41875 0.77421875 0.03125 0.0265625
0 0.4015625 0.734375 0.03359375 0.040625
0 0.34140625 0.77421875 0.09375 0.10078125
0 0.1765625 0.734375 0.0625 0.0671875
0 0.2625 0.6359375 0.053125 0.05078125
0 0.3515625 0.60078125 0.06015625 0.03828125
0 0.21796875 0.47109375 0.1015625 0.0828125
0 0.0515625 0.759375 0.0265625 0.03828125
0 0.01875 0.74453125 0.0375 0.0453125
0 0.01484375 0.6484375 0.0296875 0.040625
0 0.64375 0.70390625 0.0125 0.0328125
0 0.49765625 0.59296875 0.0453125 0.05546875
0 0.98984375 0.67109375 0.0203125 0.0671875
0 0.8953125 0.55703125 0.0890625 0.12734375
0 0.8484375 0.7234375 0.0765625 0.071875
0 0.890625 0.79765625 0.06953125 0.0453125
0 0.69453125 0.4984375 0.0453125 0.053125
0 0.6609375 0.8765625 0.021875 0.059375