0 0.1546875 0.57421875 0.13125 0.1296875
0 0.209375 0.44375 0.1828125 0.16796875
0 0.1046875 0.43671875 0.05546875 0.0578125
0 0.3234375 0.29140625 0.0578125 0.0625
0 0.1453125 0.19296875 0.15625 0.15390625
0 0.11171875 0.0734375 0.125 0.10078125
0 0.01875 0.128125 0.0375 0.071875
0 0.74140625 0.60234375 0.0703125 0.0734375
0 0.6859375 0.575 0.053125 0.053125
0 0.52109375 0.4828125 0.053125 0.053125
0 0.66796875 0.31796875 0.084375 0.09375
0 0.68125 0.2328125 0.05078125 0.053125
0 0.6390625 0.17734375 0.10078125 0.1203125
0 0.7328125 0.0546875 0.084375 0.0890625
0 0.8 0.03203125 0.06875 0.0640625
0 0.84921875 0.3171875 0.2359375 0.25234375
0 0.06875 0.92421875 0.1375 0.1515625
0 0.09765625 0.7859375 0.0984375 0.09609375
0 0.0109375 0.78515625 0.021875 0.1015625
0 0.9046875 0.88359375 0.190625 0.1921875
0 0.95625 0.9546875 0.0875 0.090625
0 0.98046875 0.77734375 0.0390625 0.0796875
0 0.79296875 0.66484375 0.0984375 0.0515625
0 0.7515625 0.68671875 0.09375 0.0953125
0 0.6421875 0.68046875 0.090625 0.0828125
0 0.5359375 0.68828125 0.271875 0.0984375