0 0.36015625 0.07578125 0.0796875 0.1515625
0 0.26484375 0.053125 0.09609375 0.10078125
0 0.0359375 0.03828125 0.071875 0.0765625
0 0.03203125 0.15234375 0.0640625 0.2015625
0 0.103125 0.240625 0.20625 0.228125
0 0.02578125 0.30234375 0.0515625 0.0734375
0 0.26015625 0.30078125 0.0796875 0.0796875
0 0.38125 0.20234375 0.0375 0.0796875
0 0.17734375 0.47265625 0.2015625 0.2015625
0 0.2140625 0.58203125 0.14921875 0.14453125
0 0.1015625 0.5953125 0.09140625 0.09140625
0 0.03828125 0.6578125 0.0765625 0.0625
0 0.303125 0.6 0.19375 0.178125
0 0.07578125 0.009375 0.0765625 0.01875
0 0.4484375 0.42265625 0.096875 0.1203125
0 0.4375 0.28984375 0.075 0.0859375
0 0.48125 0.0828125 0.125 0.12265625
0 0.9296875 0.6703125 0.140625 0.0375
0 0.95859375 0.63125 0.0828125 0.103125
0 0.90625 0.59140625 0.0796875 0.0765625
0 0.8046875 0.64296875 0.084375 0.084375
0 0.7 0.34453125 0.6 0.6890625
0 0.96875 0.0421875 0.0625 0.084375
0 0.49453125 0.24375 0.084375 0.08671875
0 0.25234375 0.9796875 0.1171875 0.040625
0 0.159375 0.8796875 0.10078125 0.09609375
0 0.15 0.978125 0.071875 0.04375
0 0.81484375 0.92109375 0.1109375 0.1109375
0 0.73671875 0.95703125 0.0890625 0.0859375
0 0.8296875 0.85546875 0.09140625 0.0890625
0 0.77421875 0.76640625 0.1296875 0.1296875
0 0.66875 0.85078125 0.0984375 0.09375
0 0.9609375 0.98046875 0.078125 0.0390625
0 0.98359375 0.95234375 0.0328125 0.0953125