0 0.36796875 0.2984375 0.15390625 0.1390625
0 0.228125 0.10234375 0.0796875 0.084375
0 0.2953125 0.01953125 0.1296875 0.03828125
0 0.41015625 0.084375 0.10078125 0.09609375
0 0.49296875 0.146875 0.06015625 0.05546875
0 0.4953125 0.2484375 0.08203125 0.09140625
0 0.709375 0.171875 0.0796875 0.07421875
0 0.57421875 0.07109375 0.053125 0.05546875
0 0.79453125 0.26796875 0.1609375 0.18515625
0 0.7046875 0.3796875 0.2046875 0.196875
0 0.790625 0.4171875 0.06484375 0.06484375
0 0.99140625 0.234375 0.0171875 0.0765625
0 0.98203125 0.32578125 0.0359375 0.05546875
0 0.978125 0.3734375 0.04296875 0.0453125
0 0.91796875 0.50234375 0.06015625 0.053125
0 0.946875 0.546875 0.084375 0.0796875
0 0.5625 0.47578125 0.0671875 0.06953125
0 0.4046875 0.41953125 0.06953125 0.06953125
0 0.375 0.56953125 0.15625 0.1703125
0 0.68515625 0.61171875 0.178125 0.178125
0 0.678125 0.72265625 0.134375 0.12265625
0 0.7859375 0.70703125 0.0796875 0.08203125
0 0.87734375 0.7640625 0.09140625 0.08671875
0 0.77421875 0.83984375 0.09140625 0.09375
0 0.55078125 0.84921875 0.2921875 0.3015625
0 0.7140625 0.93125 0.07421875 0.07421875
0 0.25390625 0.80625 0.08671875 0.08203125
0 0.41484375 0.7921875 0.0671875 0.0765625
0 0.6515625 0.134375 0.0671875 0.06953125