0 0.21171875 0.43359375 0.1828125 0.18046875
0 0.04453125 0.27265625 0.0890625 0.103125
0 0.134375 0.2234375 0.071875 0.071875
0 0.234375 0.28359375 0.10546875 0.1078125
0 0.28828125 0.046875 0.07421875 0.06953125
0 0.42421875 0.06015625 0.2015625 0.1203125
0 0.47734375 0.165625 0.25 0.25
0 0.5609375 0.10546875 0.08203125 0.08203125
0 0.71484375 0.0375 0.071875 0.06953125
0 0.75703125 0.05078125 0.06953125 0.07421875
0 0.49140625 0.35703125 0.08671875 0.08671875
0 0.35078125 0.47265625 0.08671875 0.08671875
0 0.478125 0.5921875 0.2015625 0.2046875
0 0.69140625 0.32578125 0.21875 0.22109375
0 0.79453125 0.39921875 0.1609375 0.15859375
0 0.83984375 0.2875 0.0984375 0.10078125
0 0.92578125 0.25234375 0.06953125 0.0765625
0 0.9515625 0.37890625 0.09609375 0.115625
0 0.8375 0.61171875 0.32421875 0.4109375
0 0.98515625 0.4921875 0.0296875 0.09375
0 0.640625 0.85234375 0.10546875 0.103125
0 0.71640625 0.68984375 0.0890625 0.09140625
0 0.22734375 0.08515625 0.053125 0.0453125