0 0.5671875 0.24375 0.1703125 0.165625
0 0.65625 0.02890625 0.09140625 0.0578125
0 0.46640625 0.0453125 0.1140625 0.090625
0 0.4 0.11875 0.0671875 0.06484375
0 0.42578125 0.225 0.09609375 0.10078125
0 0.1890625 0.196875 0.0890625 0.08671875
0 0.2984375 0.0609375 0.06015625 0.06015625
0 0.12734375 0.31640625 0.1921875 0.2046875
0 0.2484375 0.41015625 0.23046875 0.228125
0 0.171875 0.46875 0.07421875 0.07421875
0 0.06484375 0.5890625 0.0671875 0.0625
0 0.0484375 0.640625 0.09375 0.09375
0 0.4171875 0.475 0.0796875 0.0796875
0 0.5625 0.3796875 0.0796875 0.0796875
0 0.63203125 0.5265625 0.1828125 0.1921875
0 0.33046875 0.6453125 0.2015625 0.2046875
0 0.36640625 0.75703125 0.14921875 0.14453125
0 0.25390625 0.76796875 0.09140625 0.09375
0 0.1765625 0.8484375 0.103125 0.10078125
0 0.30078125 0.9015625 0.10546875 0.1078125
0 0.534375 0.84453125 0.353125 0.3109375
0 0.3859375 0.96875 0.08671875 0.0625
0 0.81875 0.74140625 0.0984375 0.09609375
0 0.6515625 0.7640625 0.0796875 0.084375
0 0.23671875 0.1453125 0.0765625 0.0796875