0 0.07421875 0.03203125 0.0984375 0.0640625
0 0.971875 0.3125 0.05625 0.134375
0 0.9859375 0.4375 0.028125 0.0625
0 0.82421875 0.3875 0.1109375 0.0984375
0 0.74921875 0.36328125 0.09375 0.0765625
0 0.73359375 0.24921875 0.0671875 0.0671875
0 0.78828125 0.23671875 0.07421875 0.0625
0 0.8203125 0.11640625 0.11328125 0.125
0 0.73671875 0.0375 0.0734375 0.075
0 0.5828125 0.140625 0.08203125 0.0890625
0 0.540625 0.28125 0.09375 0.0796875
0 0.55390625 0.053125 0.09140625 0.084375
0 0.4359375 0.2234375 0.0765625 0.0765625
0 0.434375 0.28984375 0.071875 0.0671875
0 0.89140625 0.01015625 0.0671875 0.0203125
0 0.95703125 0.03984375 0.0859375 0.0796875
0 0.46015625 0.38125 0.2421875 0.196875
0 0.06796875 0.64375 0.1359375 0.146875
0 0.075 0.80859375 0.11796875 0.1109375
0 0.1296875 0.88203125 0.08203125 0.09375
0 0.17890625 0.96328125 0.1578125 0.0734375
0 0.05234375 0.9859375 0.1046875 0.028125
0 0.4625 0.515625 0.115625 0.071875
0 0.43671875 0.771875 0.0765625 0.0796875
0 0.37734375 0.8875 0.0765625 0.13125
0 0.4359375 0.95546875 0.07421875 0.0796875
0 0.8875 0.53046875 0.09375 0.1015625
0 0.6390625 0.91796875 0.071875 0.0796875