0 0.39296875 0.03828125 0.05078125 0.0453125
0 0.4578125 0.06484375 0.0484375 0.0453125
0 0.321875 0.16328125 0.03828125 0.0671875
0 0.28046875 0.1640625 0.0234375 0.025
0 0.2875 0.19453125 0.03359375 0.02890625
0 0.2828125 0.25625 0.028125 0.03125
0 0.31875 0.28828125 0.040625 0.03828125
0 0.3765625 0.303125 0.03125 0.03125
0 0.5609375 0.221875 0.0453125 0.03359375
0 0.159375 0.9140625 0.21875 0.171875
0 0.0078125 0.94140625 0.015625 0.0765625
0 0.20859375 0.77734375 0.09375 0.084375
0 0.25625 0.5765625 0.025 0.059375
0 0.15 0.35546875 0.05546875 0.0625
0 0.1046875 0.32890625 0.040625 0.0203125
0 0.0296875 0.840625 0.053125 0.06484375
0 0.83203125 0.3671875 0.1640625 0.096875
0 0.56484375 0.45 0.1296875 0.12265625
0 0.87109375 0.821875 0.09609375 0.10546875
0 0.7109375 0.81640625 0.21640625 0.2234375
0 0.86015625 0.515625 0.0671875 0.06015625
0 0.4296875 0.9375 0.146875 0.125
0 0.58046875 0.5734375 0.05078125 0.05546875
0 0.70625 0.54453125 0.04296875 0.0484375
0 0.8109375 0.61171875 0.053125 0.053125
0 0.89765625 0.5875 0.0484375 0.0453125
0 0.984375 0.49140625 0.03125 0.0484375
0 0.99375 0.74453125 0.0125 0.0609375
0 0.71953125 0.640625 0.0765625 0.08203125
0 0.36171875 0.81015625 0.0984375 0.0796875
0 0.33515625 0.5890625 0.0671875 0.071875
0 0.45859375 0.52421875 0.0625 0.06015625