0 0.0734375 0.2625 0.0765625 0.08203125
0 0.13828125 0.096875 0.13203125 0.1078125
0 0.95546875 0.36328125 0.0890625 0.2546875
0 0.97109375 0.1140625 0.0578125 0.21875
0 0.9234375 0.053125 0.153125 0.10625
0 0.65859375 0.10546875 0.115625 0.1109375
0 0.440625 0.875 0.1296875 0.14921875
0 0.140625 0.60703125 0.08203125 0.10078125
0 0.321875 0.6359375 0.0984375 0.09375
0 0.48671875 0.5375 0.0453125 0.015625
0 0.30859375 0.8859375 0.125 0.12734375
0 0.12578125 0.921875 0.1421875 0.15625
0 0.0140625 0.98828125 0.028125 0.0234375
0 0.0390625 0.77265625 0.078125 0.1078125
0 0.5296875 0.81328125 0.0484375 0.0453125
0 0.92890625 0.63515625 0.1421875 0.2109375
0 0.6046875 0.79921875 0.090625 0.4015625
0 0.9875 0.75546875 0.025 0.0921875
0 0.68046875 0.5546875 0.0671875 0.05
0 0.7640625 0.9484375 0.06015625 0.084375