0 0.63046875 0.88046875 0.3328125 0.2390625
0 0.3234375 0.9953125 0.146875 0.009375
0 0.98671875 0.56484375 0.0265625 0.14453125
0 0.8921875 0.65390625 0.07421875 0.0796875
0 0.88125 0.4828125 0.15625 0.15859375
0 0.24765625 0.740625 0.1203125 0.1203125
0 0.33203125 0.6734375 0.1078125 0.1109375
0 0.3015625 0.4984375 0.1703125 0.1609375
0 0.41015625 0.259375 0.103125 0.0984375
0 0.1609375 0.26796875 0.0796875 0.0796875
0 0.11640625 0.41796875 0.08203125 0.08671875
0 0.2546875 0.11640625 0.12265625 0.11328125
0 0.75390625 0.31953125 0.11796875 0.10546875