0 0.44921875 0.49140625 0.2390625 0.1359375
0 0.1125 0.45546875 0.0578125 0.0671875
0 0.0390625 0.30703125 0.078125 0.1296875
0 0.040625 0.096875 0.08125 0.075
0 0.95625 0.2828125 0.0875 0.121875
0 0.85234375 0.384375 0.09140625 0.084375
0 0.7765625 0.43359375 0.0796875 0.0796875
0 0.7328125 0.428125 0.05078125 0.053125
0 0.33046875 0.6015625 0.1109375 0.084375
0 0.26875 0.6171875 0.11875 0.115625
0 0.315625 0.70234375 0.10546875 0.11328125
0 0.415625 0.70390625 0.11796875 0.11796875
0 0.41171875 0.825 0.1421875 0.1515625
0 0.3109375 0.8140625 0.1109375 0.11328125
0 0.19375 0.8734375 0.11796875 0.1390625
0 0.04609375 0.7390625 0.0921875 0.128125
0 0.06875 0.8359375 0.11328125 0.115625
0 0.39296875 0.97890625 0.0765625 0.0421875
0 0.2375 0.9609375 0.08125 0.078125
0 0.62109375 0.8796875 0.1046875 0.1125
0 0.74453125 0.971875 0.0765625 0.05625
0 0.81875 0.94921875 0.115625 0.1015625
0 0.9 0.95234375 0.103125 0.0953125
0 0.80390625 0.8078125 0.1203125 0.1203125
0 0.87421875 0.775 0.09609375 0.0984375
0 0.63359375 0.98671875 0.0921875 0.0265625
0 0.590625 0.58671875 0.04375 0.0546875
0 0.6796875 0.61484375 0.1078125 0.103125
0 0.6546875 0.6921875 0.07421875 0.0765625
0 0.96328125 0.66484375 0.0734375 0.1109375