0 0.35234375 0.0578125 0.3078125 0.115625
0 0.66796875 0.0640625 0.0234375 0.128125
0 0.0125 0.1234375 0.025 0.0625
0 0.59765625 0.3859375 0.08671875 0.08671875
0 0.4890625 0.3984375 0.0765625 0.08203125
0 0.4234375 0.5296875 0.13125 0.040625
0 0.79453125 0.12265625 0.15390625 0.15859375
0 0.7328125 0.0484375 0.10625 0.096875
0 0.9453125 0.240625 0.06484375 0.06953125
0 0.8671875 0.24921875 0.084375 0.08671875
0 0.86171875 0.309375 0.16328125 0.17578125
0 0.70546875 0.2515625 0.0515625 0.1125
0 0.7375 0.34140625 0.08671875 0.09140625
0 0.971875 0.3 0.05625 0.065625
0 0.1828125 0.6046875 0.3375 0.109375
0 0.35 0.5640625 0.1125 0.028125
0 0.6421875 0.709375 0.075 0.0875
0 0.4671875 0.87265625 0.10078125 0.0984375
0 0.37265625 0.9328125 0.3296875 0.134375
0 0.2125 0.98125 0.053125 0.0375
0 0.1921875 0.7671875 0.0765625 0.071875
0 0.1484375 0.7453125 0.0484375 0.05078125
0 0.5609375 0.728125 0.05546875 0.05546875
0 0.42421875 0.7140625 0.06015625 0.05546875
0 0.6625 0.96328125 0.034375 0.0578125
0 0.75234375 0.9 0.08671875 0.0890625
0 0.75078125 0.68125 0.1421875 0.2625