0 0.38046875 0.0390625 0.1171875 0.078125
0 0.24765625 0.06328125 0.0671875 0.08203125
0 0.1578125 0.121875 0.053125 0.0671875
0 0.15078125 0.228125 0.0671875 0.0890625
0 0.04609375 0.2109375 0.0484375 0.04296875
0 0.10859375 0.3296875 0.0578125 0.06484375
0 0.19765625 0.325 0.084375 0.0796875
0 0.42421875 0.35703125 0.0296875 0.0453125
0 0.32109375 0.153125 0.053125 0.05078125
0 0.30078125 0.25625 0.05078125 0.0578125
0 0.3203125 0.3296875 0.05078125 0.05546875
0 0.5671875 0.32578125 0.25625 0.1859375
0 0.61953125 0.1203125 0.3609375 0.240625
0 0.9625 0.23046875 0.075 0.1203125
0 0.91015625 0.196875 0.06953125 0.05078125
0 0.8609375 0.11171875 0.0578125 0.053125
0 0.83203125 0.0765625 0.06015625 0.0578125
0 0.8984375 0.06484375 0.0625 0.06953125
0 0.78515625 0.3375 0.08203125 0.0671875
0 0.846875 0.4046875 0.06875 0.028125
0 0.02734375 0.61171875 0.0546875 0.1234375
0 0.12265625 0.64765625 0.0890625 0.0890625
0 0.309375 0.75703125 0.12734375 0.12734375
0 0.39453125 0.7078125 0.0890625 0.134375
0 0.42109375 0.81171875 0.0359375 0.1140625
0 0.3078125 0.5984375 0.196875 0.209375
0 0.21953125 0.76640625 0.4390625 0.4671875
0 0.15 0.721875 0.08671875 0.0890625
0 0.98671875 0.98203125 0.0265625 0.0359375
0 0.90390625 0.9421875 0.053125 0.07421875
0 0.65703125 0.92734375 0.0890625 0.0984375
0 0.78828125 0.9734375 0.0484375 0.053125
0 0.4765625 0.834375 0.075 0.10625
0 0.5453125 0.97109375 0.0484375 0.053125
0 0.8203125 0.78125 0.115625 0.11796875
0 0.87734375 0.67890625 0.15625 0.15625
0 0.9875 0.6265625 0.025 0.075
0 0.76328125 0.65234375 0.053125 0.05078125
0 0.6859375 0.84921875 0.103125 0.05546875
0 0.6859375 0.7703125 0.09609375 0.06484375
0 0.63828125 0.79765625 0.0453125 0.0359375
0 0.65234375 0.66796875 0.05078125 0.03828125
0 0.7015625 0.61953125 0.03359375 0.03125
0 0.7796875 0.565625 0.03828125 0.03359375
0 0.775 0.51875 0.040625 0.0359375