0 0.36015625 0.01640625 0.0609375 0.0328125
0 0.27890625 0.05 0.0484375 0.0578125
0 0.271875 0.1390625 0.06015625 0.07421875
0 0.17734375 0.12421875 0.04296875 0.0359375
0 0.23359375 0.22421875 0.053125 0.05546875
0 0.315625 0.2203125 0.0796875 0.0671875
0 0.46328125 0.334375 0.0796875 0.090625
0 0.6296875 0.01640625 0.059375 0.0328125
0 0.62421875 0.065625 0.0484375 0.05078125
0 0.528125 0.246875 0.03359375 0.03828125
0 0.565625 0.33984375 0.0484375 0.05546875
0 0.0609375 0.24609375 0.121875 0.2390625
0 0.4296875 0.075 0.0484375 0.04296875
0 0.41015625 0.1625 0.0453125 0.0484375
0 0.428125 0.22421875 0.0453125 0.0453125
0 0.9359375 0.24453125 0.128125 0.1359375
0 0.97265625 0.22578125 0.0546875 0.0609375
0 0.8421875 0.3078125 0.06953125 0.06953125
0 0.86953125 0.35234375 0.0828125 0.0546875
0 0.71953125 0.35390625 0.0890625 0.0515625
0 0.76953125 0.30390625 0.07421875 0.071875
0 0.66875 0.32109375 0.01875 0.0796875
0 0.74296875 0.13671875 0.12734375 0.12734375
0 0.86171875 0.04609375 0.1015625 0.0921875
0 0.90859375 0.02890625 0.0953125 0.0578125
0 0.8984375 0.0921875 0.0765625 0.0765625
0 0.25703125 0.67734375 0.5140625 0.5953125
0 0.43359375 0.83671875 0.0625 0.0796875
0 0.46875 0.7703125 0.0625 0.08671875
0 0.6 0.56875 0.11875 0.2125
0 0.621875 0.7875 0.0625 0.0578125
0 0.309375 0.69609375 0.0625 0.06953125
0 0.0453125 0.89921875 0.08671875 0.084375
0 0.0828125 0.98125 0.06875 0.0375
0 0.9171875 0.80859375 0.11796875 0.115625
0 0.9515625 0.73125 0.096875 0.115625
0 0.803125 0.815625 0.11328125 0.11328125
0 0.69375 0.75546875 0.06875 0.1109375
0 0.7203125 0.6921875 0.11796875 0.11796875
0 0.70859375 0.58359375 0.0984375 0.2234375
0 0.79453125 0.434375 0.1140625 0.109375
0 0.98046875 0.4734375 0.0390625 0.1625
0 0.92578125 0.65234375 0.1484375 0.1734375