0 0.4109375 0.06328125 0.06953125 0.08671875
0 0.440625 0.15 0.01875 0.065625
0 0.378125 0.15546875 0.08671875 0.08203125
0 0.2484375 0.3 0.09140625 0.1078125
0 0.04921875 0.0296875 0.0546875 0.059375
0 0.0171875 0.10234375 0.034375 0.0828125
0 0.171875 0.2125 0.03828125 0.0453125
0 0.146875 0.315625 0.05546875 0.06484375
0 0.078125 0.403125 0.071875 0.06953125
0 0.2453125 0.02109375 0.053125 0.0421875
0 0.2765625 0.10625 0.053125 0.0578125
0 0.26796875 0.175 0.05078125 0.05546875
0 0.2921875 0.4140625 0.06484375 0.0671875
0 0.78203125 0.2453125 0.4359375 0.46875
0 0.759375 0.41875 0.165625 0.121875
0 0.84609375 0.11171875 0.1078125 0.103125
0 0.77734375 0.1546875 0.11796875 0.1296875
0 0.953125 0.11796875 0.084375 0.0796875
0 0.55 0.175 0.2 0.35
0 0.5921875 0.34609375 0.1203125 0.11796875
0 0.1421875 0.54140625 0.0625 0.0578125
0 0.01796875 0.53125 0.0359375 0.103125
0 0.01171875 0.6046875 0.0234375 0.071875
0 0.07265625 0.70546875 0.0984375 0.11796875
0 0.43203125 0.65703125 0.0359375 0.0796875
0 0.259375 0.9703125 0.159375 0.059375
0 0.98359375 0.55390625 0.0328125 0.0796875
0 0.5796875 0.61875 0.07421875 0.0890625
0 0.5015625 0.9671875 0.103125 0.065625