0 0.33359375 0.33515625 0.0671875 0.0671875
0 0.24375 0.284375 0.053125 0.0671875
0 0.23671875 0.178125 0.0671875 0.0890625
0 0.13203125 0.1953125 0.0484375 0.04296875
0 0.19453125 0.0765625 0.0578125 0.06484375
0 0.28359375 0.08125 0.084375 0.0796875
0 0.0359375 0.09453125 0.071875 0.1890625
0 0.40703125 0.253125 0.053125 0.05078125
0 0.38671875 0.15 0.05078125 0.0578125
0 0.40625 0.0765625 0.05078125 0.05546875
0 0.69609375 0.115625 0.14453125 0.1390625
0 0.88359375 0.2 0.1078125 0.1109375
0 0.4765625 0.0875 0.015625 0.071875
0 0.49765625 0.15625 0.0578125 0.134375
0 0.05546875 0.53359375 0.1109375 0.1796875
0 0.43359375 0.47421875 0.0703125 0.0984375
0 0.31015625 0.78046875 0.2546875 0.28125
0 0.8390625 0.4234375 0.06015625 0.0578125
0 0.76796875 0.85390625 0.084375 0.0765625
0 0.87265625 0.97265625 0.0734375 0.0546875
0 0.63671875 0.9078125 0.0484375 0.05546875
0 0.99375 0.90078125 0.0125 0.0578125
0 0.9796875 0.55390625 0.040625 0.0609375
0 0.59140625 0.5859375 0.06015625 0.0671875
0 0.61875 0.7 0.0578125 0.05546875
0 0.5609375 0.7140625 0.0453125 0.0453125
0 0.76171875 0.61796875 0.04296875 0.03828125
0 0.87734375 0.6515625 0.04296875 0.0359375
0 0.90859375 0.63359375 0.03828125 0.040625
0 0.96015625 0.7875 0.053125 0.0484375