0 0.4015625 0.24921875 0.11328125 0.11796875
0 0.184375 0.1375 0.23828125 0.23828125
0 0.8265625 0.11796875 0.10546875 0.115625
0 0.715625 0.15703125 0.07421875 0.071875
0 0.425 0.89453125 0.06875 0.2109375
0 0.0828125 0.921875 0.165625 0.15625
0 0.046875 0.71015625 0.09375 0.1484375
0 0.39921875 0.5875 0.06484375 0.084375
0 0.19453125 0.5609375 0.071875 0.0796875
0 0.115625 0.3859375 0.071875 0.034375
0 0.915625 0.4515625 0.16875 0.165625
0 0.76953125 0.39140625 0.1234375 0.0453125
0 0.64453125 0.4421875 0.1640625 0.146875
0 0.865625 0.6609375 0.071875 0.0765625