0 0.26640625 0.2078125 0.35546875 0.31953125
0 0.60390625 0.0546875 0.0515625 0.10625
0 0.62734375 0.1734375 0.0046875 0.09375
0 0.615625 0.38203125 0.028125 0.0953125
0 0.653125 0.3859375 0.046875 0.0875
0 0.75859375 0.28828125 0.18515625 0.17578125
0 0.6828125 0.1328125 0.10625 0.146875
0 0.86171875 0.40625 0.0765625 0.046875
0 0.975 0.33203125 0.05 0.1078125
0 0.17265625 0.975 0.0828125 0.05
0 0.14296875 0.8984375 0.07421875 0.071875
0 0.03671875 0.85546875 0.0734375 0.1328125
0 0.371875 0.5015625 0.28125 0.14375
0 0.53359375 0.53125 0.10078125 0.1078125
0 0.4734375 0.565625 0.103125 0.10546875
0 0.4703125 0.76015625 0.0890625 0.0890625
0 0.5375 0.83828125 0.184375 0.2046875
0 0.4359375 0.928125 0.1375 0.14375
0 0.58359375 0.9546875 0.0921875 0.090625
0 0.5984375 0.5140625 0.0625 0.0875
0 0.1265625 0.4828125 0.125 0.10625
0 0.9296875 0.56796875 0.140625 0.2015625
0 0.640625 0.62109375 0.021875 0.0796875
0 0.78671875 0.6875 0.1703125 0.13671875
0 0.80234375 0.83671875 0.1515625 0.1609375
0 0.9625 0.96953125 0.075 0.0609375