0 0.28671875 0.09140625 0.2578125 0.1828125
0 0.11953125 0.35078125 0.071875 0.08203125
0 0.05 0.37734375 0.071875 0.0984375
0 0.02421875 0.24765625 0.0484375 0.0890625
0 0.03671875 0.1390625 0.0734375 0.08125
0 0.47734375 0.4578125 0.1703125 0.14375
0 0.7046875 0.09296875 0.06953125 0.09140625
0 0.196875 0.965625 0.13125 0.06875
0 0.359375 0.965625 0.153125 0.06875
0 0.49375 0.95625 0.121875 0.0875
0 0.55546875 0.8421875 0.0671875 0.115625
0 0.38203125 0.7015625 0.2015625 0.2015625
0 0.2421875 0.71484375 0.10078125 0.10078125
0 0.20703125 0.5921875 0.2390625 0.125
0 0.05703125 0.63125 0.1140625 0.134375
0 0.02734375 0.59765625 0.0546875 0.1359375
0 0.046875 0.55703125 0.09375 0.0546875
0 0.0265625 0.86328125 0.053125 0.1953125
0 0.97890625 0.6265625 0.0421875 0.075
0 0.90390625 0.74765625 0.1921875 0.1921875
0 0.75546875 0.8578125 0.12734375 0.11328125
0 0.7296875 0.93515625 0.1109375 0.0890625
0 0.9828125 0.97265625 0.034375 0.0546875
0 0.6546875 0.728125 0.08203125 0.09375
0 0.61875 0.77109375 0.059375 0.0640625
0 0.76328125 0.5890625 0.0796875 0.1109375
0 0.64765625 0.5390625 0.0546875 0.01875