0 0.31953125 0.33046875 0.1796875 0.3203125
0 0.34453125 0.0453125 0.1296875 0.090625
0 0.0484375 0.44296875 0.096875 0.1140625
0 0.096875 0.3390625 0.115625 0.11328125
0 0.5171875 0.14453125 0.215625 0.2671875
0 0.65703125 0.11484375 0.0890625 0.09609375
0 0.98125 0.2015625 0.0375 0.065625
0 0.9171875 0.034375 0.115625 0.06875
0 0.87734375 0.42734375 0.08203125 0.08203125
0 0.58125 0.41171875 0.0625 0.0578125
0 0.53359375 0.403125 0.03828125 0.04296875
0 0.9203125 0.2515625 0.04296875 0.0484375
0 0.7859375 0.2828125 0.05078125 0.04296875
0 0.0984375 0.715625 0.1609375 0.18515625
0 0.01953125 0.9015625 0.0390625 0.0875
0 0.125 0.97578125 0.05 0.0484375
0 0.00625 0.73203125 0.0125 0.0609375
0 0.2125 0.86484375 0.0578125 0.0796875
0 0.3875 0.83984375 0.04375 0.0734375
0 0.98671875 0.54453125 0.0265625 0.0546875
0 0.6859375 0.6953125 0.0578125 0.06015625
0 0.74453125 0.88125 0.06484375 0.06484375
0 0.571875 0.85546875 0.03828125 0.0671875