0 0.39765625 0.12421875 0.3328125 0.2484375
0 0.12265625 0.26875 0.10078125 0.10546875
0 0.05078125 0.26171875 0.1015625 0.1203125
0 0.0640625 0.12578125 0.1203125 0.1203125
0 0.13984375 0.04921875 0.1078125 0.0984375
0 0.8359375 0.25 0.328125 0.4375
0 0.74296875 0.0375 0.0796875 0.075
0 0.7390625 0.10703125 0.053125 0.0765625
0 0.6890625 0.28359375 0.08671875 0.10546875
0 0.63203125 0.375 0.0984375 0.1203125
0 0.64296875 0.00703125 0.0484375 0.0140625
0 0.50703125 0.56640625 0.0765625 0.053125
0 0.4953125 0.6359375 0.06015625 0.084375
0 0.3328125 0.6453125 0.14921875 0.115625
0 0.31640625 0.83203125 0.0890625 0.12265625
0 0.0953125 0.9453125 0.190625 0.109375
0 0.31171875 0.9734375 0.0859375 0.053125
0 0.32734375 0.484375 0.0546875 0.03125
0 0.1578125 0.47734375 0.1 0.0171875
0 0.78671875 0.54140625 0.0890625 0.0984375
0 0.809375 0.6328125 0.06484375 0.0578125
0 0.8875 0.76875 0.07421875 0.06484375
0 0.87890625 0.97734375 0.0734375 0.0453125
0 0.64296875 0.68671875 0.1078125 0.13203125
0 0.7265625 0.6703125 0.06015625 0.07421875
0 0.6640625 0.81171875 0.14453125 0.165625
0 0.575 0.93203125 0.0125 0.0734375
0 0.63671875 0.99296875 0.0703125 0.0140625