0 0.30859375 0.5984375 0.6171875 0.584375
0 0.30390625 0.2453125 0.0984375 0.125
0 0.2046875 0.2921875 0.1109375 0.10078125
0 0.07109375 0.03984375 0.125 0.0796875
0 0.72734375 0.13828125 0.08671875 0.0796875
0 0.83984375 0.1546875 0.07421875 0.084375
0 0.91328125 0.37109375 0.1734375 0.25
0 0.68125 0.7515625 0.1109375 0.12265625
0 0.0921875 0.85 0.0796875 0.06953125
0 0.17890625 0.96640625 0.06484375 0.0671875
0 0.415625 0.9625 0.07421875 0.07421875
0 0.6203125 0.92890625 0.0890625 0.0765625
0 0.6828125 0.875 0.0578125 0.0625
0 0.6390625 0.46484375 0.06953125 0.0796875