0 0.40078125 0.14921875 0.3765625 0.2984375
0 0.52578125 0.359375 0.0984375 0.125
0 0.10234375 0.46640625 0.08671875 0.0796875
0 0.01328125 0.45 0.0265625 0.084375
0 0.190625 0.13984375 0.06953125 0.0796875
0 0.71875 0.40703125 0.259375 0.2046875
0 0.7140625 0.1859375 0.103125 0.0890625
0 0.7765625 0.253125 0.0578125 0.0625
0 0.95546875 0.24140625 0.0890625 0.0734375
0 0.99453125 0.24375 0.0109375 0.065625
0 0.9734375 0.16796875 0.053125 0.0765625
0 0.8578125 0.06640625 0.11328125 0.11796875
0 0.90859375 0.015625 0.0671875 0.03125
0 0.6046875 0.084375 0.03125 0.071875
0 0.62265625 0.01953125 0.0671875 0.0390625
0 0.19375 0.578125 0.0625 0.0765625
0 0.2421875 0.64296875 0.06484375 0.0484375
0 0.33359375 0.8203125 0.03828125 0.04296875
0 0.2421875 0.98828125 0.0625 0.0234375
0 0.3546875 0.91328125 0.04296875 0.0453125
0 0.02890625 0.78125 0.03359375 0.0453125
0 0.47109375 0.52109375 0.0515625 0.0234375
0 0.03984375 0.9203125 0.04296875 0.0578125
0 0.51484375 0.9296875 0.03125 0.02890625
0 0.240625 0.88046875 0.03125 0.03359375
0 0.21875 0.7078125 0.03828125 0.04296875
0 0.65078125 0.61171875 0.1234375 0.1671875
0 0.80390625 0.71875 0.12265625 0.1296875
0 0.82421875 0.6359375 0.05078125 0.06484375
0 0.9734375 0.8171875 0.053125 0.0625
0 0.91796875 0.7609375 0.13203125 0.1390625
0 0.7125 0.865625 0.1078125 0.10546875
0 0.81953125 0.9484375 0.2828125 0.103125
0 0.96484375 0.97578125 0.0703125 0.0484375
0 0.6140625 0.77734375 0.05 0.0578125