0 0.6765625 0.4265625 0.584375 0.5359375
0 0.68125 0.7515625 0.09375 0.115625
0 0.7765625 0.7078125 0.103125 0.09375
0 0.90234375 0.94609375 0.11796875 0.08203125
0 0.2796875 0.8484375 0.08203125 0.071875
0 0.1734375 0.834375 0.071875 0.0765625
0 0.09609375 0.6359375 0.178125 0.228125
0 0.3234375 0.2875 0.103125 0.11328125
0 0.88125 0.196875 0.0765625 0.0625
0 0.80078125 0.08515625 0.06015625 0.06953125
0 0.57421875 0.0828125 0.071875 0.08671875
0 0.38125 0.1234375 0.084375 0.06953125
0 0.3234375 0.17421875 0.05546875 0.0578125
0 0.36328125 0.54921875 0.06484375 0.071875