0 0.23984375 0.30390625 0.4796875 0.3515625
0 0.08671875 0.16953125 0.08203125 0.0671875
0 0.17578125 0.05078125 0.06484375 0.07421875
0 0.41953125 0.0484375 0.0765625 0.09375
0 0.65703125 0.459375 0.0828125 0.040625
0 0.7125 0.36640625 0.0796875 0.07421875
0 0.934375 0.31875 0.11796875 0.11328125
0 0.83203125 0.20703125 0.0578125 0.0625
0 0.87734375 0.11796875 0.0578125 0.0578125
0 0.94375 0.13359375 0.0890625 0.0765625
0 0.51953125 0.33515625 0.0796875 0.0984375
0 0.5640625 0.28359375 0.0578125 0.0578125
0 0.653125 0.0203125 0.071875 0.040625
0 0.42421875 0.5625 0.1109375 0.146875
0 0.1015625 0.58671875 0.11328125 0.11796875
0 0.44140625 0.834375 0.05546875 0.0578125
0 0.46484375 0.94765625 0.0296875 0.0765625
0 0.71640625 0.9046875 0.2578125 0.190625
0 0.49296875 0.84765625 0.0265625 0.0765625
0 0.515625 0.7765625 0.071875 0.125
0 0.55078125 0.6734375 0.071875 0.06953125
0 0.6078125 0.72421875 0.125 0.1421875
0 0.746875 0.78671875 0.06953125 0.0671875
0 0.78203125 0.73984375 0.05546875 0.05546875
0 0.9359375 0.7515625 0.07421875 0.071875
0 0.965625 0.684375 0.05078125 0.0484375
0 0.85625 0.86953125 0.071875 0.0625
0 0.61015625 0.59296875 0.06953125 0.06953125