0 0.1125 0.334375 0.1375 0.109375
0 0.0171875 0.17734375 0.034375 0.0546875
0 0.13359375 0.065625 0.10078125 0.06953125
0 0.21640625 0.03984375 0.0453125 0.0453125
0 0.36171875 0.271875 0.0578125 0.053125
0 0.496875 0.253125 0.05078125 0.06015625
0 0.54765625 0.02578125 0.0046875 0.0484375
0 0.38984375 0.14375 0.14921875 0.134375
0 0.76953125 0.0671875 0.1296875 0.134375
0 0.92734375 0.32734375 0.1453125 0.1234375
0 0.9375 0.03203125 0.059375 0.0640625
0 0.3109375 0.853125 0.08203125 0.103125
0 0.11171875 0.97578125 0.0984375 0.0484375
0 0.53125 0.83359375 0.0375 0.0828125
0 0.52109375 0.62109375 0.0578125 0.0578125
0 0.509375 0.51953125 0.08125 0.0890625
0 0.3640625 0.54296875 0.0765625 0.053125
0 0.4203125 0.43046875 0.0890625 0.06484375
0 0.240625 0.49140625 0.06015625 0.0484375
0 0.1671875 0.584375 0.03359375 0.04296875
0 0.10703125 0.64296875 0.05078125 0.0578125
0 0.134375 0.4265625 0.0671875 0.0625
0 0.596875 0.87421875 0.09375 0.2515625
0 0.596875 0.4390625 0.09375 0.1
0 0.853125 0.48515625 0.1203125 0.115625
0 0.80234375 0.64140625 0.084375 0.08203125
0 0.64609375 0.63203125 0.1078125 0.1078125
0 0.56328125 0.67578125 0.0265625 0.0921875
0 0.63515625 0.80625 0.10546875 0.10078125
0 0.71015625 0.96796875 0.1046875 0.0640625
0 0.89453125 0.94296875 0.10546875 0.10078125
0 0.76484375 0.79921875 0.0796875 0.07421875