0 0.30859375 0.3328125 0.0484375 0.05078125
0 0.28984375 0.25234375 0.0453125 0.03125
0 0.39921875 0.25234375 0.0390625 0.0484375
0 0.3875 0.1609375 0.0625 0.0625
0 0.27421875 0.0515625 0.040625 0.03125
0 0.1015625 0.00546875 0.0375 0.0109375
0 0.775 0.39140625 0.146875 0.0765625
0 0.58359375 0.3859375 0.05546875 0.0625
0 0.525 0.41796875 0.0625 0.0234375
0 0.54375 0.23125 0.103125 0.11328125
0 0.67578125 0.178125 0.0671875 0.0578125
0 0.59921875 0.07109375 0.0796875 0.084375
0 0.46015625 0.07890625 0.0828125 0.1578125
0 0.0296875 0.80859375 0.059375 0.2640625
0 0.19765625 0.95625 0.3140625 0.0875
0 0.27734375 0.88828125 0.15625 0.15390625
0 0.31484375 0.709375 0.1109375 0.1078125
0 0.15703125 0.6296875 0.14453125 0.14453125
0 0.0734375 0.52421875 0.1203125 0.1203125
0 0.24296875 0.47734375 0.1359375 0.0953125
0 0.36484375 0.53828125 0.103125 0.103125
0 0.58671875 0.76015625 0.3359375 0.4796875
0 0.44140625 0.946875 0.0453125 0.084375
0 0.79921875 0.453125 0.1265625 0.046875
0 0.82421875 0.53828125 0.2453125 0.2171875
0 0.78046875 0.965625 0.0765625 0.06875
0 0.853125 0.915625 0.06015625 0.071875
0 0.92734375 0.79921875 0.1453125 0.3296875
0 0.55625 0.4921875 0.05078125 0.06015625
0 0.59765625 0.4515625 0.0484375 0.04375
0 0.9703125 0.6109375 0.059375 0.075
0 0.95390625 0.5359375 0.0453125 0.0671875