0 0.125 0.06640625 0.09375 0.09375
0 0.1125 0.01953125 0.103125 0.0390625
0 0.04609375 0.01796875 0.0765625 0.0359375
0 0.028125 0.0671875 0.05625 0.103125
0 0.0125 0.20234375 0.025 0.0734375
0 0.08515625 0.184375 0.09140625 0.09375
0 0.34609375 0.18671875 0.08203125 0.08203125
0 0.43515625 0.15078125 0.0484375 0.1265625
0 0.66875 0.1015625 0.13671875 0.1296875
0 0.55234375 0.04921875 0.1859375 0.0984375
0 0.8484375 0.403125 0.13203125 0.12734375
0 0.8265625 0.2734375 0.11328125 0.10546875
0 0.559375 0.096875 0.09609375 0.09609375
0 0.51171875 0.11875 0.10078125 0.1078125
0 0.3890625 0.665625 0.140625 0.134375
0 0.36796875 0.7421875 0.0890625 0.09609375
0 0.41484375 0.85625 0.084375 0.0890625
0 0.3421875 0.909375 0.0796875 0.0671875
0 0.21640625 0.95625 0.0765625 0.0875
0 0.16015625 0.85390625 0.06953125 0.0890625
0 0.165625 0.54765625 0.0890625 0.09375
0 0.92265625 0.5515625 0.1546875 0.103125
0 0.925 0.63984375 0.08671875 0.0796875
0 0.98515625 0.8453125 0.0296875 0.096875
0 0.95 0.77421875 0.09375 0.08671875
0 0.721875 0.728125 0.08671875 0.0890625
0 0.628125 0.6140625 0.14921875 0.146875
0 0.50625 0.515625 0.09375 0.03125
0 0.48203125 0.79296875 0.0453125 0.1390625
0 0.5859375 0.9 0.12734375 0.146875
0 0.71875 0.85625 0.1421875 0.1390625
0 0.8046875 0.96171875 0.06015625 0.06015625
0 0.89375 0.97265625 0.08125 0.0546875
0 0.6765625 0.98671875 0.059375 0.0265625