0 0.59296875 0.025 0.1109375 0.05
0 0.6109375 0.13515625 0.096875 0.1078125
0 0.32578125 0.0671875 0.09609375 0.09609375
0 0.19609375 0.03359375 0.1390625 0.0671875
0 0.95234375 0.09921875 0.0953125 0.1390625
0 0.88515625 0.0453125 0.1171875 0.090625
0 0.6828125 0.05859375 0.046875 0.1171875
0 0.9140625 0.33671875 0.05078125 0.04296875
0 0.725 0.3953125 0.12734375 0.1296875
0 0.66875 0.384375 0.01875 0.090625
0 0.73828125 0.2734375 0.084375 0.084375
0 0.69375 0.303125 0.06484375 0.0671875
0 0.34921875 0.78984375 0.1515625 0.14921875
0 0.321875 0.740625 0.0578125 0.06015625
0 0.47890625 0.903125 0.1421875 0.1390625
0 0.59453125 0.87109375 0.1296875 0.1453125
0 0.5296875 0.72421875 0.1703125 0.1703125
0 0.44453125 0.56484375 0.0796875 0.0515625
0 0.0828125 0.5859375 0.115625 0.09375
0 0.10625 0.73828125 0.0890625 0.0890625
0 0.11640625 0.80078125 0.0890625 0.08671875
0 0.0453125 0.8890625 0.090625 0.090625
0 0.0171875 0.83046875 0.034375 0.0546875
0 0.14375 0.9828125 0.053125 0.034375
0 0.36796875 0.94609375 0.1359375 0.1078125
0 0.21328125 0.88046875 0.18515625 0.1828125
0 0.778125 0.5703125 0.1875 0.0625
0 0.9296875 0.69140625 0.0765625 0.0625