0 0.36171875 0.27578125 0.0921875 0.0484375
0 0.33515625 0.234375 0.06953125 0.06953125
0 0.2609375 0.16796875 0.06953125 0.071875
0 0.0984375 0.0296875 0.065625 0.059375
0 0.48125 0.26640625 0.096875 0.0671875
0 0.48515625 0.125 0.0890625 0.121875
0 0.95859375 0.08515625 0.0828125 0.1078125
0 0.57265625 0.25390625 0.0859375 0.0921875
0 0.5390625 0.10859375 0.01875 0.0828125
0 0.10234375 0.353125 0.1203125 0.10625
0 0.22265625 0.55859375 0.1109375 0.1078125
0 0.98671875 0.3890625 0.0265625 0.125
0 0.90546875 0.54296875 0.0671875 0.0796875
0 0.88046875 0.43125 0.06015625 0.08203125
0 0.6765625 0.34140625 0.10625 0.0828125