0 0.49453125 0.35390625 0.0484375 0.0515625
0 0.09375 0.2984375 0.0765625 0.0796875
0 0.125 0.22890625 0.06015625 0.0578125
0 0.13046875 0.12109375 0.05546875 0.0671875
0 0.43046875 0.0703125 0.0671875 0.07421875
0 0.48515625 0.2203125 0.0671875 0.0625
0 0.50546875 0.08359375 0.0265625 0.0609375
0 0.184375 0.36484375 0.103125 0.0296875
0 0.31796875 0.29140625 0.103125 0.10546875
0 0.684375 0.11953125 0.33125 0.2390625
0 0.6734375 0.2453125 0.178125 0.17578125
0 0.715625 0.3421875 0.09375 0.075
0 0.39375 0.39140625 0.071875 0.0234375
0 0.0984375 0.46171875 0.0453125 0.0671875
0 0.184375 0.653125 0.11328125 0.0765625
0 0.07265625 0.871875 0.10546875 0.103125
0 0.359375 0.825 0.115625 0.0890625
0 0.12578125 0.97265625 0.0421875 0.0546875
0 0.03984375 0.96875 0.0796875 0.0625
0 0.4578125 0.91953125 0.040625 0.0671875
0 0.34765625 0.6984375 0.0625 0.0625
0 0.5328125 0.88203125 0.028125 0.1421875
0 0.578125 0.7078125 0.08671875 0.10078125
0 0.6921875 0.6171875 0.09375 0.11328125
0 0.7875 0.55625 0.07421875 0.071875
0 0.96875 0.66953125 0.0625 0.1171875
0 0.82421875 0.97890625 0.0796875 0.0421875
0 0.88125 0.72578125 0.08671875 0.10078125
0 0.953125 0.7703125 0.08671875 0.09140625