0 0.26875 0.02109375 0.075 0.0421875
0 0.2484375 0.15546875 0.07421875 0.071875
0 0.096875 0.21328125 0.06484375 0.0625
0 0.08359375 0.28125 0.07421875 0.06484375
0 0.40625 0.1328125 0.046875 0.04375
0 0.01953125 0.4109375 0.0390625 0.015625
0 0.759375 0.03203125 0.25625 0.0640625
0 0.7625 0.0609375 0.1625 0.121875
0 0.859375 0.134375 0.11328125 0.115625
0 0.5359375 0.01875 0.153125 0.0375
0 0.50546875 0.12734375 0.1515625 0.1515625
0 0.50546875 0.30234375 0.1515625 0.2328125
0 0.5859375 0.3765625 0.146875 0.084375
0 0.925 0.03359375 0.0875 0.0671875
0 0.9546875 0.071875 0.084375 0.084375
0 0.2171875 0.6171875 0.084375 0.0890625
0 0.1203125 0.54765625 0.11796875 0.12265625
0 0.18046875 0.940625 0.1671875 0.11875
0 0.3734375 0.92421875 0.1125 0.1296875
0 0.0375 0.596875 0.075 0.165625
0 0.234375 0.44609375 0.125 0.0546875
0 0.34140625 0.834375 0.09609375 0.09140625
0 0.1515625 0.8515625 0.08671875 0.08203125
0 0.39921875 0.74140625 0.0609375 0.0734375
0 0.2875 0.6625 0.0484375 0.05078125
0 0.2796875 0.6953125 0.03828125 0.04296875
0 0.16015625 0.721875 0.0671875 0.0625
0 0.07421875 0.68359375 0.06484375 0.06484375
0 0.05078125 0.80078125 0.053125 0.053125
0 0.39375 0.546875 0.071875 0.08125
0 0.98359375 0.99609375 0.0328125 0.0078125
0 0.9828125 0.753125 0.034375 0.059375
0 0.8578125 0.58125 0.0484375 0.0453125
0 0.92265625 0.60234375 0.053125 0.07421875
0 0.890625 0.66015625 0.0265625 0.040625
0 0.8484375 0.6859375 0.0671875 0.05546875
0 0.9265625 0.7734375 0.0359375 0.040625