0 0.803125 0.28984375 0.0671875 0.0671875
0 0.91328125 0.2921875 0.06484375 0.0578125
0 0.89921875 0.35703125 0.0453125 0.0484375
0 0.90234375 0.40859375 0.06015625 0.06015625
0 0.8484375 0.67890625 0.05546875 0.05546875
0 0.9796875 0.828125 0.040625 0.07421875
0 0.68359375 0.790625 0.05078125 0.0484375
0 0.6453125 0.81640625 0.0484375 0.0453125
0 0.71015625 0.8859375 0.103125 0.103125
0 0.64453125 0.9671875 0.0890625 0.06015625
0 0.5765625 0.97578125 0.0453125 0.03828125
0 0.4703125 0.7703125 0.06015625 0.0578125
0 0.52890625 0.80546875 0.04296875 0.0453125
0 0.48671875 0.6421875 0.06015625 0.0625
0 0.6109375 0.5921875 0.053125 0.05546875
0 0.62109375 0.5328125 0.06015625 0.0578125
0 0.5890625 0.33515625 0.06484375 0.05546875
0 0.62890625 0.28359375 0.06015625 0.0578125
0 0.5765625 0.21484375 0.084375 0.08671875
0 0.53515625 0.084375 0.06015625 0.0578125
0 0.39453125 0.0625 0.05078125 0.0484375
0 0.3453125 0.1078125 0.05546875 0.06015625
0 0.21484375 0.19453125 0.146875 0.16328125
0 0.1625 0.3125 0.0578125 0.0625
0 0.13125 0.26796875 0.03828125 0.040625
0 0.03984375 0.1078125 0.03828125 0.05546875
0 0.4484375 0.24375 0.05078125 0.05078125
0 0.484375 0.3109375 0.0484375 0.03359375
0 0.4109375 0.34765625 0.06484375 0.07421875
0 0.34375 0.353125 0.06015625 0.0671875
0 0.29921875 0.41484375 0.071875 0.0625
0 0.228125 0.50703125 0.03359375 0.0359375
0 0.14453125 0.59375 0.0890625 0.09609375
0 0.2328125 0.703125 0.09140625 0.1109375
0 0.31484375 0.6578125 0.053125 0.0578125
0 0.3546875 0.6625 0.04296875 0.0359375
0 0.6765625 0.4078125 0.040625 0.0359375
0 0.7484375 0.33203125 0.0671875 0.05078125
0 0.73671875 0.36796875 0.0484375 0.03828125
0 0.48828125 0.8859375 0.05546875 0.0578125
0 0.41484375 0.92421875 0.04296875 0.0484375
0 0.16015625 0.91484375 0.0578125 0.03828125
0 0.1703125 0.84609375 0.040625 0.03828125
0 0.05546875 0.57421875 0.040625 0.05546875
0 0.7390625 0.12109375 0.053125 0.053125
0 0.7875 0.1890625 0.053125 0.053125
0 0.9 0.04921875 0.0484375 0.0359375