0 0.16484375 0.496875 0.0609375 0.025
0 0.15390625 0.44609375 0.06953125 0.06484375
0 0.19140625 0.21640625 0.07421875 0.0625
0 0.146875 0.15546875 0.06953125 0.06953125
0 0.2046875 0.07578125 0.09609375 0.10078125
0 0.35234375 0.109375 0.0578125 0.0578125
0 0.31171875 0.1875 0.05546875 0.040625
0 0.3953125 0.23125 0.07421875 0.08671875
0 0.47265625 0.23671875 0.06953125 0.0796875
0 0.52421875 0.3078125 0.08203125 0.07421875
0 0.090625 0.30078125 0.0484375 0.04296875
0 0.02265625 0.21171875 0.0453125 0.0578125
0 0.02421875 0.25390625 0.0484375 0.0453125
0 0.8203125 0.50078125 0.03125 0.0171875
0 0.23046875 0.8703125 0.12265625 0.13203125
0 0.08984375 0.990625 0.0828125 0.01875
0 0.47109375 0.684375 0.08203125 0.103125
0 0.015625 0.52890625 0.03125 0.0390625
0 0.87578125 0.90625 0.2453125 0.1875
0 0.6609375 0.7046875 0.184375 0.3375
0 0.871875 0.5375 0.196875 0.05625
0 0.9890625 0.77734375 0.021875 0.0765625