0 0.81484375 0.696875 0.06953125 0.06953125
0 0.92421875 0.68984375 0.0671875 0.0625
0 0.90859375 0.6265625 0.0484375 0.05078125
0 0.91015625 0.57421875 0.0625 0.0625
0 0.8453125 0.30546875 0.0578125 0.0578125
0 0.9671875 0.1515625 0.040625 0.07421875
0 0.67578125 0.19921875 0.053125 0.05078125
0 0.6359375 0.1765625 0.05078125 0.0484375
0 0.6984375 0.1046875 0.1078125 0.10546875
0 0.62890625 0.02890625 0.09140625 0.0578125
0 0.5609375 0.01953125 0.0484375 0.03828125
0 0.46015625 0.2296875 0.0625 0.06015625
0 0.51796875 0.1921875 0.0453125 0.0484375
0 0.4828125 0.35703125 0.0625 0.06484375
0 0.609375 0.4015625 0.05546875 0.05546875
0 0.62265625 0.46171875 0.0625 0.06015625
0 0.5984375 0.66015625 0.0671875 0.0578125
0 0.6390625 0.71015625 0.0625 0.06015625
0 0.59140625 0.78125 0.0890625 0.09140625
0 0.553125 0.91484375 0.0625 0.06015625
0 0.41328125 0.94140625 0.053125 0.05078125
0 0.36171875 0.896875 0.0578125 0.0625
0 0.228125 0.81640625 0.15390625 0.16796875
0 0.1703125 0.70078125 0.0625 0.06484375
0 0.140625 0.7453125 0.040625 0.04296875
0 0.05546875 0.91015625 0.040625 0.05546875
0 0.46171875 0.75703125 0.053125 0.053125
0 0.49375 0.6890625 0.05078125 0.0359375
0 0.41796875 0.6546875 0.0671875 0.0765625
0 0.35078125 0.6515625 0.06484375 0.06953125
0 0.30390625 0.5921875 0.07421875 0.06484375
0 0.2296875 0.50234375 0.0359375 0.03828125
0 0.1421875 0.41953125 0.09375 0.0984375
0 0.22578125 0.30546875 0.09609375 0.115625
0 0.31015625 0.3484375 0.05546875 0.06015625
0 0.35 0.3421875 0.0453125 0.03828125
0 0.68359375 0.584375 0.04296875 0.03828125
0 0.75859375 0.6578125 0.06953125 0.053125
0 0.7453125 0.62265625 0.05078125 0.040625
0 0.475 0.11328125 0.0578125 0.06015625
0 0.4 0.078125 0.0453125 0.05078125
0 0.14453125 0.09609375 0.06015625 0.040625
0 0.1578125 0.165625 0.04296875 0.040625
0 0.053125 0.44140625 0.04296875 0.05546875
0 0.75703125 0.86796875 0.05546875 0.05546875
0 0.803125 0.79921875 0.05546875 0.05546875
0 0.921875 0.93515625 0.05078125 0.03828125