0 0.1609375 0.075 0.0765625 0.07421875
0 0.30703125 0.11328125 0.06484375 0.06484375
0 0.3265625 0.175 0.0765625 0.0671875
0 0.0171875 0.06953125 0.034375 0.0453125
0 0.4046875 0.30234375 0.05078125 0.0453125
0 0.45703125 0.32578125 0.0234375 0.0265625
0 0.71796875 0.1796875 0.1609375 0.17578125
0 0.771875 0.0265625 0.09375 0.053125
0 0.48828125 0.27734375 0.0390625 0.0640625
0 0.1140625 0.92265625 0.09140625 0.0890625
0 0.4421875 0.84453125 0.053125 0.0671875
0 0.3828125 0.61875 0.1078125 0.084375
0 0.0140625 0.675 0.028125 0.125
0 0.953125 0.94140625 0.09375 0.1171875
0 0.85 0.934375 0.125 0.1203125
0 0.64921875 0.91796875 0.1859375 0.1640625
0 0.5421875 0.875 0.146875 0.178125
0 0.61484375 0.4 0.1796875 0.121875
0 0.571875 0.55078125 0.14453125 0.146875
0 0.48359375 0.52734375 0.0296875 0.0859375
0 0.99296875 0.49921875 0.0140625 0.0671875