0 0.325 0.48359375 0.0578125 0.0625
0 0.16796875 0.1765625 0.3359375 0.353125
0 0.51328125 0.36953125 0.0671875 0.07421875
0 0.61328125 0.30234375 0.0796875 0.084375
0 0.7078125 0.06953125 0.1078125 0.1078125
0 0.75390625 0.134375 0.0796875 0.1078125
0 0.8796875 0.18203125 0.1390625 0.178125
0 0.78359375 0.3140625 0.09140625 0.084375
0 0.8609375 0.34296875 0.0765625 0.071875
0 0.78984375 0.4421875 0.0671875 0.06484375
0 0.871875 0.45390625 0.06015625 0.06015625
0 0.8984375 0.009375 0.084375 0.01875
0 0.2796875 0.896875 0.10546875 0.115625
0 0.034375 0.6578125 0.06875 0.090625
0 0.13046875 0.72109375 0.08671875 0.0796875
0 0.009375 0.74765625 0.01875 0.0671875
0 0.278125 0.62421875 0.1078125 0.1109375
0 0.4015625 0.57421875 0.05625 0.1015625
0 0.0953125 0.903125 0.08671875 0.08203125
0 0.16328125 0.865625 0.0796875 0.10078125
0 0.03828125 0.98828125 0.0671875 0.0234375
0 0.1953125 0.9875 0.053125 0.025
0 0.21953125 0.965625 0.053125 0.0671875
0 0.71484375 0.759375 0.5703125 0.48125