0 0.34140625 0.2 0.2359375 0.4
0 0.91953125 0.1859375 0.0671875 0.06484375
0 0.85859375 0.021875 0.0828125 0.04375
0 0.30625 0.63671875 0.084375 0.06484375
0 0.278125 0.43203125 0.121875 0.0640625
0 0.3890625 0.5296875 0.0453125 0.03125
0 0.63671875 0.9734375 0.1390625 0.053125
0 0.97890625 0.78359375 0.0421875 0.0765625
0 0.93828125 0.61875 0.08671875 0.08203125
0 0.8109375 0.7546875 0.0796875 0.06953125
0 0.69921875 0.88046875 0.1078125 0.10546875
0 0.53046875 0.97109375 0.0671875 0.0578125
0 0.52265625 0.846875 0.05078125 0.040625
0 0.55234375 0.665625 0.071875 0.071875
0 0.57578125 0.56015625 0.1296875 0.11796875
0 0.77109375 0.4875 0.071875 0.0671875
0 0.78359375 0.42265625 0.0578125 0.0453125
0 0.61015625 0.428125 0.0984375 0.05625
0 0.47421875 0.41875 0.0296875 0.0375
0 0.85859375 0.96484375 0.0671875 0.0703125