0 0.5984375 0.21015625 0.38203125 0.4203125
0 0.85546875 0.4046875 0.134375 0.15625
0 0.81875 0.58671875 0.10078125 0.103125
0 0.134375 0.225 0.0984375 0.10078125
0 0.9734375 0.171875 0.053125 0.06953125
0 0.24765625 0.54453125 0.115625 0.1296875
0 0.328125 0.5984375 0.08671875 0.0984375
0 0.43515625 0.91796875 0.1609375 0.16328125
0 0.0875 0.7859375 0.10546875 0.1078125
0 0.13671875 0.87109375 0.09609375 0.0765625
0 0.58203125 0.49140625 0.0796875 0.0796875
0 0.671875 0.50859375 0.0796875 0.071875
0 0.4484375 0.3890625 0.09375 0.0984375
0 0.93125 0.41953125 0.084375 0.09140625
0 0.88125 0.68359375 0.05546875 0.053125
0 0.83203125 0.7171875 0.0671875 0.071875
0 0.7609375 0.8546875 0.06953125 0.0765625
0 0.25390625 0.93125 0.08671875 0.0484375