0 0.2921875 0.696875 0.41796875 0.4375
0 0.58671875 0.78984375 0.1421875 0.146875
0 0.7078125 0.67421875 0.10078125 0.103125
0 0.084375 0.3140625 0.0984375 0.0984375
0 0.46640625 0.9890625 0.14453125 0.021875
0 0.38828125 0.25 0.1203125 0.125
0 0.47109375 0.2875 0.0890625 0.09375
0 0.77265625 0.2171875 0.16328125 0.16328125
0 0.49375 0.0328125 0.10546875 0.06484375
0 0.5859375 0.025 0.096875 0.05
0 0.515625 0.53515625 0.0796875 0.0796875
0 0.5734375 0.59765625 0.0765625 0.07421875
0 0.36875 0.4796875 0.09609375 0.09609375
0 0.64765625 0.99296875 0.05078125 0.0140625
0 0.6359375 0.8421875 0.08671875 0.0890625
0 0.8140625 0.678125 0.05546875 0.05546875
0 0.81484375 0.62265625 0.0671875 0.06953125
0 0.884375 0.50234375 0.071875 0.07421875
0 0.69921875 0.05859375 0.09140625 0.08671875