0 0.05625 0.16171875 0.1125 0.3234375
0 0.19921875 0.0421875 0.1421875 0.084375
0 0.3 0.125 0.059375 0.103125
0 0.1296875 0.26640625 0.0796875 0.0796875
0 0.1875 0.20390625 0.0765625 0.07421875
0 0.01484375 0.31171875 0.0296875 0.0765625
0 0.81640625 0.128125 0.2859375 0.25625
0 0.36015625 0.20859375 0.0609375 0.1703125
0 0.49765625 0.3140625 0.1015625 0.071875
0 0.534375 0.20625 0.0890625 0.0984375
0 0.05546875 0.96640625 0.05078125 0.0578125
0 0.2328125 0.85703125 0.08203125 0.0671875
0 0.03828125 0.5828125 0.0765625 0.065625
0 0.31953125 0.43671875 0.0203125 0.0515625
0 0.30625 0.3671875 0.046875 0.034375
0 0.2625 0.6515625 0.06015625 0.0625
0 0.1109375 0.73828125 0.06015625 0.0671875
0 0.52265625 0.4578125 0.1390625 0.1390625
0 0.415625 0.4296875 0.1078125 0.1203125
0 0.74453125 0.35859375 0.0640625 0.0171875
0 0.71015625 0.453125 0.0578125 0.06015625
0 0.65390625 0.503125 0.07421875 0.07421875
0 0.684375 0.54921875 0.146875 0.15390625
0 0.52421875 0.7171875 0.084375 0.0796875
0 0.5109375 0.6125 0.09140625 0.10078125
0 0.415625 0.5625 0.08671875 0.08203125
0 0.39140625 0.81015625 0.1234375 0.1390625
0 0.3765625 0.9515625 0.09375 0.096875
0 0.571875 0.8859375 0.084375 0.0890625
0 0.78984375 0.875 0.11328125 0.103125
0 0.790625 0.8046875 0.06015625 0.06015625
0 0.8765625 0.9546875 0.115625 0.090625
0 0.60625 0.64375 0.0796875 0.0796875
0 0.38984375 0.6640625 0.1078125 0.10078125
0 0.4484375 0.70390625 0.0765625 0.084375
0 0.33515625 0.41953125 0.0109375 0.0484375
0 0.35546875 0.553125 0.0515625 0.065625
0 0.5734375 0.79453125 0.0578125 0.053125
0 0.5640625 0.76171875 0.06953125 0.06953125
0 0.65546875 0.85078125 0.053125 0.05078125
0 0.85859375 0.7546875 0.08671875 0.09609375
0 0.83203125 0.44296875 0.071875 0.08671875
0 0.765625 0.478125 0.05078125 0.0578125