0 0.39453125 0.03828125 0.1703125 0.0765625
0 0.60546875 0.0125 0.0421875 0.025
0 0.56328125 0.10078125 0.05078125 0.0453125
0 0.3625 0.52890625 0.06953125 0.08203125
0 0.42890625 0.5453125 0.05546875 0.0671875
0 0.39609375 0.421875 0.071875 0.09140625
0 0.5828125 0.4140625 0.1828125 0.16796875
0 0.178125 0.36640625 0.35625 0.4859375
0 0.7234375 0.04375 0.071875 0.0875
0 0.73359375 0.48203125 0.0515625 0.1484375
0 0.6078125 0.55 0.0890625 0.0765625
0 0.71875 0.57890625 0.0625 0.0609375
0 0.47734375 0.58125 0.0859375 0.05625
0 0.90859375 0.31015625 0.1828125 0.4640625
0 0.77265625 0.30625 0.0265625 0.11875
0 0.0515625 0.95859375 0.08125 0.0828125
0 0.25 0.80546875 0.071875 0.0765625
0 0.50390625 0.85078125 0.06953125 0.08203125
0 0.52109375 0.96171875 0.0796875 0.0765625
0 0.678125 0.94453125 0.0796875 0.084375
0 0.596875 0.63515625 0.1 0.0515625
0 0.7140625 0.71953125 0.090625 0.2203125
0 0.38203125 0.625 0.0703125 0.03125
0 0.109375 0.83203125 0.06953125 0.0671875
0 0.1234375 0.74921875 0.246875 0.2796875
0 0.24453125 0.94921875 0.3203125 0.1015625
0 0.83359375 0.87890625 0.09140625 0.0890625
0 0.97421875 0.83515625 0.0515625 0.0890625
0 0.97890625 0.72265625 0.0421875 0.1203125
0 0.9765625 0.63125 0.046875 0.04375
0 0.8015625 0.62421875 0.084375 0.0296875
0 0.959375 0.97890625 0.08125 0.0421875