0 0.48359375 0.26328125 0.115625 0.09140625
0 0.46328125 0.375 0.103125 0.09140625
0 0.2265625 0.39921875 0.384375 0.2203125
0 0.9671875 0.196875 0.065625 0.084375
0 0.771875 0.43671875 0.05078125 0.05546875
0 0.89296875 0.4359375 0.05546875 0.06484375
0 0.75390625 0.21328125 0.040625 0.040625
0 0.834375 0.1015625 0.053125 0.06015625
0 0.95625 0.0234375 0.071875 0.046875
0 0.859375 0.021875 0.053125 0.04375
0 0.81015625 0.0328125 0.05078125 0.053125
0 0.75390625 0.0125 0.0328125 0.025
0 0.66953125 0.1609375 0.03125 0.0359375
0 0.7671875 0.3734375 0.06015625 0.0484375
0 0.72578125 0.3 0.0359375 0.03359375
0 0.5421875 0.57734375 0.115625 0.1359375
0 0.45859375 0.528125 0.1140625 0.0375
0 0.30546875 0.58046875 0.05546875 0.05546875
0 0.4375 0.60703125 0.0765625 0.0765625
0 0.49765625 0.6578125 0.1734375 0.1734375
0 0.48828125 0.68671875 0.071875 0.071875
0 0.51015625 0.7703125 0.0984375 0.0984375
0 0.56796875 0.78671875 0.0640625 0.0765625
0 0.5265625 0.98828125 0.071875 0.0234375
0 0.55703125 0.94765625 0.0859375 0.0953125
0 0.49453125 0.92578125 0.05078125 0.053125
0 0.44140625 0.93671875 0.09375 0.09140625
0 0.4375 0.81015625 0.06015625 0.06015625
0 0.7921875 0.93515625 0.290625 0.1296875
0 0.9203125 0.62421875 0.159375 0.2296875
0 0.79140625 0.6140625 0.3171875 0.209375
0 0.65078125 0.98125 0.1015625 0.0375
0 0.65703125 0.84765625 0.09375 0.09140625
0 0.684375 0.790625 0.08203125 0.084375
0 0.7390625 0.83984375 0.0765625 0.084375