0 0.3140625 0.01875 0.075 0.0375
0 0.20390625 0.1015625 0.09375 0.053125
0 0.2296875 0.20703125 0.0796875 0.0578125
0 0.103125 0.378125 0.20625 0.2375
0 0.521875 0.3046875 0.05625 0.071875
0 0.48671875 0.4984375 0.0453125 0.021875
0 0.84296875 0.471875 0.1734375 0.075
0 0.8203125 0.38125 0.06953125 0.08203125
0 0.65 0.1625 0.09609375 0.084375
0 0.565625 0.425 0.03125 0.0875
0 0.97421875 0.22890625 0.0515625 0.0453125
0 0.98984375 0.26640625 0.0203125 0.0484375
0 0.65546875 0.01171875 0.0515625 0.0234375
0 0.603125 0.14375 0.0359375 0.02890625
0 0.671875 0.490625 0.03125 0.0359375
0 0.63828125 0.40546875 0.02890625 0.03125
0 0.0375 0.95078125 0.075 0.0984375
0 0.053125 0.8734375 0.0765625 0.06953125
0 0.20703125 0.93359375 0.1203125 0.13203125
0 0.30078125 0.83046875 0.125 0.125
0 0.43828125 0.88203125 0.2234375 0.2359375
0 0.48828125 0.71484375 0.1109375 0.11796875
0 0.246875 0.584375 0.0625 0.10546875
0 0.659375 0.909375 0.14453125 0.1515625
0 0.83359375 0.96875 0.0984375 0.0625
0 0.76875 0.73984375 0.1203125 0.12265625