0 0.10625 0.1125 0.0625 0.0453125
0 0.09296875 0.021875 0.0921875 0.04375
0 0.08359375 0.4328125 0.0703125 0.034375
0 0.12734375 0.25078125 0.0453125 0.0359375
0 0.96796875 0.01796875 0.0640625 0.0359375
0 0.94921875 0.0734375 0.0984375 0.09140625
0 0.9671875 0.253125 0.065625 0.2
0 0.8328125 0.3984375 0.09375 0.0890625
0 0.71484375 0.40546875 0.1609375 0.0890625
0 0.69296875 0.3390625 0.0671875 0.071875
0 0.55625 0.37265625 0.13203125 0.1421875
0 0.60859375 0.22265625 0.09609375 0.09609375
0 0.6796875 0.1875 0.07421875 0.06953125
0 0.3421875 0.265625 0.046875 0.09375
0 0.3765625 0.315625 0.06015625 0.0625
0 0.5390625 0.01875 0.071875 0.0375
0 0.05546875 0.6328125 0.1109375 0.271875
0 0.0140625 0.88828125 0.028125 0.0890625
0 0.0390625 0.821875 0.0578125 0.0625
0 0.21875 0.8328125 0.0890625 0.07421875
0 0.278125 0.83046875 0.05078125 0.06484375
0 0.240625 0.90703125 0.0625 0.0765625
0 0.19140625 0.5375 0.0765625 0.0625
0 0.11953125 0.97421875 0.1140625 0.0515625
0 0.403125 0.5140625 0.16875 0.128125
0 0.71640625 0.803125 0.32421875 0.32421875
0 0.72421875 0.96953125 0.1921875 0.0609375
0 0.340625 0.76171875 0.04375 0.1359375
0 0.7828125 0.56953125 0.1703125 0.1703125
0 0.91875 0.66171875 0.1625 0.2734375
0 0.4578125 0.97578125 0.09375 0.0484375