0 0.17890625 0.428125 0.05078125 0.0484375
0 0.11875 0.5359375 0.07421875 0.0765625
0 0.3875 0.59375 0.090625 0.05
0 0.5328125 0.1015625 0.14453125 0.14453125
0 0.90546875 0.05703125 0.06484375 0.06953125
0 0.78515625 0.16640625 0.0765625 0.0765625
0 0.83671875 0.30546875 0.12734375 0.125
0 0.48671875 0.33828125 0.0796875 0.0796875
0 0.553125 0.3390625 0.06953125 0.071875
0 0.934375 0.5890625 0.071875 0.059375
0 0.990625 0.58046875 0.01875 0.0765625
0 0.15078125 0.825 0.134375 0.115625
0 0.58984375 0.728125 0.0765625 0.0984375