0 0.49296875 0.0890625 0.22578125 0.178125
0 0.28828125 0.39921875 0.1421875 0.14453125
0 0.43046875 0.32578125 0.0671875 0.071875
0 0.72109375 0.09609375 0.0484375 0.05078125
0 0.4859375 0.478125 0.09375 0.09609375
0 0.42421875 0.6296875 0.08671875 0.09609375
0 0.40390625 0.50625 0.10078125 0.11796875
0 0.23046875 0.73046875 0.11796875 0.1109375
0 0.25 0.915625 0.08671875 0.08671875
0 0.73046875 0.3734375 0.09140625 0.10078125
0 0.6421875 0.71484375 0.09375 0.084375
0 0.6625 0.509375 0.16796875 0.1921875
0 0.90234375 0.4203125 0.084375 0.09375
0 0.88671875 0.5625 0.09609375 0.11328125
0 0.96640625 0.47265625 0.0671875 0.07421875
0 0.984375 0.49296875 0.03125 0.1421875
0 0.97578125 0.68984375 0.0484375 0.06953125
0 0.98515625 0.6140625 0.0296875 0.053125
0 0.5453125 0.93984375 0.08671875 0.09140625
0 0.4625 0.8328125 0.06953125 0.07421875
0 0.85 0.1703125 0.11796875 0.12265625
0 0.81171875 0.02734375 0.0765625 0.0546875