0 0.05703125 0.6421875 0.1140625 0.09375
0 0.23046875 0.6703125 0.0484375 0.0375
0 0.02109375 0.29453125 0.0421875 0.0953125
0 0.23984375 0.4 0.09140625 0.10078125
0 0.1515625 0.05859375 0.09375 0.084375
0 0.171875 0.2640625 0.16796875 0.1921875
0 0.41171875 0.353125 0.084375 0.09375
0 0.39609375 0.2109375 0.09609375 0.11328125
0 0.465625 0.3 0.046875 0.075
0 0.48359375 0.28046875 0.0109375 0.1421875
0 0.475 0.0828125 0.028125 0.06875
0 0.484375 0.159375 0.009375 0.053125
0 0.359375 0.603125 0.11796875 0.12265625
0 0.659375 0.6640625 0.146875 0.05
0 0.80078125 0.60390625 0.125 0.10546875
0 0.5859375 0.5046875 0.1203125 0.1078125
0 0.73828125 0.13046875 0.071875 0.05546875
0 0.8453125 0.378125 0.1078125 0.0984375
0 0.8234375 0.48125 0.06953125 0.0671875
0 0.0578125 0.965625 0.071875 0.06875
0 0.30546875 0.86875 0.0796875 0.0671875
0 0.97265625 0.86015625 0.0546875 0.2734375
0 0.9828125 0.72265625 0.034375 0.0671875
0 0.7703125 0.73125 0.103125 0.084375
0 0.7453125 0.9515625 0.125 0.096875
0 0.8015625 0.925 0.09140625 0.09609375
0 0.65703125 0.846875 0.0890625 0.0890625
0 0.97109375 0.94296875 0.0578125 0.0796875