0 0.59375 0.01640625 0.03125 0.0328125
0 0.4015625 0.04375 0.0484375 0.03828125
0 0.375 0.09921875 0.0359375 0.03359375
0 0.28984375 0.02578125 0.07421875 0.05078125
0 0.18125 0.05234375 0.06015625 0.04296875
0 0.19375 0.0859375 0.053125 0.0265625
0 0.23125 0.1171875 0.053125 0.04296875
0 0.2984375 0.11484375 0.03125 0.03359375
0 0.571875 0.06171875 0.02890625 0.0359375
0 0.59453125 0.09140625 0.0296875 0.0390625
0 0.4703125 0.2421875 0.071875 0.08203125
0 0.3328125 0.209375 0.02890625 0.0453125
0 0.29375 0.225 0.05078125 0.05546875
0 0.27734375 0.32109375 0.0546875 0.0171875
0 0.52578125 0.6 0.1671875 0.28125
0 0.44140625 0.55546875 0.0671875 0.0765625
0 0.5203125 0.4046875 0.178125 0.15
0 0.13515625 0.3828125 0.09375 0.09609375
0 0.32265625 0.59296875 0.18984375 0.22578125
0 0.0859375 0.68515625 0.0890625 0.10078125
0 0.24765625 0.96328125 0.09140625 0.06484375
0 0.1609375 0.96953125 0.08125 0.0609375
0 0.0703125 0.9140625 0.0625 0.0484375
0 0.5609375 0.9890625 0.096875 0.021875
0 0.61875 0.5625 0.01875 0.071875
0 0.7078125 0.96484375 0.09375 0.0703125
0 0.840625 0.92265625 0.06953125 0.06953125
0 0.91640625 0.84375 0.10078125 0.084375
0 0.86875 0.54921875 0.0578125 0.053125
0 0.828125 0.34453125 0.05625 0.0296875
0 0.6625 0.471875 0.0578125 0.0578125
0 0.6203125 0.88203125 0.021875 0.0578125
0 0.77109375 0.96484375 0.0453125 0.053125