0 0.33046875 0.125 0.05546875 0.05078125
0 0.24765625 0.1046875 0.0625 0.053125
0 0.0921875 0.10546875 0.0578125 0.0578125
0 0.12734375 0.175 0.0453125 0.0484375
0 0.18984375 0.1546875 0.103125 0.10546875
0 0.28125 0.18515625 0.07421875 0.071875
0 0.515625 0.22421875 0.028125 0.0421875
0 0.30234375 0.02109375 0.0796875 0.0421875
0 0.45390625 0.2765625 0.05078125 0.04296875
0 0.4625 0.32890625 0.03828125 0.0359375
0 0.3015625 0.24609375 0.03359375 0.0359375
0 0.265625 0.26171875 0.053125 0.04296875
0 0.2375 0.3 0.03359375 0.03359375
0 0.1671875 0.2640625 0.0484375 0.040625
0 0.0453125 0.1828125 0.0453125 0.0484375
0 0.025 0.27734375 0.0453125 0.05078125
0 0.08515625 0.296875 0.03828125 0.0484375
0 0.12265625 0.31484375 0.0359375 0.03359375
0 0.12734375 0.34140625 0.0453125 0.0171875
0 0.19609375 0.31171875 0.1171875 0.0765625
0 0.89921875 0.1484375 0.2015625 0.253125
0 0.73984375 0.2609375 0.0984375 0.10078125
0 0.653125 0.24140625 0.084375 0.08203125
0 0.69453125 0.07265625 0.1421875 0.1453125
0 0.58203125 0.07734375 0.1046875 0.1546875
0 0.546875 0.24765625 0.034375 0.0984375
0 0.34921875 0.67734375 0.09375 0.08671875
0 0.37109375 0.94921875 0.0984375 0.1015625
0 0.4953125 0.90234375 0.06875 0.0640625
0 0.94140625 0.83203125 0.1171875 0.2390625
0 0.7703125 0.46953125 0.321875 0.2390625
0 0.971875 0.62421875 0.05625 0.1109375
0 0.85 0.6078125 0.071875 0.0796875
0 0.82734375 0.753125 0.0890625 0.09609375
0 0.6734375 0.859375 0.09140625 0.09609375