0 0.07890625 0.02578125 0.03359375 0.040625
0 0.13359375 0.01640625 0.0828125 0.0328125
0 0.22890625 0.0109375 0.0609375 0.021875
0 0.4203125 0.034375 0.04296875 0.03359375
0 0.44296875 0.0828125 0.03359375 0.02890625
0 0.26640625 0.04609375 0.0265625 0.03125
0 0.23515625 0.071875 0.0453125 0.03359375
0 0.21953125 0.11640625 0.02890625 0.0265625
0 0.14140625 0.10078125 0.040625 0.03125
0 0.01015625 0.05390625 0.0203125 0.0390625
0 0.01328125 0.1515625 0.0265625 0.040625
0 0.071875 0.153125 0.02890625 0.040625
0 0.1125 0.16171875 0.03125 0.0265625
0 0.1296875 0.2015625 0.03359375 0.040625
0 0.18984375 0.16171875 0.09375 0.10078125
0 0.3546875 0.2015625 0.0625 0.0671875
0 0.26875 0.3 0.053125 0.05078125
0 0.1796875 0.33515625 0.06015625 0.03828125
0 0.3125 0.48125 0.10078125 0.11796875
0 0.47265625 0.17578125 0.0140625 0.0390625
0 0.03359375 0.34296875 0.0453125 0.05546875
0 0.46640625 0.5734375 0.0265625 0.03125
0 0.59453125 0.55625 0.09609375 0.0765625
0 0.52109375 0.56953125 0.06015625 0.0671875
0 0.98046875 0.5171875 0.0390625 0.0625
0 0.8984375 0.23046875 0.0625 0.0625
0 0.9765625 0.07265625 0.046875 0.0953125
0 0.55390625 0.0921875 0.07421875 0.0796875
0 0.5046875 0.18515625 0.04296875 0.040625
0 0.98046875 0.3703125 0.0390625 0.0625
0 0.80390625 0.1765625 0.08203125 0.0765625
0 0.83359375 0.0265625 0.04296875 0.0453125
0 0.60390625 0.00859375 0.0578125 0.0171875
0 0.18828125 0.6890625 0.2109375 0.159375
0 0.08046875 0.93671875 0.1609375 0.1265625
0 0.41171875 0.7328125 0.0484375 0.053125
0 0.4609375 0.9078125 0.0375 0.040625
0 0.04375 0.7765625 0.0765625 0.06015625
0 0.37265625 0.984375 0.0578125 0.03125
0 0.30703125 0.9265625 0.0578125 0.05546875
0 0.515625 0.75234375 0.071875 0.1109375
0 0.62890625 0.69453125 0.115625 0.125
0 0.73359375 0.66015625 0.08671875 0.08203125
0 0.91796875 0.81015625 0.14453125 0.134375
0 0.98515625 0.91640625 0.0296875 0.1359375
0 0.790625 0.83515625 0.10546875 0.1109375
0 0.8515625 0.890625 0.103125 0.10078125