0 0.04921875 0.1 0.0453125 0.04296875
0 0.04921875 0.14453125 0.05078125 0.040625
0 0.09609375 0.1765625 0.0765625 0.084375
0 0.7234375 0.0015625 0.09375 0.00234375
0 0.92421875 0.1421875 0.053125 0.10078125
0 0.328125 0.0328125 0.05078125 0.02890625
0 0.671875 0.03359375 0.0484375 0.040625
0 0.28984375 0.09609375 0.03828125 0.0359375
0 0.31875 0.1140625 0.0265625 0.0265625
0 0.54921875 0.1703125 0.053125 0.0453125
0 0.634375 0.15859375 0.0578125 0.05078125
0 0.78828125 0.1734375 0.053125 0.05546875
0 0.74609375 0.2390625 0.040625 0.0484375
0 0.6859375 0.2140625 0.09609375 0.10078125
0 0.5921875 0.234375 0.06953125 0.06953125
0 0.24140625 0.19375 0.04296875 0.05078125
0 0.34375 0.2515625 0.0484375 0.040625
0 0.5875 0.05625 0.07421875 0.0625
0 0.4125 0.30859375 0.0484375 0.040625
0 0.39765625 0.3609375 0.0359375 0.03359375
0 0.31015625 0.31484375 0.07421875 0.053125
0 0.21875 0.35703125 0.06015625 0.04296875
0 0.2359375 0.38203125 0.05078125 0.02890625
0 0.27421875 0.40234375 0.053125 0.04296875
0 0.3328125 0.38828125 0.03359375 0.03359375
0 0.17578125 0.27265625 0.0359375 0.03828125
0 0.56640625 0.29296875 0.03125 0.03359375
0 0.60234375 0.3125 0.05078125 0.040625
0 0.625 0.353125 0.03359375 0.03125
0 0.6984375 0.32421875 0.0453125 0.03828125
0 0.8265625 0.2546875 0.04296875 0.0453125
0 0.8390625 0.35078125 0.04296875 0.0484375
0 0.7765625 0.3640625 0.0359375 0.0453125
0 0.7390625 0.37890625 0.03359375 0.03125
0 0.728125 0.421875 0.040625 0.0484375
0 0.6625 0.39296875 0.1109375 0.115625
0 0.50703125 0.4625 0.07421875 0.0765625
0 0.609375 0.54296875 0.06015625 0.0578125
0 0.703125 0.5625 0.0671875 0.05078125
0 0.6 0.7296875 0.1203125 0.134375
0 0.3796875 0.46015625 0.03359375 0.04296875
0 0.3484375 0.48046875 0.05078125 0.053125
0 0.353125 0.5765625 0.0578125 0.05078125
0 0.97734375 0.4078125 0.02421875 0.0359375
0 0.85 0.54296875 0.05546875 0.0625
0 0.46015625 0.85 0.040625 0.0359375
0 0.60546875 0.9703125 0.04296875 0.03828125