0 0.19140625 0.8234375 0.10546875 0.1078125
0 0.1296875 0.803125 0.05078125 0.053125
0 0.0328125 0.6109375 0.06484375 0.0671875
0 0.18125 0.3109375 0.3125 0.3265625
0 0.08515625 0.4390625 0.09375 0.09609375
0 0.18515625 0.44453125 0.06953125 0.06953125
0 0.25703125 0.40390625 0.08671875 0.0890625
0 0.27265625 0.30625 0.071875 0.07421875
0 0.2234375 0.18359375 0.0578125 0.0578125
0 0.234375 0.13671875 0.05546875 0.053125
0 0.271875 0.165625 0.08203125 0.08671875
0 0.290625 0.0890625 0.103125 0.10078125
0 0.37265625 0.08671875 0.0796875 0.0765625
0 0.33515625 0.00625 0.071875 0.01171875
0 0.43359375 0.00390625 0.08203125 0.00703125
0 0.53984375 0.08984375 0.2203125 0.1796875
0 0.525 0.17578125 0.0890625 0.09609375
0 0.39765625 0.2296875 0.09375 0.10078125
0 0.38671875 0.32421875 0.053125 0.053125
0 0.39765625 0.40390625 0.11328125 0.12265625
0 0.4625 0.36328125 0.07421875 0.08203125
0 0.51953125 0.41015625 0.13203125 0.1390625
0 0.5640625 0.4578125 0.0890625 0.09140625
0 0.63671875 0.484375 0.0796875 0.08203125
0 0.2234375 0.6828125 0.06953125 0.071875
0 0.209375 0.6296875 0.0765625 0.08203125
0 0.2609375 0.74609375 0.0765625 0.08203125
0 0.2984375 0.75625 0.071875 0.0796875
0 0.37109375 0.74375 0.0890625 0.09140625
0 0.31015625 0.88828125 0.0765625 0.0796875
0 0.54296875 0.9578125 0.084375 0.084375
0 0.48359375 0.909375 0.2234375 0.18125
0 0.6890625 0.90234375 0.11328125 0.11796875
0 0.71640625 0.978125 0.146875 0.04296875
0 0.7546875 0.80859375 0.2015625 0.2015625
0 0.6109375 0.8640625 0.06953125 0.06953125
0 0.49609375 0.7046875 0.05078125 0.053125
0 0.4484375 0.67421875 0.0578125 0.06015625
0 0.4734375 0.62890625 0.06484375 0.06484375
0 0.52265625 0.69140625 0.06953125 0.071875
0 0.5421875 0.634375 0.0578125 0.06015625
0 0.69921875 0.65 0.06484375 0.06484375
0 0.834375 0.68984375 0.08203125 0.084375
0 0.921875 0.6546875 0.14453125 0.14921875
0 0.86640625 0.5765625 0.07421875 0.0765625
0 0.9578125 0.5515625 0.084375 0.12265625
0 0.7296875 0.5328125 0.0625 0.06484375
0 0.86171875 0.3859375 0.0671875 0.06953125
0 0.92421875 0.35 0.0671875 0.0671875
0 0.85703125 0.2078125 0.11796875 0.12265625
0 0.6921875 0.27734375 0.40390625 0.43046875
0 0.94609375 0.32109375 0.1078125 0.25
0 0.38828125 0.5828125 0.06015625 0.06015625