0 0.3890625 0.1390625 0.2 0.271875
0 0.33203125 0.021875 0.0546875 0.04375
0 0.28515625 0.0921875 0.0671875 0.071875
0 0.321875 0.190625 0.05546875 0.06015625
0 0.4390625 0.278125 0.0453125 0.0453125
0 0.4546875 0.32890625 0.0453125 0.03828125
0 0.4015625 0.321875 0.0625 0.071875
0 0.42578125 0.403125 0.08671875 0.0765625
0 0.34765625 0.44765625 0.06484375 0.06015625
0 0.44453125 0.52578125 0.0578125 0.0484375
0 0.19140625 0.50703125 0.1828125 0.0859375
0 0.15 0.44453125 0.06484375 0.08203125
0 0.24375 0.32890625 0.0671875 0.08671875
0 0.2015625 0.23515625 0.04296875 0.040625
0 0.14921875 0.16640625 0.08203125 0.103125
0 0.1078125 0.2390625 0.053125 0.071875
0 0.0375 0.2234375 0.075 0.11875
0 0.04140625 0.40234375 0.0828125 0.2953125
0 0.05859375 0.009375 0.0484375 0.01875
0 0.52578125 0.51015625 0.0734375 0.0796875
0 0.5609375 0.5296875 0.059375 0.040625
0 0.63125 0.53359375 0.096875 0.0328125
0 0.53828125 0.2203125 0.0890625 0.0890625
0 0.85859375 0.43671875 0.0984375 0.09609375
0 0.72890625 0.52265625 0.0796875 0.0546875
0 0.50546875 0.3421875 0.0328125 0.0625
0 0.25625 0.5828125 0.071875 0.06015625
0 0.35546875 0.67890625 0.09375 0.0796875
0 0.4046875 0.753125 0.06015625 0.07421875
0 0.48046875 0.78515625 0.0171875 0.0796875
0 0.3546875 0.88515625 0.07421875 0.0671875
0 0.02734375 0.559375 0.0546875 0.01875
0 0.98828125 0.9078125 0.0234375 0.1
0 0.9515625 0.92421875 0.0671875 0.08203125
0 0.8640625 0.88359375 0.06015625 0.06015625
0 0.76640625 0.79296875 0.09375 0.103125
0 0.75546875 0.63828125 0.0765625 0.05078125
0 0.79765625 0.9359375 0.08203125 0.06484375
0 0.521875 0.69921875 0.065625 0.0671875