0 0.5359375 0.09140625 0.046875 0.0640625
0 0.53046875 0.296875 0.0578125 0.09375
0 0.44296875 0.3265625 0.0625 0.0671875
0 0.3328125 0.0890625 0.0625 0.06953125
0 0.3625 0.1390625 0.0671875 0.0796875
0 0.27578125 0.03671875 0.0671875 0.0734375
0 0.23515625 0.0390625 0.0578125 0.078125
0 0.16796875 0.0765625 0.0796875 0.0890625
0 0.0546875 0.165625 0.04296875 0.053125
0 0.1125 0.17890625 0.053125 0.0578125
0 0.1015625 0.23671875 0.0578125 0.06484375
0 0.0328125 0.18828125 0.0625 0.06953125
0 0.03203125 0.25546875 0.053125 0.0578125
0 0.2 0.2546875 0.053125 0.06015625
0 0.9078125 0.01328125 0.059375 0.0265625
0 0.971875 0.05859375 0.05625 0.1109375
0 0.8359375 0.10078125 0.071875 0.0765625
0 0.6765625 0.1125 0.103125 0.0890625
0 0.6140625 0.0453125 0.0578125 0.0625
0 0.57421875 0.23125 0.0296875 0.11875
0 0.80703125 0.2140625 0.07421875 0.071875
0 0.78359375 0.29296875 0.0984375 0.06953125
0 0.93671875 0.33515625 0.0484375 0.0578125
0 0.4421875 0.378125 0.1 0.01875
0 0.44765625 0.4375 0.0578125 0.053125
0 0.46953125 0.675 0.09609375 0.08671875
0 0.3625 0.6015625 0.0578125 0.07421875
0 0.31796875 0.55234375 0.06015625 0.0671875
0 0.02734375 0.37890625 0.0546875 0.0203125
0 0.12578125 0.58671875 0.06015625 0.0671875
0 0.10546875 0.6625 0.0578125 0.0625
0 0.48125 0.9828125 0.071875 0.034375
0 0.78515625 0.61328125 0.1203125 0.1078125
0 0.83203125 0.7 0.08671875 0.071875
0 0.70546875 0.990625 0.0953125 0.01875
0 0.91328125 0.978125 0.0515625 0.04375
0 0.65390625 0.9546875 0.053125 0.053125
0 0.72265625 0.92421875 0.0625 0.053125
0 0.71328125 0.86875 0.0578125 0.071875
0 0.575 0.50078125 0.03125 0.1265625
0 0.9734375 0.428125 0.053125 0.059375
0 0.88984375 0.43046875 0.040625 0.0484375
0 0.9875 0.7328125 0.025 0.04375