0 0.3171875 0.83515625 0.10546875 0.1078125
0 0.21171875 0.771875 0.12265625 0.12734375
0 0.31640625 0.6453125 0.1078125 0.10546875
0 0.1875 0.6140625 0.11328125 0.115625
0 0.3109375 0.5375 0.0890625 0.09140625
0 0.2390625 0.42890625 0.11796875 0.11796875
0 0.03359375 0.53125 0.0671875 0.08671875
0 0.09609375 0.41484375 0.08203125 0.084375
0 0.0375 0.40859375 0.0671875 0.071875
0 0.02734375 0.3625 0.0546875 0.06875
0 0.00859375 0.27890625 0.0171875 0.11328125
0 0.38125 0.96171875 0.1703125 0.0765625
0 0.50703125 0.8921875 0.08203125 0.07421875
0 0.63203125 0.96484375 0.071875 0.06953125
0 0.64453125 0.93046875 0.0671875 0.0671875