0 0.8203125 0.17421875 0.12734375 0.125
0 0.55859375 0.05625 0.1828125 0.1125
0 0.51640625 0.175 0.13203125 0.13671875
0 0.4375 0.09765625 0.175 0.1890625
0 0.38984375 0.1671875 0.0796875 0.15
0 0.39140625 0.4609375 0.0828125 0.178125
0 0.471875 0.46015625 0.10078125 0.10078125
0 0.665625 0.5125 0.134375 0.075
0 0.72890625 0.52890625 0.1390625 0.0421875
0 0.75546875 0.3109375 0.18984375 0.19453125
0 0.990625 0.38828125 0.01875 0.0765625
0 0.303125 0.8671875 0.09375 0.178125
0 0.265625 0.57109375 0.1375 0.0421875
0 0.75546875 0.571875 0.0671875 0.04375
0 0.9546875 0.66171875 0.05078125 0.0578125
0 0.88125 0.65625 0.0484375 0.0359375
0 0.84765625 0.671875 0.02890625 0.0359375
0 0.98515625 0.87421875 0.0296875 0.0484375
0 0.75625 0.684375 0.103125 0.0765625
0 0.571875 0.65 0.04296875 0.03828125
0 0.825 0.7734375 0.04296875 0.040625
0 0.76953125 0.79765625 0.040625 0.040625
0 0.884375 0.884375 0.03359375 0.0578125
0 0.95546875 0.8875 0.0265625 0.0265625
0 0.92421875 0.88515625 0.03125 0.021875
0 0.91484375 0.91171875 0.02890625 0.0265625
0 0.92109375 0.9671875 0.03125 0.02890625
0 0.8875 0.98828125 0.034375 0.0234375
0 0.83671875 0.99609375 0.0265625 0.0078125
0 0.68125 0.934375 0.03828125 0.03125