0 0.33359375 0.03828125 0.1046875 0.0765625
0 0.40390625 0.08515625 0.0515625 0.1265625
0 0.33515625 0.2125 0.1078125 0.10546875
0 0.41796875 0.24375 0.0234375 0.115625
0 0.340625 0.3203125 0.0890625 0.09140625
0 0.39140625 0.428125 0.0765625 0.11875
0 0.52421875 0.03984375 0.1109375 0.0796875
0 0.51953125 0.58515625 0.1796875 0.1296875
0 0.90859375 0.534375 0.08671875 0.1109375
0 0.83046875 0.425 0.0671875 0.06953125
0 0.78984375 0.56171875 0.0671875 0.06953125
0 0.5625 0.16015625 0.0625 0.0484375
0 0.97109375 0.35390625 0.0578125 0.0765625
0 0.334375 0.88984375 0.190625 0.2015625
0 0.37265625 0.71484375 0.1140625 0.1296875
0 0.20390625 0.68828125 0.1140625 0.0765625
0 0.1671875 0.71328125 0.134375 0.1265625
0 0.11953125 0.8796875 0.2390625 0.2375
0 0.903125 0.909375 0.09140625 0.09140625
0 0.49375 0.8859375 0.128125 0.14375
0 0.76484375 0.746875 0.4703125 0.19375
0 0.54140625 0.74140625 0.1828125 0.1828125