0 0.60625 0.3796875 0.065625 0.065625
0 0.56328125 0.2953125 0.06484375 0.0625
0 0.57109375 0.1796875 0.0890625 0.0765625
0 0.578125 0.65625 0.06953125 0.040625
0 0.95625 0.5890625 0.053125 0.053125
0 0.9921875 0.42265625 0.015625 0.0578125
0 0.86640625 0.02265625 0.0859375 0.0453125
0 0.85390625 0.4453125 0.03359375 0.0578125
0 0.91171875 0.23125 0.040625 0.071875
0 0.1625 0.703125 0.1 0.046875
0 0.02265625 0.74375 0.0453125 0.071875
0 0.103125 0.9234375 0.084375 0.0796875
0 0.4109375 0.69296875 0.05 0.0265625
0 0.5890625 0.78671875 0.08203125 0.0671875
0 0.61328125 0.98046875 0.0515625 0.0390625
0 0.4671875 0.90546875 0.06015625 0.0671875
0 0.28828125 0.81875 0.040625 0.040625
0 0.321875 0.85390625 0.04296875 0.0453125
0 0.71328125 0.70078125 0.1421875 0.0421875
0 0.96484375 0.84140625 0.0703125 0.1390625
0 0.79765625 0.8140625 0.0671875 0.06953125