0 0.3015625 0.70546875 0.1609375 0.1703125
0 0.55078125 0.7234375 0.0890625 0.103125
0 0.490625 0.9578125 0.1078125 0.084375
0 0.5578125 0.9125 0.0484375 0.053125
0 0.73828125 0.334375 0.09140625 0.0765625
0 0.234375 0.140625 0.13671875 0.1109375
0 0.1453125 0.14453125 0.0578125 0.0796875
0 0.07578125 0.13203125 0.09609375 0.09375
0 0.04921875 0.1859375 0.071875 0.084375
0 0.11328125 0.46171875 0.06484375 0.06015625
0 0.115625 0.634375 0.07421875 0.06484375
0 0.28125 0.475 0.0765625 0.0625
0 0.3796875 0.49296875 0.06953125 0.0578125
0 0.55390625 0.4578125 0.08203125 0.0625
0 0.5640625 0.05859375 0.10546875 0.09375
0 0.3859375 0.234375 0.06953125 0.06015625
0 0.8640625 0.275 0.06015625 0.05546875
0 0.85078125 0.4578125 0.06953125 0.0578125