0 0.45625 0.34375 0.08203125 0.08671875
0 0.5921875 0.03984375 0.034375 0.0484375
0 0.7 0.17265625 0.0765625 0.0578125
0 0.7359375 0.1375 0.0625 0.0578125
0 0.76875 0.1015625 0.0765625 0.0796875
0 0.72734375 0.03828125 0.084375 0.06484375
0 0.45078125 0.90390625 0.12265625 0.1203125
0 0.43984375 0.81171875 0.0796875 0.07421875
0 0.09609375 0.8765625 0.09609375 0.084375
0 0.20703125 0.85625 0.0625 0.06953125
0 0.13359375 0.5546875 0.08671875 0.0796875
0 0.41328125 0.515625 0.071875 0.053125
0 0.58828125 0.41875 0.0421875 0.01875
0 0.42578125 0.4171875 0.0359375 0.015625
0 0.7765625 0.5375 0.07421875 0.09140625
0 0.88671875 0.5890625 0.053125 0.0578125