0 0.4171875 0.03359375 0.065625 0.0671875
0 0.325 0.10390625 0.07421875 0.0671875
0 0.0515625 0.3953125 0.103125 0.109375
0 0.08828125 0.11640625 0.1765625 0.2078125
0 0.38671875 0.31640625 0.0765625 0.07421875
0 0.3328125 0.39375 0.05546875 0.0625
0 0.72109375 0.1328125 0.3390625 0.265625
0 0.5015625 0.2921875 0.0578125 0.08203125
0 0.45703125 0.32265625 0.0140625 0.0578125
0 0.6046875 0.4265625 0.146875 0.046875
0 0.96640625 0.2 0.0671875 0.1
0 0.91015625 0.2625 0.04296875 0.04296875
0 0.11328125 0.7140625 0.09140625 0.084375
0 0.05078125 0.521875 0.09375 0.09140625
0 0.1828125 0.49765625 0.103125 0.0953125
0 0.24765625 0.4609375 0.0671875 0.021875
0 0.41484375 0.76328125 0.0703125 0.0796875
0 0.46328125 0.82734375 0.0265625 0.1140625
0 0.665625 0.8328125 0.06484375 0.09140625
0 0.9609375 0.7984375 0.078125 0.084375
0 0.75859375 0.74453125 0.0484375 0.0578125