0 0.7296875 0.87890625 0.07421875 0.08203125
0 0.71484375 0.9484375 0.0453125 0.04296875
0 0.58984375 0.98046875 0.040625 0.03828125
0 0.53984375 0.875 0.03828125 0.0453125
0 0.5765625 0.85546875 0.0578125 0.05546875
0 0.65859375 0.796875 0.05546875 0.05546875
0 0.7203125 0.7546875 0.06015625 0.0484375
0 0.68359375 0.71640625 0.0578125 0.05546875
0 0.5359375 0.71640625 0.0890625 0.0984375
0 0.490625 0.96640625 0.040625 0.03828125
0 0.8734375 0.98515625 0.053125 0.0296875
0 0.984375 0.9265625 0.03125 0.05546875
0 0.93125 0.7515625 0.040625 0.05078125
0 0.85078125 0.66484375 0.03125 0.040625
0 0.8375 0.5 0.08203125 0.08203125
0 0.86328125 0.4046875 0.071875 0.06953125
0 0.8796875 0.33203125 0.0484375 0.053125
0 0.8109375 0.32421875 0.0453125 0.040625
0 0.7390625 0.21640625 0.0890625 0.1109375
0 0.6546875 0.3015625 0.084375 0.08671875
0 0.60078125 0.4625 0.146875 0.15859375
0 0.56640625 0.571875 0.084375 0.0796875
0 0.32109375 0.4890625 0.0578125 0.06484375
0 0.37734375 0.72578125 0.06953125 0.08203125
0 0.3109375 0.765625 0.0671875 0.06953125
0 0.375 0.88828125 0.0671875 0.06484375
0 0.2609375 0.93359375 0.071875 0.0671875
0 0.13671875 0.98671875 0.06953125 0.0265625
0 0.04296875 0.91484375 0.0796875 0.07421875
0 0.03828125 0.9984375 0.06015625 0.00234375
0 0.0890625 0.696875 0.06484375 0.06953125
0 0.05390625 0.634375 0.0890625 0.09609375
0 0.0890625 0.3796875 0.084375 0.09375
0 0.19140625 0.4078125 0.08203125 0.07421875
0 0.228125 0.36171875 0.05078125 0.053125
0 0.27890625 0.31875 0.05546875 0.0578125
0 0.51953125 0.22265625 0.06015625 0.053125
0 0.515625 0.18515625 0.08671875 0.08671875
0 0.584375 0.16328125 0.040625 0.03828125
0 0.69375 0.14296875 0.05546875 0.0578125
0 0.7953125 0.0625 0.0359375 0.04296875
0 0.2328125 0.13671875 0.0484375 0.05546875
0 0.33671875 0.1 0.0359375 0.04296875
0 0.37890625 0.0421875 0.040625 0.03828125
0 0.478125 0.0265625 0.0484375 0.053125
0 0.46171875 0.11875 0.0453125 0.05078125
0 0.9796875 0.6453125 0.02890625 0.0484375
0 0.9515625 0.603125 0.053125 0.053125
0 0.94453125 0.5578125 0.05078125 0.0578125
0 0.9828125 0.49609375 0.03359375 0.03828125
0 0.97734375 0.359375 0.040625 0.04296875
0 0.08671875 0.2046875 0.03359375 0.04296875