0 0.534375 0.2953125 0.109375 0.16875
0 0.4921875 0.34921875 0.115625 0.0609375
0 0.346875 0.1578125 0.084375 0.084375
0 0.24921875 0.34921875 0.1046875 0.0609375
0 0.171875 0.34453125 0.096875 0.0703125
0 0.04140625 0.165625 0.0828125 0.09375
0 0.05546875 0.096875 0.1109375 0.125
0 0.29140625 0.03359375 0.1109375 0.0671875
0 0.3484375 0.01953125 0.071875 0.0390625
0 0.41484375 0.0203125 0.0765625 0.040625
0 0.76875 0.01953125 0.084375 0.0390625
0 0.84765625 0.01875 0.0859375 0.0375
0 0.7421875 0.24609375 0.1296875 0.10078125
0 0.77265625 0.34453125 0.0765625 0.0703125
0 0.4375 0.58515625 0.103125 0.125
0 0.25703125 0.553125 0.040625 0.05546875
0 0.30390625 0.52890625 0.053125 0.06484375
0 0.0453125 0.4265625 0.06015625 0.053125
0 0.06953125 0.8609375 0.05546875 0.0453125
0 0.071875 0.7671875 0.0625 0.0765625
0 0.8046875 0.728125 0.115625 0.115625
0 0.8609375 0.6328125 0.1078125 0.1078125
0 0.834375 0.5703125 0.06015625 0.0625
0 0.9171875 0.49453125 0.10078125 0.0984375
0 0.83125 0.4625 0.09375 0.09609375
0 0.67109375 0.61015625 0.09609375 0.10078125
0 0.6484375 0.703125 0.1078125 0.1078125
0 0.65625 0.80703125 0.0984375 0.0984375
0 0.61015625 0.896875 0.0421875 0.125
0 0.6265625 0.45234375 0.075 0.0796875
0 0.64609375 0.41953125 0.0984375 0.0796875
0 0.9203125 0.40390625 0.08125 0.0484375
0 0.97421875 0.403125 0.0515625 0.046875
0 0.828125 0.89140625 0.0890625 0.0890625
0 0.83828125 0.95390625 0.0890625 0.08671875
0 0.728125 0.978125 0.05625 0.04375
0 0.92109375 0.97109375 0.1578125 0.0578125