0 0.34609375 0.27734375 0.09609375 0.0984375
0 0.3796875 0.32890625 0.05625 0.0421875
0 0.509375 0.325 0.05625 0.05
0 0.5234375 0.2125 0.05078125 0.053125
0 0.4828125 0.2078125 0.06953125 0.0671875
0 0.3875 0.18046875 0.0671875 0.0671875
0 0.3171875 0.1625 0.071875 0.0625
0 0.33984375 0.11640625 0.06953125 0.0671875
0 0.47890625 0.06875 0.115625 0.11796875
0 0.11640625 0.22578125 0.05546875 0.0578125
0 0.165625 0.12265625 0.040625 0.0453125
0 0.12890625 0.01015625 0.1015625 0.0203125
0 0.0390625 0.1453125 0.040625 0.053125
0 0.05234375 0.1 0.06484375 0.06484375
0 0.0453125 0.05625 0.06484375 0.0671875
0 0.00546875 0.01796875 0.0109375 0.0359375
0 0.63984375 0.2140625 0.0796875 0.084375
0 0.59140625 0.184375 0.0234375 0.0625
0 0.36953125 0.834375 0.06015625 0.06953125
0 0.17734375 0.95 0.0796875 0.06484375
0 0.0984375 0.93671875 0.0359375 0.0484375
0 0.05703125 0.7625 0.0578125 0.05078125
0 0.2109375 0.7125 0.07421875 0.0671875
0 0.25234375 0.5546875 0.12265625 0.1390625
0 0.034375 0.45390625 0.06875 0.0765625
0 0.5390625 0.45234375 0.053125 0.06484375
0 0.51796875 0.6421875 0.06953125 0.0625
0 0.94609375 0.37109375 0.0796875 0.0421875
0 0.8171875 0.43671875 0.09375 0.09375
0 0.84921875 0.36328125 0.0859375 0.0265625
0 0.75390625 0.35703125 0.0671875 0.0140625
0 0.6796875 0.37890625 0.1 0.0578125
0 0.8140625 0.7328125 0.1078125 0.1078125
0 0.73828125 0.7671875 0.10546875 0.10546875
0 0.6671875 0.815625 0.1203125 0.1203125
0 0.6140625 0.8703125 0.06875 0.103125
0 0.75390625 0.89453125 0.1109375 0.11328125
0 0.928125 0.8671875 0.0984375 0.0984375
0 0.98984375 0.67578125 0.0203125 0.0984375