0 0.140625 0.5203125 0.065625 0.01875
0 0.3078125 0.509375 0.1 0.040625
0 0.0109375 0.15 0.021875 0.040625
0 0.07734375 0.0484375 0.1015625 0.096875
0 0.17421875 0.128125 0.09375 0.08671875
0 0.23515625 0.28671875 0.165625 0.15625
0 0.275 0.39453125 0.09609375 0.0796875
0 0.55390625 0.3125 0.06484375 0.0625
0 0.48828125 0.5171875 0.0796875 0.025
0 0.6921875 0.23125 0.075 0.075
0 0.659375 0.1875 0.0578125 0.053125
0 0.6015625 0.14453125 0.0625 0.05546875
0 0.328125 0.05 0.06953125 0.053125
0 0.33203125 0.02734375 0.0984375 0.0546875
0 0.25390625 0.0046875 0.0484375 0.009375
0 0.9234375 0.3984375 0.1203125 0.09375
0 0.575 0.73984375 0.16328125 0.16796875
0 0.71875 0.6765625 0.021875 0.1
0 0.29140625 0.7890625 0.115625 0.125
0 0.7828125 0.928125 0.10625 0.121875
0 0.76171875 0.82890625 0.0640625 0.1640625
0 0.82734375 0.796875 0.05546875 0.053125
0 0.91328125 0.9796875 0.1078125 0.040625
0 0.909375 0.9109375 0.0984375 0.06953125
0 0.96015625 0.93515625 0.0484375 0.03828125
0 0.93828125 0.8078125 0.053125 0.040625
0 0.88671875 0.76171875 0.0359375 0.03125
0 0.80625 0.71171875 0.040625 0.0359375
0 0.80859375 0.66484375 0.04296875 0.03828125