0 0.5671875 0.44921875 0.040625 0.0390625
0 0.51796875 0.3484375 0.03828125 0.04296875
0 0.55390625 0.33046875 0.0578125 0.053125
0 0.5140625 0.196875 0.0890625 0.09375
0 0.46875 0.4359375 0.040625 0.0359375
0 0.54453125 0.06015625 0.084375 0.0765625
0 0.35703125 0.20625 0.06953125 0.0796875
0 0.290625 0.2453125 0.0671875 0.0671875
0 0.353125 0.36171875 0.0671875 0.06015625
0 0.23984375 0.4046875 0.071875 0.06484375
0 0.11640625 0.45546875 0.0703125 0.0265625
0 0.03125 0.3859375 0.0625 0.071875
0 0.06953125 0.18046875 0.06484375 0.0671875
0 0.0390625 0.11953125 0.078125 0.0921875
0 0.853125 0.234375 0.29375 0.46875
0 0.75078125 0.30859375 0.1515625 0.1515625
0 0.65234375 0.3578125 0.0890625 0.08671875
0 0.678125 0.453125 0.11875 0.03125
0 0.66171875 0.0875 0.1453125 0.175
0 0.85 0.04765625 0.13125 0.0953125
0 0.79765625 0.11015625 0.12734375 0.12734375
0 0.8265625 0.2671875 0.071875 0.06953125
0 0.81328125 0.39609375 0.1078125 0.1078125
0 0.871875 0.4046875 0.0984375 0.10078125
0 0.6078125 0.3390625 0.0375 0.125
0 0.05 0.57265625 0.1 0.1296875
0 0.43203125 0.54140625 0.0765625 0.09140625
0 0.2484375 0.51875 0.08671875 0.08203125
0 0.54765625 0.77578125 0.0828125 0.1546875
0 0.48125 0.6515625 0.08671875 0.06953125
0 0.346875 0.6796875 0.071875 0.05546875
0 0.25390625 0.70859375 0.0453125 0.0578125
0 0.08671875 0.8453125 0.0890625 0.09609375
0 0.33515625 0.9734375 0.1203125 0.053125
0 0.11015625 0.9625 0.0921875 0.075
0 0.3515625 0.8859375 0.0796875 0.0625
0 0.2265625 0.896875 0.06015625 0.06953125
0 0.55 0.9390625 0.06484375 0.0625
0 0.47421875 0.9796875 0.0546875 0.040625
0 0.6015625 0.85078125 0.025 0.1359375
0 0.6578125 0.8921875 0.0796875 0.06484375
0 0.978125 0.9 0.04375 0.059375
0 0.97734375 0.54765625 0.0453125 0.0921875