0 0.9078125 0.41484375 0.1078125 0.1078125
0 0.94375 0.3578125 0.0625 0.0625
0 0.88359375 0.24296875 0.0671875 0.0671875
0 0.7703125 0.28515625 0.0578125 0.0578125
0 0.78359375 0.3234375 0.0765625 0.0765625
0 0.8015625 0.4203125 0.07421875 0.07421875
0 0.8171875 0.49296875 0.07421875 0.07421875
0 0.765625 0.49140625 0.0765625 0.0765625
0 0.6609375 0.3890625 0.1296875 0.1296875
0 0.7984375 0.1875 0.05546875 0.05546875
0 0.9640625 0.64296875 0.0625 0.0625
0 0.8484375 0.6453125 0.0484375 0.0484375
0 0.728125 0.74609375 0.11328125 0.11328125
0 0.68359375 0.8296875 0.0984375 0.0984375
0 0.6453125 0.8890625 0.06953125 0.06953125
0 0.59140625 0.84609375 0.06015625 0.06015625
0 0.46875 0.86796875 0.13671875 0.13671875
0 0.46640625 0.75234375 0.11796875 0.11796875
0 0.5375 0.60546875 0.209375 0.209375
0 0.58671875 0.50703125 0.11328125 0.11328125
0 0.35703125 0.390625 0.084375 0.084375
0 0.55625 0.2703125 0.103125 0.103125
0 0.5359375 0.196875 0.09609375 0.09609375
0 0.66328125 0.16015625 0.09140625 0.09140625
0 0.6140625 0.04921875 0.09609375 0.09609375
0 0.334375 0.0875 0.09375 0.09375
0 0.2671875 0.1046875 0.12734375 0.12734375
0 0.12109375 0.3015625 0.12265625 0.12265625
0 0.21015625 0.3546875 0.1078125 0.1078125
0 0.20703125 0.4109375 0.06953125 0.06953125
0 0.2125 0.47578125 0.0765625 0.0765625
0 0.31875 0.71015625 0.0796875 0.0796875
0 0.28984375 0.73203125 0.1203125 0.1203125
0 0.3234375 0.7953125 0.05546875 0.05546875
0 0.38671875 0.8859375 0.0765625 0.0765625
0 0.4046875 0.99140625 0.05546875 0.0171875
0 0.05859375 0.56640625 0.06953125 0.06953125
0 0.10546875 0.66484375 0.053125 0.053125
0 0.09765625 0.7328125 0.05546875 0.05546875
0 0.15625 0.8140625 0.06953125 0.06953125
0 0.2078125 0.7390625 0.06484375 0.06484375
0 0.9265625 0.7484375 0.053125 0.053125
0 0.8796875 0.75703125 0.071875 0.071875
0 0.8421875 0.7828125 0.07421875 0.07421875
0 0.8296875 0.85234375 0.0484375 0.0484375
0 0.7328125 0.93984375 0.0578125 0.0578125
0 0.01328125 0.4171875 0.0265625 0.053125