0 0.8015625 0.75 0.15390625 0.178125
0 0.68515625 0.67890625 0.07421875 0.0796875
0 0.4390625 0.76953125 0.07421875 0.103125
0 0.4375 0.41953125 0.178125 0.1828125
0 0.5515625 0.5796875 0.1078125 0.1109375
0 0.61328125 0.51171875 0.11796875 0.084375
0 0.7640625 0.46015625 0.05078125 0.0625
0 0.61328125 0.384375 0.06015625 0.06484375
0 0.5453125 0.30859375 0.0578125 0.06484375
0 0.09375 0.1859375 0.08203125 0.084375
0 0.240625 0.23203125 0.103125 0.103125
0 0.225 0.55078125 0.05078125 0.053125
0 0.5171875 0.7671875 0.06484375 0.0796875
0 0.58203125 0.76796875 0.05546875 0.071875
0 0.959375 0.96875 0.06953125 0.0625
0 0.88125 0.94453125 0.071875 0.0671875
0 0.709375 0.928125 0.0578125 0.0578125
0 0.93515625 0.0796875 0.103125 0.103125
0 0.84609375 0.1109375 0.03828125 0.0484375
0 0.7546875 0.16953125 0.0796875 0.103125
0 0.6296875 0.11640625 0.0671875 0.084375
0 0.571875 0.0984375 0.0578125 0.05546875
0 0.48203125 0.06640625 0.05546875 0.05546875
0 0.6734375 0.03515625 0.05078125 0.053125
0 0.365625 0.15625 0.06953125 0.07421875