0 0.9265625 0.0140625 0.065625 0.028125
0 0.8140625 0.25703125 0.0671875 0.0765625
0 0.8828125 0.29765625 0.10546875 0.15625
0 0.8140625 0.41328125 0.08671875 0.07421875
0 0.72265625 0.4890625 0.09375 0.134375
0 0.50703125 0.5640625 0.1765625 0.13125
0 0.44765625 0.278125 0.18984375 0.21640625
0 0.684375 0.08984375 0.0890625 0.08203125
0 0.815625 0.02265625 0.0625 0.0453125
0 0.44453125 0.64453125 0.0859375 0.0296875
0 0.403125 0.69453125 0.071875 0.06015625
0 0.45703125 0.70859375 0.09140625 0.0984375
0 0.38125 0.8234375 0.0625 0.06484375
0 0.59609375 0.9359375 0.0625 0.0796875
0 0.86328125 0.95546875 0.103125 0.0671875
0 0.9578125 0.97109375 0.084375 0.0578125
0 0.88828125 0.7921875 0.0796875 0.06953125