0 0.09296875 0.228125 0.084375 0.08203125
0 0.02109375 0.28203125 0.0421875 0.0796875
0 0.11015625 0.3875 0.1109375 0.103125
0 0.68984375 0.26015625 0.0796875 0.2015625
0 0.80859375 0.26875 0.084375 0.0984375
0 0.884375 0.4203125 0.075 0.0375
0 0.9859375 0.41328125 0.028125 0.0515625
0 0.75 0.034375 0.096875 0.06875
0 0.08828125 0.50859375 0.06015625 0.053125
0 0.49453125 0.73984375 0.2328125 0.2328125
0 0.53046875 0.9234375 0.2296875 0.153125
0 0.27109375 0.95625 0.2140625 0.0875
0 0.03671875 0.934375 0.0734375 0.13125
0 0.31484375 0.54375 0.071875 0.0625
0 0.34296875 0.60234375 0.06953125 0.08671875
0 0.6171875 0.5078125 0.065625 0.06875
0 0.0890625 0.878125 0.08671875 0.0765625
0 0.8609375 0.97421875 0.05 0.0515625
0 0.896875 0.79921875 0.0671875 0.07421875
0 0.790625 0.5625 0.10546875 0.1078125
0 0.83203125 0.63125 0.103125 0.09609375
0 0.9765625 0.89375 0.046875 0.10625
0 0.9703125 0.45546875 0.05625 0.0328125