0 0.1046875 0.04140625 0.09375 0.0828125
0 0.05234375 0.1484375 0.1046875 0.115625
0 0.1140625 0.17265625 0.0453125 0.0671875
0 0.209375 0.17890625 0.0578125 0.071875
0 0.3640625 0.07578125 0.071875 0.0765625
0 0.20859375 0.29765625 0.0546875 0.0234375
0 0.3421875 0.24375 0.08671875 0.09609375
0 0.5171875 0.16796875 0.0578125 0.0671875
0 0.20546875 0.01328125 0.0796875 0.0265625
0 0.76640625 0.2578125 0.2234375 0.103125
0 0.74921875 0.1921875 0.1703125 0.1609375
0 0.58515625 0.028125 0.0515625 0.05625
0 0.7125 0.03984375 0.06015625 0.0625
0 0.79609375 0.06875 0.06015625 0.06015625
0 0.38359375 0.4359375 0.10078125 0.084375
0 0.34453125 0.50546875 0.0890625 0.0671875
0 0.5328125 0.43359375 0.053125 0.0734375
0 0.4953125 0.403125 0.0765625 0.09375
0 0.3390625 0.63203125 0.07421875 0.07421875
0 0.171875 0.359375 0.08671875 0.09375
0 0.028125 0.58046875 0.05625 0.1265625
0 0.07890625 0.8203125 0.12734375 0.16796875
0 0.428125 0.86875 0.0671875 0.06953125
0 0.69609375 0.4796875 0.07421875 0.0484375
0 0.62265625 0.5625 0.06953125 0.0890625
0 0.984375 0.53828125 0.03125 0.0578125
0 0.73359375 0.74140625 0.04296875 0.040625