0 0.3421875 0.04453125 0.15625 0.0890625
0 0.30078125 0.0640625 0.07421875 0.08203125
0 0.22421875 0.1203125 0.0890625 0.09140625
0 0.04375 0.115625 0.0875 0.103125
0 0.44296875 0.23125 0.2328125 0.24375
0 0.48359375 0.2625 0.0765625 0.0765625
0 0.53046875 0.26328125 0.0578125 0.0796875
0 0.55234375 0.3875 0.0140625 0.071875
0 0.28671875 0.34140625 0.09375 0.09140625
0 0.3 0.23984375 0.08203125 0.084375
0 0.14609375 0.246875 0.125 0.12734375
0 0.12265625 0.00625 0.1109375 0.0125
0 0.6234375 0.61484375 0.071875 0.0671875
0 0.7390625 0.39296875 0.09609375 0.115625
0 0.85859375 0.33828125 0.08671875 0.071875
0 0.9046875 0.23671875 0.14921875 0.13203125
0 0.809375 0.07421875 0.10078125 0.09140625
0 0.684375 0.12578125 0.0796875 0.10078125
0 0.965625 0.10546875 0.06875 0.0953125
0 0.1421875 0.92421875 0.05546875 0.0578125
0 0.09296875 0.91875 0.06015625 0.053125
0 0.05546875 0.80859375 0.0890625 0.1078125
0 0.11953125 0.73359375 0.0578125 0.0484375
0 0.26484375 0.80859375 0.06484375 0.0796875
0 0.3140625 0.9375 0.0765625 0.0671875
0 0.28203125 0.73359375 0.0734375 0.0484375
0 0.39921875 0.871875 0.06015625 0.0671875
0 0.4078125 0.934375 0.0578125 0.0578125
0 0.52578125 0.82109375 0.0671875 0.1109375
0 0.5359375 0.7734375 0.046875 0.053125
0 0.58828125 0.77421875 0.0578125 0.1296875
0 0.61484375 0.99140625 0.0765625 0.0171875
0 0.60390625 0.9375 0.08671875 0.08671875
0 0.971875 0.73984375 0.05625 0.0609375
0 0.9140625 0.90390625 0.0625 0.0625
0 0.8765625 0.83203125 0.05546875 0.0578125
0 0.8203125 0.87265625 0.0625 0.06015625