0 0.05546875 0.00703125 0.0609375 0.0140625
0 0.01796875 0.14296875 0.0359375 0.1109375
0 0.35234375 0.09765625 0.06484375 0.0765625
0 0.390625 0.14296875 0.05625 0.0796875
0 0.38828125 0.30625 0.0578125 0.071875
0 0.17109375 0.44453125 0.15390625 0.1515625
0 0.01640625 0.62578125 0.0328125 0.0671875
0 0.07109375 0.50625 0.0578125 0.0671875
0 0.36796875 0.5828125 0.0484375 0.0484375
0 0.65859375 0.678125 0.0890625 0.021875
0 0.459375 0.21640625 0.08125 0.1109375
0 0.540625 0.3015625 0.084375 0.08671875
0 0.59453125 0.4625 0.146875 0.15859375
0 0.62890625 0.571875 0.084375 0.0796875
0 0.87421875 0.4890625 0.0578125 0.06484375
0 0.98125 0.40703125 0.0375 0.0734375
0 0.9671875 0.36171875 0.05078125 0.053125
0 0.91640625 0.31875 0.05546875 0.0578125
0 0.67578125 0.22265625 0.06015625 0.053125
0 0.6796875 0.18515625 0.08671875 0.08671875
0 0.6109375 0.16328125 0.040625 0.03828125
0 0.5015625 0.14296875 0.05546875 0.0578125
0 0.9625 0.13671875 0.0484375 0.05546875
0 0.85859375 0.1 0.0359375 0.04296875
0 0.81640625 0.0421875 0.040625 0.03828125
0 0.7171875 0.0265625 0.0484375 0.053125
0 0.73359375 0.11875 0.0453125 0.05078125
0 0.09375 0.72734375 0.06875 0.0765625
0 0.03515625 0.75234375 0.0703125 0.0984375
0 0.32421875 0.934375 0.1890625 0.13125
0 0.146875 0.78203125 0.053125 0.05078125
0 0.55625 0.96953125 0.05625 0.0609375
0 0.5328125 0.8796875 0.06953125 0.0625