0 0.034375 0.07890625 0.06875 0.0890625
0 0.85390625 0.38125 0.146875 0.1609375
0 0.72578125 0.50078125 0.1296875 0.0359375
0 0.65078125 0.08203125 0.0796875 0.071875
0 0.33828125 0.609375 0.2234375 0.18125
0 0.16640625 0.9515625 0.1703125 0.096875
0 0.03203125 0.6453125 0.0640625 0.08125
0 0.0234375 0.5453125 0.046875 0.053125
0 0.67734375 0.825 0.103125 0.11328125
0 0.71953125 0.9375 0.2328125 0.125
0 0.62578125 0.98515625 0.0703125 0.0296875
0 0.90078125 0.78515625 0.06953125 0.071875
0 0.55390625 0.5578125 0.0734375 0.078125
0 0.55625 0.64375 0.10078125 0.09609375
0 0.52734375 0.5625 0.1546875 0.0875
0 0.4890625 0.78671875 0.078125 0.3015625
0 0.79765625 0.5640625 0.1953125 0.090625