0 0.8921875 0.94375 0.10546875 0.10078125
0 0.6609375 0.8375 0.1296875 0.103125
0 0.6234375 0.71875 0.06484375 0.05546875
0 0.17890625 0.20703125 0.115625 0.125
0 0.0515625 0.1875 0.0765625 0.11328125
0 0.32421875 0.05078125 0.15390625 0.08671875
0 0.3703125 0.24375 0.0671875 0.071875
0 0.59375 0.21171875 0.0578125 0.0625
0 0.94140625 0.47734375 0.06953125 0.0765625
0 0.88828125 0.41796875 0.0765625 0.084375
0 0.9734375 0.7984375 0.053125 0.06015625
0 0.80625 0.7671875 0.053125 0.053125
0 0.46171875 0.78828125 0.09375 0.0890625
0 0.08671875 0.91484375 0.0796875 0.09140625