0 0.0609375 0.0296875 0.121875 0.059375
0 0.08828125 0.1390625 0.07421875 0.0625
0 0.27578125 0.05859375 0.1078125 0.103125
0 0.8078125 0.04765625 0.221875 0.0953125
0 0.7 0.08671875 0.09140625 0.09140625
0 0.60078125 0.16640625 0.0828125 0.1421875
0 0.71171875 0.49609375 0.2046875 0.1078125
0 0.725 0.3546875 0.11796875 0.11328125
0 0.946875 0.2640625 0.10625 0.11875
0 0.96953125 0.02734375 0.0609375 0.0546875
0 0.39140625 0.56171875 0.0796875 0.0234375
0 0.51171875 0.69609375 0.0578125 0.0625
0 0.54375 0.78515625 0.03125 0.0578125
0 0.1921875 0.58359375 0.09375 0.0671875
0 0.24375 0.61953125 0.0578125 0.0578125
0 0.08828125 0.6953125 0.084375 0.0796875
0 0.03046875 0.90078125 0.0609375 0.0765625
0 0.0109375 0.95546875 0.021875 0.0640625
0 0.33359375 0.89453125 0.071875 0.06484375