0 0.58359375 0.7296875 0.0328125 0.059375
0 0.0859375 0.159375 0.134375 0.1421875
0 0.25625 0.01640625 0.18125 0.0328125
0 0.31015625 0.20234375 0.0796875 0.0796875
0 0.56796875 0.16484375 0.0640625 0.0703125
0 0.64921875 0.54140625 0.0984375 0.0921875
0 0.64375 0.65234375 0.05078125 0.053125
0 0.8578125 0.746875 0.125 0.025
0 0.76328125 0.75078125 0.0578125 0.0171875
0 0.821875 0.4875 0.0578125 0.06484375
0 0.771875 0.5453125 0.0671875 0.0578125
0 0.775 0.628125 0.0625 0.0578125
0 0.646875 0.14765625 0.0578125 0.0625
0 0.87421875 0.14765625 0.05078125 0.0578125
0 0.80859375 0.390625 0.053125 0.05078125
0 0.703125 0.01796875 0.06875 0.0359375
0 0.853125 0.01875 0.053125 0.0375
0 0.94765625 0.24765625 0.0484375 0.0453125
0 0.65859375 0.74765625 0.0546875 0.0234375
0 0.6953125 0.3703125 0.03359375 0.03125
0 0.21328125 0.79453125 0.0890625 0.0703125
0 0.50234375 0.92421875 0.115625 0.09140625
0 0.25234375 0.90390625 0.08203125 0.08671875
0 0.91796875 0.853125 0.1640625 0.1875