0 0.53671875 0.04296875 0.0953125 0.0859375
0 0.44375 0.08671875 0.0796875 0.09140625
0 0.30625 0.24375 0.1203125 0.11328125
0 0.4015625 0.3578125 0.10078125 0.10078125
0 0.27734375 0.48046875 0.36328125 0.3609375
0 0.1765625 0.31640625 0.071875 0.06953125
0 0.18984375 0.1 0.0625 0.07421875
0 0.08671875 0.02265625 0.08203125 0.0453125
0 0.0484375 0.35 0.09375 0.22578125
0 0.31875 0.7609375 0.07421875 0.0890625
0 0.375 0.728125 0.0765625 0.0765625
0 0.28984375 0.6703125 0.0671875 0.053125
0 0.3140625 0.859375 0.0796875 0.08203125
0 0.1890625 0.8234375 0.09609375 0.09140625
0 0.553125 0.775 0.09609375 0.10078125
0 0.5890625 0.84140625 0.0890625 0.09375
0 0.678125 0.853125 0.06953125 0.08671875
0 0.85703125 0.62109375 0.115625 0.11796875
0 0.6546875 0.4671875 0.0671875 0.06953125
0 0.56875 0.36328125 0.0671875 0.0796875
0 0.48828125 0.38125 0.0578125 0.06484375
0 0.4640625 0.1984375 0.0671875 0.06953125
0 0.85546875 0.38828125 0.115625 0.13203125
0 0.74765625 0.41953125 0.18984375 0.21875
0 0.93515625 0.27421875 0.08203125 0.12265625
0 0.96953125 0.38203125 0.0609375 0.1703125
0 0.69453125 0.0359375 0.08203125 0.0453125
0 0.82109375 0.725 0.0671875 0.06015625
0 0.87890625 0.73203125 0.04296875 0.06484375
0 0.87265625 0.9125 0.0765625 0.1078125
0 0.9421875 0.91796875 0.04296875 0.1078125