0 0.028125 0.34375 0.05625 0.096875
0 0.1765625 0.2671875 0.1296875 0.125
0 0.1390625 0.14375 0.1109375 0.1109375
0 0.21015625 0.14375 0.2578125 0.2875
0 0.30390625 0.25703125 0.0703125 0.0765625
0 0.22109375 0.39765625 0.0734375 0.0234375
0 0.021875 0.078125 0.04375 0.08125
0 0.0765625 0.09296875 0.06484375 0.0671875
0 0.03515625 0.24765625 0.0703125 0.0734375
0 0.8765625 0.1203125 0.08671875 0.084375
0 0.90234375 0.21875 0.09375 0.09375
0 0.80078125 0.3234375 0.06015625 0.0625
0 0.32265625 0.5875 0.0328125 0.053125
0 0.51796875 0.4375 0.1171875 0.05625
0 0.39609375 0.45390625 0.1140625 0.0890625
0 0.59921875 0.5109375 0.06015625 0.06015625
0 0.59921875 0.57890625 0.053125 0.05078125
0 0.6203125 0.625 0.040625 0.05078125
0 0.66953125 0.63828125 0.06015625 0.0671875
0 0.81015625 0.55390625 0.03359375 0.05078125
0 0.93046875 0.46015625 0.040625 0.0359375
0 0.9765625 0.51015625 0.046875 0.0609375
0 0.95 0.59375 0.0625 0.0578125
0 0.5125 0.64375 0.0578125 0.0671875
0 0.38671875 0.9875 0.0890625 0.025
0 0.490625 0.77734375 0.0625 0.0765625
0 0.59140625 0.8625 0.0671875 0.08203125
0 0.709375 0.8171875 0.08203125 0.09375
0 0.82109375 0.88671875 0.06484375 0.0984375
0 0.9765625 0.875 0.03359375 0.0484375