0 0.29296875 0.171875 0.0734375 0.115625
0 0.19609375 0.22109375 0.08203125 0.084375
0 0.04453125 0.34921875 0.0890625 0.1171875
0 0.0546875 0.178125 0.109375 0.246875
0 0.16484375 0.25859375 0.3296875 0.3015625
0 0.17578125 0.296875 0.08203125 0.08203125
0 0.46328125 0.00625 0.1390625 0.0125
0 0.359375 0.04375 0.059375 0.0875
0 0.5078125 0.15703125 0.12265625 0.1296875
0 0.63046875 0.20234375 0.10078125 0.11328125
0 0.6953125 0.29609375 0.14921875 0.18515625
0 0.87109375 0.26640625 0.125 0.10546875
0 0.83359375 0.37421875 0.0921875 0.0703125
0 0.7359375 0.0640625 0.0796875 0.071875
0 0.92421875 0.01015625 0.0859375 0.0203125
0 0.96796875 0.04140625 0.0640625 0.0671875
0 0.990625 0.08828125 0.01875 0.0578125
0 0.97734375 0.15234375 0.0453125 0.0765625
0 0.30625 0.64453125 0.046875 0.1328125
0 0.2671875 0.52265625 0.125 0.1578125
0 0.396875 0.9421875 0.134375 0.115625
0 0.43984375 0.86640625 0.05546875 0.071875
0 0.56171875 0.93359375 0.1140625 0.1328125
0 0.5546875 0.778125 0.08671875 0.08671875
0 0.4953125 0.7234375 0.071875 0.06015625
0 0.9328125 0.72265625 0.0796875 0.0671875
0 0.93984375 0.91484375 0.0765625 0.0765625
0 0.82109375 0.89921875 0.08671875 0.08671875
0 0.7515625 0.93046875 0.05546875 0.0578125
0 0.68203125 0.584375 0.0625 0.06953125