0 0.30390625 0.025 0.1078125 0.05
0 0.2390625 0.03984375 0.0796875 0.0765625
0 0.1375 0.01484375 0.084375 0.0296875
0 0.18984375 0.2546875 0.3796875 0.509375
0 0.09609375 0.83359375 0.1921875 0.2546875
0 0.21875 0.72109375 0.0625 0.08671875
0 0.32109375 0.84453125 0.06484375 0.071875
0 0.16484375 0.93828125 0.0578125 0.06015625
0 0.653125 0.61640625 0.546875 0.2140625
0 0.43515625 0.85234375 0.1109375 0.1171875
0 0.578125 0.95078125 0.2125 0.0984375
0 0.77578125 0.96171875 0.09140625 0.0765625
0 0.97421875 0.92109375 0.0515625 0.0828125
0 0.746875 0.8078125 0.0796875 0.06484375
0 0.565625 0.83984375 0.0890625 0.0890625
0 0.84453125 0.80078125 0.12265625 0.1421875