0 0.32578125 0.15078125 0.10078125 0.1078125
0 0.37421875 0.315625 0.0515625 0.090625
0 0.37109375 0.4609375 0.0578125 0.115625
0 0.3578125 0.4953125 0.084375 0.046875
0 0.15859375 0.259375 0.3171875 0.51875
0 0.23359375 0.01640625 0.0671875 0.0328125
0 0.55234375 0.2140625 0.2015625 0.23046875
0 0.528125 0.403125 0.0578125 0.071875
0 0.91015625 0.334375 0.0890625 0.11328125
0 0.83359375 0.3390625 0.0578125 0.09375
0 0.91171875 0.496875 0.0671875 0.04375
0 0.96328125 0.02734375 0.0734375 0.0546875
0 0.6453125 0.0203125 0.059375 0.040625
0 0.6890625 0.203125 0.0578125 0.0671875
0 0.1515625 0.75390625 0.303125 0.4703125
0 0.36171875 0.70625 0.0765625 0.096875
0 0.371875 0.8171875 0.05625 0.115625
0 0.86328125 0.9828125 0.0828125 0.034375
0 0.79296875 0.93203125 0.1203125 0.1359375
0 0.63359375 0.97109375 0.1046875 0.0578125
0 0.653125 0.87109375 0.07421875 0.08203125
0 0.5125 0.828125 0.0578125 0.0359375