0 0.453125 0.378125 0.0578125 0.05078125
0 0.4515625 0.478125 0.0671875 0.08203125
0 0.2671875 0.103125 0.0484375 0.05078125
0 0.4484375 0.20390625 0.05546875 0.0671875
0 0.91328125 0.1734375 0.08671875 0.08671875
0 0.8046875 0.1859375 0.0765625 0.08203125
0 0.73984375 0.3515625 0.13203125 0.1078125
0 0.5265625 0.4984375 0.075 0.065625
0 0.85625 0.51015625 0.053125 0.0578125
0 0.1859375 0.98359375 0.08125 0.0328125
0 0.27109375 0.9796875 0.0890625 0.040625
0 0.2265625 0.959375 0.053125 0.05546875
0 0.2421875 0.83828125 0.0796875 0.06484375
0 0.2203125 0.7734375 0.0578125 0.06015625
0 0.125 0.6171875 0.08671875 0.08671875
0 0.3859375 0.58828125 0.0578125 0.06953125
0 0.4671875 0.61796875 0.04375 0.0765625
0 0.54140625 0.9171875 0.1046875 0.125
0 0.61484375 0.58984375 0.1265625 0.1015625
0 0.9859375 0.68671875 0.028125 0.1140625
0 0.8859375 0.9671875 0.178125 0.065625
0 0.72734375 0.97421875 0.1046875 0.0515625
0 0.678125 0.91640625 0.0796875 0.08203125
0 0.62890625 0.8578125 0.071875 0.071875
0 0.725 0.86953125 0.08671875 0.084375
0 0.65859375 0.8 0.0984375 0.09609375
0 0.85078125 0.87109375 0.0796875 0.0796875
0 0.8390625 0.77734375 0.0890625 0.084375
0 0.81171875 0.596875 0.06953125 0.06953125
0 0.5109375 0.7390625 0.04375 0.0625