0 0.15 0.31484375 0.3 0.6296875
0 0.75234375 0.1234375 0.1828125 0.17578125
0 0.42734375 0.0609375 0.0796875 0.07421875
0 0.484375 0.08046875 0.08671875 0.084375
0 0.59140625 0.1703125 0.071875 0.0671875
0 0.5578125 0.1953125 0.05546875 0.0578125
0 0.47109375 0.20546875 0.06015625 0.0578125
0 0.34140625 0.2625 0.0453125 0.053125
0 0.3890625 0.26796875 0.06484375 0.0671875
0 0.42734375 0.2703125 0.07421875 0.071875
0 0.6671875 0.359375 0.05078125 0.05078125
0 0.65234375 0.4890625 0.084375 0.08203125
0 0.63671875 0.55625 0.1078125 0.09375
0 0.87109375 0.421875 0.1109375 0.10546875
0 0.9859375 0.40703125 0.028125 0.0796875
0 0.99375 0.5953125 0.0125 0.053125
0 0.778125 0.603125 0.1 0.053125
0 0.3640625 0.5453125 0.1078125 0.0984375
0 0.4671875 0.50078125 0.0671875 0.06015625
0 0.6203125 0.2703125 0.1515625 0.146875
0 0.5140625 0.39609375 0.21875 0.22109375
0 0.2671875 0.64453125 0.065625 0.0296875
0 0.1546875 0.8234375 0.0453125 0.071875
0 0.80703125 0.7296875 0.2921875 0.2
0 0.64921875 0.7828125 0.13671875 0.13671875
0 0.78046875 0.88046875 0.1734375 0.1734375
0 0.3765625 0.890625 0.153125 0.209375
0 0.51640625 0.72734375 0.1984375 0.1953125