0 0.640625 0.771875 0.1921875 0.18984375
0 0.83984375 0.66328125 0.15625 0.15859375
0 0.98203125 0.54296875 0.0359375 0.07421875
0 0.7765625 0.9015625 0.1109375 0.084375
0 0.6921875 0.9484375 0.0890625 0.0796875
0 0.25625 0.98984375 0.053125 0.0203125
0 0.165625 0.84609375 0.09140625 0.09609375
0 0.36640625 0.76328125 0.09140625 0.09140625
0 0.4 0.80390625 0.09375 0.0890625
0 0.49296875 0.79453125 0.071875 0.06953125
0 0.56640625 0.94375 0.0671875 0.071875
0 0.9796875 0.34609375 0.040625 0.06484375
0 0.5 0.453125 1 0.90625