0 0.18984375 0.20703125 0.1578125 0.1609375
0 0.21640625 0.0375 0.1046875 0.075
0 0.05390625 0.20546875 0.06953125 0.0578125
0 0.090625 0.0640625 0.06015625 0.0625
0 0.134375 0.321875 0.26875 0.375
0 0.91953125 0.034375 0.1109375 0.06875
0 0.378125 0.0140625 0.06875 0.028125
0 0.4359375 0.0359375 0.0578125 0.06484375
0 0.71796875 0.00859375 0.0671875 0.0171875
0 0.9625 0.49609375 0.075 0.0265625
0 0.896875 0.303125 0.08671875 0.08671875
0 0.57890625 0.41875 0.084375 0.0796875
0 0.66640625 0.45078125 0.053125 0.06015625
0 0.73984375 0.484375 0.0421875 0.05
0 0.4640625 0.24921875 0.06953125 0.0796875
0 0.4015625 0.2421875 0.0671875 0.071875
0 0.68671875 0.1875 0.0625 0.0671875
0 0.365625 0.39453125 0.0671875 0.08203125
0 0.44453125 0.490625 0.0609375 0.0375
0 0.1953125 0.57265625 0.09140625 0.0890625
0 0.09921875 0.60390625 0.06953125 0.1078125
0 0.1546875 0.7203125 0.0765625 0.084375
0 0.08828125 0.81171875 0.06953125 0.0625
0 0.02109375 0.61875 0.0421875 0.075
0 0.8984375 0.9515625 0.203125 0.096875
0 0.2828125 0.9484375 0.028125 0.103125
0 0.66796875 0.6515625 0.4140625 0.284375
0 0.9296875 0.80703125 0.11328125 0.115625
0 0.8453125 0.7140625 0.1109375 0.1109375
0 0.90625 0.53984375 0.084375 0.0609375