0 0.1703125 0.3359375 0.153125 0.065625
0 0.37734375 0.325 0.1203125 0.0875
0 0.54296875 0.28671875 0.0328125 0.0578125
0 0.0359375 0.34921875 0.0625 0.0390625
0 0.2796875 0.184375 0.559375 0.36875
0 0.65390625 0.13984375 0.1890625 0.2734375
0 0.69609375 0.0328125 0.2421875 0.065625
0 0.7796875 0.22890625 0.440625 0.2796875
0 0.19296875 0.95625 0.0890625 0.0875
0 0.49765625 0.978125 0.0578125 0.04375
0 0.54296875 0.83671875 0.0328125 0.0796875
0 0.42421875 0.69296875 0.09375 0.0984375
0 0.475 0.64140625 0.0578125 0.0578125
0 0.31953125 0.565625 0.084375 0.0796875
0 0.2609375 0.38359375 0.0625 0.0296875
0 0.12734375 0.71953125 0.06015625 0.0625
0 0.03828125 0.79765625 0.06953125 0.0671875
0 0.12890625 0.9625 0.0734375 0.075
0 0.1609375 0.4515625 0.0578125 0.0671875
0 0.9375 0.98984375 0.040625 0.0203125
0 0.85078125 0.9625 0.053125 0.0578125
0 0.9296875 0.87578125 0.0984375 0.0890625
0 0.80234375 0.86015625 0.040625 0.04296875
0 0.71328125 0.7828125 0.071875 0.05078125
0 0.853125 0.634375 0.06015625 0.0578125
0 0.98515625 0.43125 0.0296875 0.05
0 0.9265625 0.44921875 0.0359375 0.03125
0 0.940625 0.38125 0.03125 0.025
0 0.62578125 0.821875 0.03359375 0.03359375
0 0.628125 0.728125 0.03359375 0.04296875
0 0.7484375 0.37265625 0.03125 0.0078125
0 0.675 0.415625 0.0484375 0.0453125
0 0.625 0.3859375 0.040625 0.034375