0 0.25 0.0234375 0.071875 0.046875
0 0.053125 0.140625 0.0890625 0.084375
0 0.0875 0.3359375 0.08671875 0.09609375
0 0.27734375 0.328125 0.09140625 0.08203125
0 0.03359375 0.4953125 0.0671875 0.109375
0 0.42109375 0.46796875 0.1765625 0.1640625
0 0.46484375 0.31484375 0.0890625 0.1203125
0 0.18046875 0.159375 0.0671875 0.0625
0 0.7546875 0.275 0.490625 0.55
0 0.4859375 0.81875 0.046875 0.1125
0 0.4921875 0.57109375 0.034375 0.0421875
0 0.45703125 0.5875 0.0765625 0.075
0 0.01484375 0.74609375 0.0296875 0.1390625
0 0.11875 0.6921875 0.084375 0.084375
0 0.315625 0.81875 0.09140625 0.084375
0 0.0984375 0.94609375 0.11328125 0.103125
0 0.41171875 0.92890625 0.0671875 0.0625
0 0.4578125 0.96484375 0.0671875 0.06484375
0 0.67109375 0.56640625 0.0890625 0.0328125
0 0.5828125 0.67890625 0.0984375 0.103125
0 0.525 0.5765625 0.03125 0.053125
0 0.5765625 0.9359375 0.134375 0.128125
0 0.6609375 0.72578125 0.0984375 0.0984375
0 0.703125 0.7703125 0.09375 0.0984375
0 0.81171875 0.759375 0.09140625 0.09375
0 0.853125 0.61796875 0.1203125 0.12265625
0 0.890625 0.6859375 0.21875 0.271875