0 0.25859375 0.4078125 0.1203125 0.084375
0 0.253125 0.28671875 0.11796875 0.10078125
0 0.15703125 0.13515625 0.084375 0.071875
0 0.01640625 0.17890625 0.0328125 0.0953125
0 0.07578125 0.00703125 0.0796875 0.0140625
0 0.76484375 0.05234375 0.1359375 0.1046875
0 0.8453125 0.03203125 0.09375 0.0640625
0 0.934375 0.23125 0.13125 0.16875
0 0.9828125 0.30703125 0.034375 0.1046875
0 0.928125 0.31015625 0.11328125 0.11328125
0 0.446875 0.11796875 0.115625 0.12265625
0 0.40703125 0.26953125 0.1765625 0.2390625
0 0.459375 0.3140625 0.0796875 0.084375
0 0.57109375 0.41875 0.0671875 0.0625
0 0.390625 0.3921875 0.14375 0.115625
0 0.8875 0.42109375 0.084375 0.0578125
0 0.715625 0.30078125 0.2140625 0.19921875
0 0.75625 0.14921875 0.334375 0.2984375
0 0.0890625 0.56328125 0.178125 0.2265625
0 0.23125 0.58984375 0.10546875 0.10546875
0 0.16171875 0.67890625 0.0671875 0.0890625
0 0.06796875 0.70546875 0.0484375 0.05078125
0 0.05859375 0.834375 0.071875 0.06484375
0 0.03203125 0.96953125 0.0640625 0.0609375
0 0.3015625 0.69921875 0.034375 0.0671875
0 0.509375 0.8359375 0.11796875 0.1390625
0 0.58515625 0.64609375 0.0578125 0.0796875
0 0.33515625 0.82890625 0.0328125 0.0984375
0 0.3796875 0.87421875 0.08671875 0.1203125
0 0.784375 0.5109375 0.178125 0.121875
0 0.853125 0.759375 0.28828125 0.31953125
0 0.415625 0.7109375 0.0578125 0.0578125
0 0.4421875 0.75390625 0.0578125 0.08203125