0 0.5109375 0.671875 0.3171875 0.31484375
0 0.5765625 0.85 0.178125 0.18046875
0 0.60703125 0.9328125 0.09375 0.09609375
0 0.6625 0.75625 0.0625 0.06484375
0 0.3328125 0.6296875 0.12734375 0.12734375
0 0.6296875 0.38359375 0.14453125 0.14921875
0 0.92578125 0.54296875 0.0890625 0.0890625
0 0.98984375 0.53671875 0.0203125 0.1109375
0 0.81015625 0.74296875 0.2046875 0.2140625
0 0.890625 0.62890625 0.19921875 0.2046875
0 0.36875 0.83671875 0.1203125 0.11796875
0 0.23203125 0.73671875 0.18515625 0.18046875
0 0.05859375 0.77890625 0.103125 0.09140625
0 0.01953125 0.59140625 0.03828125 0.0796875
0 0.0421875 0.63125 0.084375 0.09140625
0 0.08046875 0.58515625 0.0671875 0.071875
0 0.08203125 0.40390625 0.125 0.12734375
0 0.07578125 0.34375 0.0890625 0.08671875
0 0.31640625 0.30625 0.06953125 0.071875
0 0.31015625 0.0609375 0.1546875 0.121875
0 0.40625 0.06484375 0.10078125 0.1078125
0 0.62734375 0.07421875 0.0890625 0.0890625
0 0.64921875 0.13125 0.07421875 0.0765625