0 0.63828125 0.3765625 0.2765625 0.2640625
0 0.8109375 0.3171875 0.1515625 0.15390625
0 0.8921875 0.28984375 0.0765625 0.084375
0 0.796875 0.43359375 0.05078125 0.0578125
0 0.49296875 0.27265625 0.1109375 0.10546875
0 0.50234375 0.634375 0.12265625 0.12734375
0 0.8109375 0.7515625 0.0765625 0.07421875
0 0.88125 0.83515625 0.0984375 0.0984375
0 0.88203125 0.54921875 0.1703125 0.1875
0 0.85078125 0.67578125 0.1703125 0.1734375
0 0.66796875 0.17578125 0.1078125 0.09609375
0 0.50703125 0.13671875 0.16328125 0.14921875
0 0.42578125 0.0109375 0.0984375 0.021875
0 0.2296875 0.01796875 0.0578125 0.0359375
0 0.2515625 0.05625 0.06015625 0.071875
0 0.30546875 0.06015625 0.08203125 0.07421875
0 0.2984375 0.11796875 0.05546875 0.0625
0 0.16484375 0.22578125 0.1078125 0.1078125
0 0.11796875 0.25859375 0.0796875 0.071875
0 0.24375 0.4546875 0.06015625 0.0625
0 0.05625 0.60703125 0.1125 0.1390625
0 0.125 0.66328125 0.08203125 0.09609375
0 0.00703125 0.72109375 0.0140625 0.11328125
0 0.1546875 0.84609375 0.0578125 0.05546875
0 0.275 0.8171875 0.07421875 0.07421875
0 0.3296875 0.79921875 0.0625 0.0671875