0 0.159375 0.07734375 0.225 0.1546875
0 0.0046875 0.06171875 0.009375 0.0484375
0 0.3265625 0.01640625 0.090625 0.0328125
0 0.21796875 0.33671875 0.0984375 0.103125
0 0.51640625 0.23515625 0.0484375 0.05078125
0 0.5609375 0.46796875 0.0375 0.0828125
0 0.49140625 0.63203125 0.0484375 0.0359375
0 0.38671875 0.57578125 0.06015625 0.06015625
0 0.33828125 0.54296875 0.0484375 0.0578125
0 0.71875 0.58828125 0.115625 0.1234375
0 0.6859375 0.44609375 0.0796875 0.084375
0 0.68828125 0.37265625 0.053125 0.0578125
0 0.728125 0.31953125 0.0765625 0.0765625
0 0.6203125 0.22734375 0.08125 0.1046875
0 0.6125 0.09765625 0.065625 0.0578125
0 0.628125 0.04609375 0.0671875 0.0671875
0 0.884375 0.5 0.0453125 0.05546875
0 0.60078125 0.60859375 0.0421875 0.0828125
0 0.8125 0.31171875 0.06953125 0.0671875
0 0.88359375 0.29375 0.0625 0.071875
0 0.07265625 0.975 0.1453125 0.05
0 0.125 0.9359375 0.175 0.128125
0 0.29921875 0.95078125 0.1703125 0.0984375
0 0.40546875 0.946875 0.1953125 0.10625
0 0.48359375 0.9765625 0.1234375 0.046875
0 0.55859375 0.95703125 0.0421875 0.0734375
0 0.5359375 0.9015625 0.0875 0.103125
0 0.35703125 0.89609375 0.10078125 0.0984375
0 0.04453125 0.87109375 0.0890625 0.1109375
0 0.03046875 0.77890625 0.0609375 0.1015625
0 0.040625 0.7078125 0.08125 0.09375
0 0.13671875 0.6734375 0.0796875 0.046875
0 0.4203125 0.80390625 0.2140625 0.2234375
0 0.509375 0.7375 0.11796875 0.11328125
0 0.53046875 0.80703125 0.0984375 0.1171875
0 0.5609375 0.7390625 0.0375 0.0875
0 0.4609375 0.7015625 0.08671875 0.08671875
0 0.296875 0.68984375 0.0765625 0.0765625
0 0.23046875 0.7484375 0.08203125 0.084375
0 0.1515625 0.77734375 0.0671875 0.06484375
0 0.19453125 0.88046875 0.05546875 0.0578125
0 0.62265625 0.9375 0.0859375 0.125
0 0.6921875 0.8546875 0.084375 0.09375
0 0.9625 0.9546875 0.075 0.090625
0 0.96171875 0.8328125 0.0765625 0.096875
0 0.66328125 0.675 0.0765625 0.05