0 0.59765625 0.3421875 0.22578125 0.21171875
0 0.74765625 0.23828125 0.12265625 0.125
0 0.8171875 0.1890625 0.06015625 0.06953125
0 0.7671875 0.3546875 0.03828125 0.0484375
0 0.43046875 0.28359375 0.09140625 0.084375
0 0.53984375 0.62890625 0.0984375 0.103125
0 0.86875 0.6546875 0.0625 0.0578125
0 0.959375 0.71640625 0.0796875 0.0796875
0 0.88125 0.44140625 0.13203125 0.15625
0 0.8859375 0.57109375 0.13671875 0.1421875
0 0.571875 0.1421875 0.09140625 0.07421875
0 0.4046875 0.14921875 0.13671875 0.115625
0 0.2859375 0.0265625 0.0890625 0.0484375
0 0.0484375 0.0328125 0.06953125 0.0578125
0 0.10234375 0.09765625 0.04296875 0.0578125
0 0.13828125 0.14296875 0.0453125 0.06015625
0 0.18984375 0.13125 0.0671875 0.0578125
0 0.19921875 0.1890625 0.04296875 0.053125
0 0.10234375 0.33046875 0.08671875 0.08671875
0 0.06484375 0.3734375 0.06484375 0.0578125
0 0.24140625 0.52734375 0.0484375 0.05078125
0 0.09609375 0.7296875 0.10078125 0.115625
0 0.18515625 0.7609375 0.06015625 0.08203125
0 0.04296875 0.8609375 0.0859375 0.09375
0 0.0640625 0.92578125 0.0578125 0.05546875
0 0.265625 0.928125 0.0484375 0.04296875
0 0.37109375 0.86796875 0.06015625 0.06015625
0 0.41953125 0.83515625 0.0484375 0.0578125