0 0.34921875 0.209375 0.0796875 0.0796875
0 0.271875 0.090625 0.09140625 0.07421875
0 0.0265625 0.26640625 0.053125 0.0796875
0 0.52109375 0.38671875 0.0421875 0.1109375
0 0.92578125 0.20859375 0.04296875 0.0484375
0 0.9453125 0.14609375 0.109375 0.1359375
0 0.778125 0.1265625 0.06953125 0.06953125
0 0.57578125 0.1421875 0.09375 0.09375
0 0.52109375 0.21875 0.0421875 0.059375
0 0.521875 0.065625 0.04375 0.13125
0 0.8625 0.02265625 0.19375 0.0453125
0 0.41875 0.9015625 0.0796875 0.08203125
0 0.271875 0.7 0.0890625 0.10078125
0 0.35234375 0.77109375 0.071875 0.06953125
0 0.46953125 0.6640625 0.0609375 0.0625
0 0.2859375 0.52734375 0.19375 0.0546875
0 0.08359375 0.59765625 0.084375 0.0765625
0 0.10625 0.9328125 0.05546875 0.0578125
0 0.5328125 0.97890625 0.065625 0.0421875
0 0.54765625 0.82578125 0.06953125 0.0765625
0 0.73984375 0.98046875 0.1078125 0.0390625
0 0.66015625 0.96953125 0.05546875 0.0578125
0 0.74296875 0.94453125 0.06953125 0.06953125
0 0.86953125 0.95390625 0.08671875 0.08671875
0 0.61328125 0.6828125 0.084375 0.0890625
0 0.6578125 0.54921875 0.06484375 0.0671875
0 0.753125 0.534375 0.1 0.06875