0 0.696875 0.51328125 0.16328125 0.15859375
0 0.8265625 0.5578125 0.11796875 0.11328125
0 0.84609375 0.7296875 0.10078125 0.10078125
0 0.93515625 0.76796875 0.1296875 0.11796875
0 0.7453125 0.0953125 0.0984375 0.103125
0 0.76171875 0.17578125 0.07421875 0.071875
0 0.43515625 0.234375 0.084375 0.084375
0 0.48828125 0.29921875 0.0984375 0.0984375
0 0.37109375 0.35546875 0.10546875 0.1078125
0 0.34140625 0.25625 0.13203125 0.1296875
0 0.21640625 0.23671875 0.18046875 0.18046875
0 0.16328125 0.20546875 0.053125 0.05078125
0 0.3484375 0.08515625 0.0890625 0.0890625
0 0.41484375 0.165625 0.084375 0.0796875
0 0.05625 0.35703125 0.0984375 0.0984375
0 0.021875 0.3015625 0.04296875 0.1203125
0 0.10234375 0.4796875 0.071875 0.06953125
0 0.13359375 0.546875 0.071875 0.06953125
0 0.07578125 0.53359375 0.115625 0.115625
0 0.0796875 0.66796875 0.12265625 0.1203125
0 0.165625 0.76171875 0.134375 0.1296875
0 0.36640625 0.71640625 0.0984375 0.0984375
0 0.36640625 0.58984375 0.10546875 0.10078125
0 0.3140625 0.9640625 0.06015625 0.0578125
0 0.70078125 0.82421875 0.06484375 0.0625
0 0.64296875 0.5890625 0.09140625 0.09375
0 0.634375 0.4359375 0.06953125 0.071875