0 0.08515625 0.1671875 0.053125 0.053125
0 0.39375 0.0984375 0.08671875 0.09375
0 0.86328125 0.16953125 0.2734375 0.2703125
0 0.51171875 0.24140625 0.0640625 0.0984375
0 0.503125 0.10859375 0.046875 0.0890625
0 0.07578125 0.5046875 0.1515625 0.1875
0 0.20546875 0.66953125 0.1828125 0.19453125
0 0.30625 0.74375 0.08203125 0.0765625
0 0.3484375 0.70234375 0.0796875 0.0765625
0 0.36171875 0.57578125 0.08203125 0.0796875
0 0.64765625 0.73671875 0.3359375 0.3734375
0 0.62109375 0.5359375 0.2234375 0.22578125
0 0.8484375 0.525 0.303125 0.290625
0 0.92890625 0.8875 0.1421875 0.175
0 0.721875 0.94609375 0.10546875 0.1078125
0 0.68984375 0.9671875 0.1109375 0.065625