0 0.04921875 0.09765625 0.0984375 0.03125
0 0.62734375 0.171875 0.08203125 0.06484375
0 0.63359375 0.240625 0.07421875 0.09375
0 0.48828125 0.28828125 0.15859375 0.1390625
0 0.51796875 0.46875 0.10546875 0.134375
0 0.33046875 0.71640625 0.30078125 0.31484375
0 0.11640625 0.61796875 0.09375 0.103125
0 0.5515625 0.61796875 0.09609375 0.09609375
0 0.5015625 0.665625 0.05078125 0.06015625
0 0.7828125 0.63359375 0.071875 0.08203125
0 0.984375 0.72734375 0.03125 0.053125
0 0.8171875 0.015625 0.05078125 0.03125
0 0.44140625 0.12265625 0.0625 0.06484375
0 0.13671875 0.19453125 0.0484375 0.0484375
0 0.28359375 0.146875 0.10546875 0.08203125