0 0.16171875 0.0875 0.0765625 0.053125
0 0.17265625 0.15859375 0.06015625 0.084375
0 0.33359375 0.1703125 0.14453125 0.11328125
0 0.34609375 0.34296875 0.0859375 0.0921875
0 0.33984375 0.0109375 0.0546875 0.021875
0 0.75 0.0859375 0.23125 0.171875
0 0.6359375 0.01796875 0.071875 0.0359375
0 0.4390625 0.975 0.06875 0.05
0 0.5609375 0.9609375 0.078125 0.078125
0 0.209375 0.8875 0.053125 0.0796875
0 0.103125 0.8375 0.13671875 0.1296875
0 0.2921875 0.78203125 0.06953125 0.0625
0 0.34765625 0.665625 0.12734375 0.134375
0 0.49296875 0.5921875 0.103125 0.125
0 0.29453125 0.51875 0.0796875 0.0578125
0 0.23125 0.490625 0.0484375 0.0578125
0 0.08359375 0.42265625 0.0984375 0.0671875
0 0.1203125 0.478125 0.0578125 0.0796875
0 0.58984375 0.425 0.0203125 0.0625
0 0.4734375 0.91640625 0.06015625 0.0453125
0 0.59453125 0.534375 0.0109375 0.053125
0 0.3328125 0.4125 0.04296875 0.03125
0 0.88515625 0.96875 0.03359375 0.0265625
0 0.7671875 0.96796875 0.053125 0.0640625
0 0.65234375 0.9890625 0.0484375 0.021875
0 0.684375 0.8125 0.115625 0.11796875
0 0.74140625 0.71015625 0.15625 0.15625
0 0.875 0.65859375 0.06953125 0.07421875
0 0.934375 0.5765625 0.0765625 0.0625
0 0.97578125 0.54140625 0.0453125 0.040625
0 0.9609375 0.47421875 0.04296875 0.05078125
0 0.62734375 0.68359375 0.053125 0.05078125
0 0.64375 0.596875 0.03828125 0.03359375
0 0.6390625 0.55 0.040625 0.0359375
0 0.86640625 0.425 0.02421875 0.0265625
0 0.984375 0.7609375 0.03125 0.05
0 0.91640625 0.79765625 0.0578125 0.04296875