0 0.115625 0.9625 0.13203125 0.07421875
0 0.69375 0.73046875 0.07421875 0.0484375
0 0.68359375 0.665625 0.0578125 0.0765625
0 0.52421875 0.6546875 0.1421875 0.103125
0 0.51171875 0.4828125 0.084375 0.11328125
0 0.26328125 0.2984375 0.2546875 0.24765625
0 0.07109375 0.43515625 0.0765625 0.084375
0 0.509375 0.33984375 0.084375 0.07421875
0 0.446875 0.30625 0.040625 0.05078125
0 0.73828125 0.27421875 0.06015625 0.06484375
0 0.93359375 0.1421875 0.0484375 0.040625
0 0.9625 0.03125 0.07421875 0.0625
0 0.7203125 0.9671875 0.05078125 0.03828125
0 0.9875 0.953125 0.025 0.040625
0 0.915625 0.9625 0.0453125 0.0484375
0 0.92578125 0.83984375 0.040625 0.040625
0 0.51796875 0.81640625 0.053125 0.053125
0 0.19375 0.81640625 0.040625 0.03828125
0 0.353125 0.828125 0.0984375 0.0578125