0 0.13671875 0.99765625 0.134375 0.0046875
0 0.72578125 0.78125 0.0765625 0.053125
0 0.71484375 0.71015625 0.06015625 0.084375
0 0.55390625 0.6984375 0.14453125 0.11328125
0 0.540625 0.509375 0.08671875 0.12265625
0 0.2875 0.30625 0.259375 0.271875
0 0.09140625 0.45703125 0.0796875 0.09140625
0 0.53828125 0.35234375 0.08671875 0.08203125
0 0.475 0.3171875 0.040625 0.05546875
0 0.771875 0.28125 0.0625 0.071875
0 0.9703125 0.1359375 0.05078125 0.0453125
0 0.9796875 0.025 0.0375 0.05
0 0.96171875 0.9015625 0.04296875 0.0453125
0 0.546875 0.875 0.05546875 0.0578125
0 0.21640625 0.875 0.04296875 0.04296875
0 0.37890625 0.88828125 0.10078125 0.06484375