0 0.43046875 0.28515625 0.0984375 0.0296875
0 0.4140625 0.134375 0.11796875 0.09609375
0 0.578125 0.021875 0.10625 0.04375
0 0.19375 0.18359375 0.071875 0.06015625
0 0.1234375 0.12890625 0.09609375 0.103125
0 0.1546875 0.03984375 0.05078125 0.0578125
0 0.103125 0.02265625 0.071875 0.0453125
0 0.290625 0.034375 0.10625 0.06875
0 0.86640625 0.0421875 0.0953125 0.084375
0 0.68046875 0.9890625 0.0578125 0.021875
0 0.6765625 0.78125 0.125 0.13671875
0 0.5640625 0.6921875 0.084375 0.0796875
0 0.7203125 0.63203125 0.0625 0.07421875
0 0.0953125 0.7734375 0.0265625 0.040625
0 0.040625 0.7390625 0.08125 0.1
0 0.1765625 0.62578125 0.053125 0.05078125
0 0.35703125 0.53203125 0.0671875 0.0671875
0 0.45078125 0.56484375 0.04296875 0.04296875
0 0.39765625 0.3984375 0.09375 0.1296875
0 0.34296875 0.98125 0.03828125 0.03359375
0 0.421875 0.95 0.0359375 0.01953125
0 0.0421875 0.5203125 0.084375 0.134375
0 0.20390625 0.3140625 0.0328125 0.028125
0 0.02890625 0.3828125 0.021875 0.040625
0 0.8046875 0.978125 0.090625 0.04375
0 0.84921875 0.859375 0.115625 0.1390625
0 0.90546875 0.728125 0.0890625 0.103125
0 0.83828125 0.759375 0.040625 0.0484375
0 0.8625 0.359375 0.071875 0.08203125
0 0.9875 0.46953125 0.025 0.0921875