0 0.4140625 0.11953125 0.071875 0.1203125
0 0.4171875 0.33671875 0.065625 0.1109375
0 0.43125 0.02578125 0.0375 0.0515625
0 0.94296875 0.0640625 0.1140625 0.128125
0 0.88828125 0.18671875 0.09609375 0.0984375
0 0.7890625 0.17265625 0.103125 0.14453125
0 0.84296875 0.24453125 0.06015625 0.0671875
0 0.825 0.390625 0.09375 0.078125
0 0.45546875 0.2234375 0.0109375 0.05625
0 0.51875 0.15546875 0.06015625 0.0625
0 0.475 0.30078125 0.05 0.0671875
0 0.10390625 0.73203125 0.0765625 0.103125
0 0.03515625 0.74375 0.0703125 0.196875
0 0.115625 0.48046875 0.03828125 0.0453125
0 0.15078125 0.48046875 0.0484375 0.05546875
0 0.18671875 0.4609375 0.2046875 0.0625
0 0.0546875 0.946875 0.06015625 0.06015625
0 0.35546875 0.94375 0.1859375 0.1125
0 0.33125 0.8171875 0.0484375 0.05546875
0 0.28046875 0.90703125 0.03125 0.04296875
0 0.22890625 0.7953125 0.07421875 0.084375
0 0.30703125 0.69296875 0.053125 0.05546875
0 0.3359375 0.7015625 0.05546875 0.0625
0 0.209375 0.59140625 0.040625 0.0578125
0 0.1421875 0.61875 0.0453125 0.04296875
0 0.96171875 0.77890625 0.0765625 0.1171875
0 0.625 0.571875 0.2546875 0.25703125
0 0.571875 0.7875 0.103125 0.103125
0 0.59453125 0.73046875 0.10078125 0.10078125
0 0.95703125 0.4625 0.0796875 0.065625
0 0.546875 0.9375 0.0890625 0.0890625
0 0.6875 0.9203125 0.09609375 0.09609375
0 0.4875 0.865625 0.07421875 0.07421875
0 0.4703125 0.91875 0.040625 0.090625
0 0.5 0.45390625 0.06875 0.0484375
0 0.81328125 0.884375 0.09609375 0.09375
0 0.915625 0.9171875 0.0796875 0.08203125