0 0.0203125 0.25078125 0.040625 0.1203125
0 0.01640625 0.46796875 0.0328125 0.1109375
0 0.609375 0.2109375 0.13671875 0.115625
0 0.86875 0.39453125 0.1109375 0.05546875
0 0.846875 0.2625 0.07421875 0.071875
0 0.559375 0.46640625 0.040625 0.0546875
0 0.60546875 0.1234375 0.06484375 0.0453125
0 0.83984375 0.5484375 0.053125 0.06015625
0 0.490625 0.91015625 0.096875 0.1453125
0 0.45703125 0.7796875 0.15859375 0.15859375
0 0.33671875 0.64609375 0.1640625 0.1140625
0 0.14453125 0.65234375 0.084375 0.084375
0 0.1921875 0.89765625 0.384375 0.2046875
0 0.35390625 0.90625 0.1953125 0.1875
0 0.78125 0.925 0.196875 0.15
0 0.8296875 0.8125 0.08203125 0.08203125
0 0.9140625 0.6828125 0.14921875 0.12265625
0 0.68984375 0.61484375 0.1046875 0.0515625
0 0.5625 0.76953125 0.046875 0.1046875
0 0.61328125 0.9859375 0.1078125 0.028125