0 0.2203125 0.54765625 0.115625 0.1046875
0 0.2390625 0.34375 0.13671875 0.1078125
0 0.053125 0.18203125 0.10625 0.1171875
0 0.61953125 0.0484375 0.0984375 0.096875
0 0.49765625 0.3984375 0.084375 0.0671875
0 0.58046875 0.3359375 0.11328125 0.115625
0 0.54453125 0.2375 0.0578125 0.0625
0 0.60234375 0.19765625 0.084375 0.0890625
0 0.38359375 0.21796875 0.125 0.10546875
0 0.31171875 0.00859375 0.0671875 0.0171875
0 0.10703125 0.034375 0.05546875 0.0578125
0 0.7515625 0.21484375 0.165625 0.2453125
0 0.94140625 0.02109375 0.0578125 0.0421875
0 0.96796875 0.196875 0.0640625 0.096875
0 0.90703125 0.53984375 0.1859375 0.1203125
0 0.809375 0.52578125 0.06015625 0.06953125
0 0.76015625 0.48359375 0.08671875 0.0890625
0 0.76875 0.3984375 0.06484375 0.0578125
0 0.6921875 0.37578125 0.046875 0.0984375
0 0.6765625 0.48203125 0.015625 0.0578125
0 0.91015625 0.34453125 0.0484375 0.0578125
0 0.975 0.35078125 0.05 0.0515625
0 0.8515625 0.13671875 0.06953125 0.0796875
0 0.5171875 0.653125 0.128125 0.10625
0 0.4921875 0.72734375 0.1109375 0.0890625
0 0.1796875 0.69140625 0.09140625 0.06953125
0 0.0984375 0.80390625 0.1296875 0.1296875
0 0.234375 0.88203125 0.0890625 0.0796875
0 0.14453125 0.95546875 0.07421875 0.0796875
0 0.3828125 0.903125 0.103125 0.09140625
0 0.38515625 0.81171875 0.05078125 0.0578125
0 0.3234375 0.70546875 0.053125 0.0578125
0 0.5375 0.89296875 0.146875 0.14453125
0 0.7359375 0.8578125 0.134375 0.228125
0 0.815625 0.921875 0.07421875 0.09375
0 0.94296875 0.96875 0.0765625 0.0625
0 0.815625 0.63046875 0.090625 0.0609375
0 0.7125 0.7125 0.07421875 0.06953125