0 0.25859375 0.80546875 0.0796875 0.0890625
0 0.13125 0.7328125 0.05078125 0.05078125
0 0.1734375 0.6390625 0.0625 0.06953125
0 0.3859375 0.665625 0.13671875 0.17578125
0 0.484375 0.84140625 0.08203125 0.08671875
0 0.68359375 0.9203125 0.0578125 0.0578125
0 0.64453125 0.87734375 0.0625 0.0671875
0 0.8421875 0.734375 0.115625 0.14453125
0 0.86796875 0.5734375 0.06953125 0.06015625
0 0.5890625 0.34609375 0.37734375 0.5765625
0 0.27890625 0.47109375 0.0796875 0.10078125
0 0.134375 0.525 0.06015625 0.0671875
0 0.3015625 0.19609375 0.08671875 0.08671875
0 0.2640625 0.0734375 0.13203125 0.134375
0 0.04296875 0.31953125 0.07421875 0.10078125
0 0.9578125 0.1625 0.0625 0.0796875
0 0.26328125 0.9734375 0.0484375 0.04296875
0 0.39921875 0.87265625 0.05546875 0.0625
0 0.15703125 0.96953125 0.0796875 0.0609375
0 0.125 0.91796875 0.05078125 0.0578125
0 0.1828125 0.47109375 0.03828125 0.05078125
0 0.3125 0.3921875 0.0578125 0.0453125
0 0.11171875 0.4078125 0.040625 0.05546875