0 0.52421875 0.06796875 0.0796875 0.0890625
0 0.646875 0.13984375 0.04375 0.0515625
0 0.609375 0.234375 0.0625 0.06953125
0 0.396875 0.2078125 0.13671875 0.17578125
0 0.29765625 0.0375 0.0828125 0.075
0 0.1375 0.01484375 0.0625 0.0296875
0 0.19296875 0.44453125 0.3765625 0.4109375
0 0.50390625 0.40234375 0.0796875 0.10078125
0 0.64296875 0.34765625 0.0515625 0.0671875
0 0.3828125 0.015625 0.05625 0.03125
0 0.6 0.40234375 0.03828125 0.05078125
0 0.4703125 0.48125 0.0578125 0.0453125
0 0.659375 0.46484375 0.01875 0.0546875
0 0.8765625 0.5609375 0.11328125 0.11796875
0 0.97109375 0.490625 0.0578125 0.065625
0 0.7046875 0.35 0.071875 0.11875
0 0.7734375 0.62421875 0.084375 0.0515625
0 0.25390625 0.7671875 0.09609375 0.08203125
0 0.3875 0.66328125 0.05 0.0265625
0 0.109375 0.90546875 0.0453125 0.05546875
0 0.43515625 0.8421875 0.2953125 0.315625
0 0.765625 0.9875 0.090625 0.025
0 0.69609375 0.7203125 0.0546875 0.140625
0 0.815625 0.87265625 0.0796875 0.0890625
0 0.85859375 0.79609375 0.09609375 0.103125
0 0.93125 0.69453125 0.103125 0.0890625
0 0.865625 0.95625 0.26875 0.0875
0 0.790625 0.6828125 0.0625 0.06015625
0 0.9875 0.8140625 0.025 0.053125