0 0.42421875 0.11796875 0.1109375 0.115625
0 0.27890625 0.1234375 0.0671875 0.0671875
0 0.27265625 0.22734375 0.0890625 0.09140625
0 0.475 0.30078125 0.2015625 0.21875
0 0.6421875 0.18984375 0.11328125 0.115625
0 0.85546875 0.209375 0.0796875 0.0796875
0 0.80078125 0.23046875 0.08671875 0.0890625
0 0.9125 0.446875 0.16796875 0.18046875
0 0.8609375 0.60234375 0.0890625 0.08671875
0 0.509375 0.6671875 0.5984375 0.665625
0 0.290625 0.42421875 0.11796875 0.125
0 0.1859375 0.3109375 0.084375 0.0890625
0 0.18515625 0.68046875 0.11796875 0.11796875
0 0.09609375 0.771875 0.18046875 0.18046875
0 0.03359375 0.4515625 0.0671875 0.12265625
0 0.75234375 0.9796875 0.09375 0.040625
0 0.58046875 0.12265625 0.0765625 0.08203125
0 0.2046875 0.38125 0.0578125 0.0625
0 0.28515625 0.5109375 0.071875 0.0671875
0 0.11328125 0.4046875 0.0625 0.0671875