0 0.13046875 0.1375 0.1734375 0.19921875
0 0.26171875 0.0140625 0.1015625 0.028125
0 0.28046875 0.33046875 0.4578125 0.3171875
0 0.01875 0.31484375 0.0375 0.1140625
0 0.02265625 0.39921875 0.0453125 0.0546875
0 0.86953125 0.09296875 0.2609375 0.1859375
0 0.94140625 0.4078125 0.1171875 0.1625
0 0.9234375 0.2515625 0.10546875 0.1078125
0 0.7 0.26015625 0.10078125 0.1203125
0 0.64765625 0.30703125 0.09140625 0.10546875
0 0.7578125 0.41328125 0.08671875 0.1109375
0 0.68203125 0.43671875 0.0796875 0.084375
0 0.140625 0.7375 0.28125 0.496875
0 0.6046875 0.96875 0.08125 0.0625
0 0.53046875 0.73203125 0.0421875 0.0890625
0 0.6328125 0.6 0.07421875 0.08203125
0 0.52734375 0.590625 0.0359375 0.075
0 0.71796875 0.5125 0.0734375 0.046875
0 0.9578125 0.6859375 0.084375 0.096875
0 0.7640625 0.7265625 0.06484375 0.06015625
0 0.775 0.66953125 0.0625 0.06015625
0 0.990625 0.91640625 0.01875 0.0765625
0 0.91796875 0.55625 0.1640625 0.134375