0 0.04296875 0.0640625 0.0765625 0.08203125
0 0.25625 0.09453125 0.175 0.1890625
0 0.33828125 0.36484375 0.4234375 0.4890625
0 0.10703125 0.2515625 0.10078125 0.115625
0 0.0078125 0.16484375 0.015625 0.0796875
0 0.0640625 0.525 0.10546875 0.10546875
0 0.01875 0.22890625 0.0375 0.0578125
0 0.12109375 0.33671875 0.06484375 0.0578125
0 0.5703125 0.45390625 0.040625 0.1796875
0 0.6109375 0.38671875 0.121875 0.1578125
0 0.87109375 0.39375 0.21640625 0.23046875
0 0.6453125 0.0640625 0.165625 0.128125
0 0.7640625 0.0453125 0.103125 0.090625
0 0.56953125 0.11953125 0.0390625 0.1203125
0 0.56171875 0.20703125 0.0234375 0.1078125
0 0.928125 0.03046875 0.103125 0.0609375
0 0.965625 0.30625 0.06875 0.10625
0 0.8046875 0.1890625 0.09140625 0.09140625
0 0.15390625 0.95078125 0.1171875 0.0984375
0 0.27109375 0.903125 0.3140625 0.19375
0 0.1359375 0.6859375 0.165625 0.153125
0 0.11015625 0.87421875 0.10078125 0.10078125
0 0.040625 0.92734375 0.08125 0.0921875
0 0.4203125 0.9015625 0.0671875 0.0671875
0 0.3625 0.8375 0.05078125 0.05078125
0 0.43828125 0.625 0.0796875 0.03125
0 0.3140625 0.62109375 0.053125 0.0234375
0 0.01640625 0.75390625 0.0328125 0.0796875
0 0.05625 0.78125 0.0578125 0.0578125
0 0.959375 0.8015625 0.08125 0.125
0 0.97109375 0.6984375 0.0578125 0.071875
0 0.91796875 0.890625 0.125 0.125
0 0.71875 0.90546875 0.3375 0.1890625
0 0.58984375 0.75234375 0.071875 0.071875
0 0.73828125 0.8 0.0984375 0.0984375
0 0.66796875 0.83515625 0.08203125 0.08203125
0 0.64140625 0.72421875 0.0625 0.06015625
0 0.746875 0.74609375 0.06484375 0.0625
0 0.8296875 0.74375 0.06484375 0.06484375
0 0.8453125 0.8359375 0.06484375 0.0671875
0 0.875 0.65078125 0.115625 0.0828125
0 0.78671875 0.6265625 0.0546875 0.034375
0 0.67109375 0.65078125 0.2140625 0.0828125