0 0.5515625 0.12265625 0.071875 0.0671875
0 0.640625 0.05390625 0.0625 0.0484375
0 0.21015625 0.0421875 0.0625 0.0453125
0 0.4546875 0.03984375 0.03828125 0.0484375
0 0.14765625 0.28359375 0.03359375 0.0453125
0 0.1078125 0.2390625 0.03828125 0.03125
0 0.87265625 0.18046875 0.0578125 0.053125
0 0.86875 0.4046875 0.125 0.13671875
0 0.75625 0.49375 0.084375 0.0796875
0 0.9125 0.55390625 0.0625 0.07421875
0 0.2875 0.4125 0.0265625 0.040625
0 0.225 0.44609375 0.0984375 0.10078125
0 0.36875 0.56015625 0.053125 0.05078125
0 0.54921875 0.65390625 0.0671875 0.0671875
0 0.64296875 0.62109375 0.04296875 0.04296875
0 0.58984375 0.7875 0.09375 0.1296875
0 0.53515625 0.2046875 0.03828125 0.03359375
0 0.6140625 0.2359375 0.0359375 0.01953125
0 0.203125 0.66484375 0.146875 0.134375
0 0.396875 0.87890625 0.03359375 0.04296875
0 0.15625 0.796875 0.03359375 0.02421875
0 0.22109375 0.803125 0.021875 0.040625
0 0.0640625 0.90390625 0.040625 0.03359375
0 0.36328125 0.9640625 0.03828125 0.0453125