0 0.34375 0.15234375 0.09609375 0.09609375
0 0.38359375 0.0484375 0.0796875 0.07421875
0 0.025 0.265625 0.05 0.071875
0 0.2171875 0.13359375 0.0578125 0.06015625
0 0.08671875 0.50234375 0.053125 0.0578125
0 0.0296875 0.4859375 0.05078125 0.0453125
0 0.646875 0.03515625 0.0765625 0.06953125
0 0.76328125 0.2234375 0.18046875 0.1828125
0 0.7125 0.359375 0.11328125 0.1109375
0 0.87890625 0.328125 0.09375 0.09609375
0 0.27265625 0.53828125 0.04296875 0.0484375
0 0.23828125 0.6 0.13671875 0.13671875
0 0.4203125 0.6203125 0.06953125 0.06953125
0 0.62265625 0.6046875 0.09375 0.09375
0 0.6859375 0.52734375 0.06015625 0.06015625
0 0.728125 0.69609375 0.14921875 0.1609375
0 0.37265625 0.23046875 0.05078125 0.05078125
0 0.45703125 0.21484375 0.040625 0.0359375
0 0.33515625 0.796875 0.19453125 0.1921875
0 0.61328125 0.875 0.05078125 0.05546875
0 0.365625 0.93359375 0.04296875 0.03828125
0 0.42421875 0.9046875 0.040625 0.0453125
0 0.6296875 0.96640625 0.0578125 0.06015625