0 0.31328125 0.31484375 0.0734375 0.0796875
0 0.0484375 0.03203125 0.05546875 0.053125
0 0.71015625 0.0515625 0.1015625 0.103125
0 0.63125 0.146875 0.0796875 0.06953125
0 0.49921875 0.2515625 0.103125 0.1296875
0 0.44296875 0.35625 0.1109375 0.1078125
0 0.38203125 0.17578125 0.0640625 0.0671875
0 0.8140625 0.1171875 0.040625 0.0484375
0 0.90703125 0.02109375 0.0453125 0.0421875
0 0.9640625 0.378125 0.0578125 0.053125
0 0.3015625 0.45078125 0.084375 0.0640625
0 0.12578125 0.7125 0.06015625 0.0671875
0 0.153125 0.5984375 0.0578125 0.05546875
0 0.0953125 0.584375 0.0453125 0.0453125
0 0.29609375 0.68046875 0.04296875 0.03828125
0 0.96796875 0.4578125 0.0640625 0.0625
0 0.68203125 0.9828125 0.0765625 0.034375