0 0.03359375 0.32890625 0.0671875 0.0796875
0 0.0140625 0.23671875 0.028125 0.0828125
0 0.02890625 0.08359375 0.053125 0.05078125
0 0.25 0.02734375 0.02890625 0.0484375
0 0.83046875 0.1703125 0.05546875 0.0765625
0 0.7046875 0.134375 0.1078125 0.11328125
0 0.60703125 0.0734375 0.103125 0.115625
0 0.58515625 0.2765625 0.12265625 0.146875
0 0.75625 0.27734375 0.0984375 0.103125
0 0.93046875 0.48984375 0.0359375 0.0203125
0 0.71640625 0.3796875 0.06953125 0.08671875
0 0.65859375 0.3921875 0.07421875 0.09140625
0 0.63125 0.4671875 0.1 0.065625
0 0.4203125 0.33125 0.0625 0.128125
0 0.453125 0.4515625 0.053125 0.053125
0 0.34921875 0.6515625 0.0796875 0.1
0 0.3140625 0.6984375 0.0796875 0.0765625
0 0.2296875 0.6875 0.08203125 0.0890625
0 0.1765625 0.796875 0.10078125 0.10078125
0 0.3703125 0.865625 0.0375 0.103125
0 0.36328125 0.96328125 0.0515625 0.0734375
0 0.24921875 0.9203125 0.103125 0.1078125
0 0.09296875 0.5328125 0.1015625 0.065625
0 0.07890625 0.84453125 0.1578125 0.3109375
0 0.946875 0.5125 0.10625 0.025
0 0.8859375 0.71875 0.0890625 0.0890625
0 0.83828125 0.7703125 0.08671875 0.09140625
0 0.9546875 0.796875 0.071875 0.071875
0 0.784375 0.8734375 0.1109375 0.10078125
0 0.43046875 0.98203125 0.0828125 0.0359375
0 0.64375 0.734375 0.509375 0.46875
0 0.9609375 0.93359375 0.078125 0.1328125