0 0.484375 0.06953125 0.178125 0.1390625
0 0.140625 0.134375 0.2328125 0.2640625
0 0.959375 0.5109375 0.06953125 0.0765625
0 0.32109375 0.51328125 0.07421875 0.0765625
0 0.490625 0.38828125 0.10078125 0.0796875
0 0.47109375 0.4796875 0.0625 0.08203125
0 0.50234375 0.63359375 0.053125 0.05078125
0 0.7234375 0.68984375 0.02890625 0.0484375
0 0.0609375 0.78984375 0.05078125 0.05078125
0 0.4625 0.74609375 0.05078125 0.0625
0 0.6625 0.75703125 0.0578125 0.06015625
0 0.57109375 0.9796875 0.07421875 0.040625
0 0.30078125 0.87109375 0.04296875 0.06015625
0 0.94453125 0.1828125 0.084375 0.06484375
0 0.4 0.9796875 0.04296875 0.040625