0 0.20703125 0.796875 0.2765625 0.290625
0 0.3578125 0.16796875 0.14921875 0.13671875
0 0.50234375 0.0890625 0.07421875 0.07421875
0 0.74765625 0.0140625 0.0609375 0.028125
0 0.75859375 0.08046875 0.071875 0.0671875
0 0.53359375 0.32421875 0.06953125 0.06953125
0 0.0421875 0.3734375 0.084375 0.1875
0 0.6515625 0.4546875 0.0765625 0.07421875
0 0.6734375 0.90390625 0.11796875 0.11796875
0 0.96953125 0.646875 0.0609375 0.096875
0 0.490625 0.49765625 0.05546875 0.0671875
0 0.62734375 0.671875 0.0671875 0.08203125