0 0.40703125 0.33125 0.2046875 0.290625
0 0.0171875 0.4375 0.034375 0.11875
0 0.15859375 0.0328125 0.0546875 0.065625
0 0.028125 0.20546875 0.05625 0.0828125
0 0.53203125 0.0875 0.0453125 0.115625
0 0.7484375 0.12578125 0.10078125 0.1109375
0 0.8796875 0.40234375 0.1734375 0.19453125
0 0.9234375 0.07265625 0.153125 0.1453125
0 0.6859375 0.33125 0.1078125 0.0984375
0 0.54296875 0.4078125 0.0671875 0.1
0 0.94453125 0.403125 0.1109375 0.2125
0 0.34140625 0.59921875 0.3046875 0.1796875
0 0.45703125 0.81328125 0.1046875 0.2421875
0 0.48359375 0.940625 0.0515625 0.103125
0 0.4375 0.91796875 0.0984375 0.09609375
0 0.375 0.83046875 0.084375 0.0796875
0 0.3625 0.88828125 0.0796875 0.0765625
0 0.1328125 0.96953125 0.0625 0.0609375
0 0.078125 0.95390625 0.0875 0.0921875
0 0.02578125 0.75078125 0.0515625 0.0859375
0 0.55703125 0.55 0.0921875 0.08125
0 0.57109375 0.8796875 0.084375 0.08203125
0 0.5890625 0.71171875 0.1109375 0.11796875
0 0.73203125 0.58828125 0.07421875 0.08203125