0 0.1390625 0.41796875 0.15625 0.1234375
0 0.23828125 0.396875 0.1484375 0.165625
0 0.35234375 0.3453125 0.0953125 0.146875
0 0.35859375 0.24921875 0.0828125 0.0859375
0 0.1984375 0.27265625 0.146875 0.15625
0 0.1328125 0.15 0.14921875 0.1515625
0 0.0609375 0.24453125 0.121875 0.4703125
0 0.48046875 0.315625 0.1515625 0.13671875
0 0.40859375 0.3515625 0.0171875 0.09375
0 0.41171875 0.2546875 0.0234375 0.0625
0 0.546875 0.22109375 0.10546875 0.0890625
0 0.6015625 0.1484375 0.12734375 0.115625
0 0.63671875 0.0375 0.1328125 0.075
0 0.7328125 0.06484375 0.07421875 0.09375
0 0.878125 0.20546875 0.1390625 0.14921875
0 0.36328125 0.9578125 0.0734375 0.084375
0 0.2 0.7484375 0.08671875 0.1078125
0 0.2734375 0.753125 0.05546875 0.0890625
0 0.19765625 0.91796875 0.06484375 0.06953125
0 0.3921875 0.62265625 0.015625 0.0640625
0 0.94609375 0.97578125 0.0640625 0.0484375
0 0.6265625 0.965625 0.134375 0.06875
0 0.45546875 0.90703125 0.0625 0.0625
0 0.74375 0.96484375 0.06484375 0.06484375
0 0.71640625 0.90859375 0.0625 0.0625
0 0.86875 0.90859375 0.0671875 0.071875
0 0.92890625 0.95078125 0.03828125 0.03828125
0 0.903125 0.93359375 0.03828125 0.03828125
0 0.91328125 0.90390625 0.040625 0.040625
0 0.95546875 0.86015625 0.04296875 0.04296875
0 0.9484375 0.81484375 0.053125 0.053125
0 0.91953125 0.76875 0.04296875 0.0453125
0 0.74140625 0.73203125 0.053125 0.053125
0 0.921875 0.6203125 0.03828125 0.03828125