0 0.1828125 0.3328125 0.365625 0.571875
0 0.2921875 0.1421875 0.0578125 0.08203125
0 0.3328125 0.2125 0.05546875 0.09140625
0 0.18046875 0.309375 0.0578125 0.071875
0 0.91953125 0.125 0.08671875 0.08671875
0 0.8109375 0.1375 0.0765625 0.08203125
0 0.74609375 0.303125 0.13203125 0.1078125
0 0.5296875 0.45078125 0.08203125 0.06484375
0 0.74609375 0.571875 0.0578125 0.0578125
0 0.86328125 0.46796875 0.053125 0.06953125
0 0.04375 0.8953125 0.0875 0.10625
0 0.13359375 0.7671875 0.18515625 0.1875
0 0.2 0.6796875 0.10546875 0.0984375
0 0.38515625 0.83203125 0.0296875 0.0734375
0 0.3796875 0.98203125 0.040625 0.0359375
0 0.1375 0.9875 0.075 0.025
0 0.55078125 0.86484375 0.22578125 0.228125
0 0.91640625 0.95078125 0.1515625 0.0984375
0 0.72265625 0.690625 0.1078125 0.10078125
0 0.7828125 0.82578125 0.10078125 0.10078125