0 0.4734375 0.27421875 0.43125 0.3703125
0 0.3359375 0.178125 0.06015625 0.0765625
0 0.29375 0.24296875 0.0578125 0.084375
0 0.0953125 0.39609375 0.190625 0.1265625
0 0.134375 0.21171875 0.0625 0.053125
0 0.071875 0.10625 0.05546875 0.06484375
0 0.4515625 0.334375 0.06015625 0.0671875
0 0.6796875 0.0140625 0.01875 0.028125
0 0.8453125 0.40625 0.0671875 0.08203125
0 0.78984375 0.16484375 0.10078125 0.1078125
0 0.70390625 0.12265625 0.02890625 0.134375
0 0.73203125 0.021875 0.0671875 0.04375
0 0.7078125 0.29765625 0.0375 0.2328125
0 0.8984375 0.2296875 0.203125 0.459375
0 0.88125 0.32265625 0.0671875 0.0796875
0 0.1203125 0.7765625 0.1390625 0.1390625
0 0.1578125 0.896875 0.06953125 0.06953125
0 0.24453125 0.9125 0.084375 0.08203125
0 0.9828125 0.50390625 0.034375 0.0484375
0 0.70546875 0.6078125 0.0328125 0.065625
0 0.9875 0.90390625 0.025 0.0828125