0 0.43828125 0.234375 0.4421875 0.46875
0 0.29765625 0.41484375 0.0625 0.0796875
0 0.2625 0.3484375 0.0625 0.08671875
0 0.0953125 0.146875 0.190625 0.2125
0 0.109375 0.365625 0.0625 0.0578125
0 0.03984375 0.4484375 0.0578125 0.040625
0 0.421875 0.27421875 0.0625 0.06953125
0 0.759375 0.13515625 0.09609375 0.103125
0 0.8171875 0.4546875 0.0625 0.028125
0 0.86015625 0.36328125 0.0671875 0.06953125
0 0.821875 0.23359375 0.06953125 0.0796875
0 0.96015625 0.37734375 0.0796875 0.1265625
0 0.18984375 0.9109375 0.2640625 0.178125
0 0.0078125 0.928125 0.015625 0.05625
0 0.38359375 0.98046875 0.1046875 0.0390625
0 0.25703125 0.6171875 0.11328125 0.11796875
0 0.6046875 0.7328125 0.05546875 0.0578125
0 0.67265625 0.515625 0.0265625 0.03125
0 0.90625 0.4953125 0.059375 0.053125
0 0.975 0.478125 0.05 0.01875
0 0.9640625 0.54140625 0.071875 0.0828125
0 0.73828125 0.6375 0.053125 0.05078125
0 0.82109375 0.67109375 0.053125 0.05078125
0 0.825 0.7234375 0.04296875 0.040625
0 0.7265625 0.7078125 0.0796875 0.06953125
0 0.671875 0.77734375 0.025 0.0578125
0 0.68125 0.79609375 0.04375 0.0421875
0 0.7203125 0.803125 0.0578125 0.053125
0 0.77109375 0.7703125 0.03828125 0.03828125
0 0.96171875 0.60703125 0.03828125 0.03828125
0 0.98671875 0.6125 0.0265625 0.05
0 0.9578125 0.78515625 0.084375 0.0890625
0 0.8390625 0.8234375 0.040625 0.0453125
0 0.815625 0.853125 0.06015625 0.06015625
0 0.8515625 0.9421875 0.06484375 0.06015625