0 0.29140625 0.4171875 0.5828125 0.603125
0 0.459375 0.41015625 0.0984375 0.103125
0 0.475 0.4953125 0.10078125 0.11328125
0 0.26328125 0.50625 0.09375 0.09609375
0 0.05546875 0.1890625 0.084375 0.10078125
0 0.40625 0.109375 0.178125 0.17578125
0 0.4484375 0.02421875 0.09375 0.0484375
0 0.11484375 0.09375 0.09609375 0.0890625
0 0.1578125 0.0578125 0.07421875 0.07421875
0 0.95 0.67421875 0.1 0.0890625
0 0.97265625 0.59765625 0.0546875 0.0921875
0 0.7890625 0.44296875 0.09609375 0.09609375
0 0.753125 0.3578125 0.115625 0.10546875
0 0.659375 0.3390625 0.08125 0.128125
0 0.89140625 0.2984375 0.12734375 0.15390625
0 0.8546875 0.046875 0.178125 0.09375
0 0.7484375 0.071875 0.1296875 0.134375
0 0.02421875 0.875 0.040625 0.0453125
0 0.25546875 0.975 0.1109375 0.05
0 0.47265625 0.94453125 0.053125 0.0578125
0 0.43515625 0.9015625 0.05078125 0.0625
0 0.384375 0.88203125 0.040625 0.053125
0 0.3078125 0.80625 0.0578125 0.06015625
0 0.31328125 0.75078125 0.0734375 0.0640625
0 0.6078125 0.88984375 0.021875 0.0765625
0 0.5953125 0.9125 0.040625 0.05078125
0 0.5125 0.85625 0.07421875 0.071875
0 0.5015625 0.78359375 0.03828125 0.05546875
0 0.5828125 0.7546875 0.0359375 0.0453125
0 0.13203125 0.9 0.05078125 0.053125
0 0.1671875 0.97109375 0.05078125 0.05546875