0 0.328125 0.68359375 0.65625 0.63203125
0 0.57578125 0.50703125 0.0625 0.0796875
0 0.6109375 0.5734375 0.0625 0.08671875
0 0.7921875 0.77421875 0.21875 0.21171875
0 0.7640625 0.55625 0.0625 0.0578125
0 0.8328125 0.459375 0.0578125 0.0671875
0 0.4515625 0.64765625 0.0625 0.06953125
0 0.1875 0.44453125 0.08671875 0.084375
0 0.046875 0.5796875 0.0625 0.0625
0 0.02421875 0.79921875 0.0484375 0.10078125
0 0.0375 0.46015625 0.07421875 0.11328125
0 0.4546875 0.271875 0.1203125 0.125
0 0.11796875 0.22265625 0.18984375 0.2328125
0 0.19609375 0.05546875 0.071875 0.07421875
0 0.0953125 0.025 0.059375 0.05
0 0.26953125 0.046875 0.071875 0.0796875
0 0.3296875 0.06875 0.0671875 0.0890625
0 0.384375 0.12890625 0.06484375 0.0765625
0 0.4578125 0.1703125 0.06484375 0.0625
0 0.94375 0.2390625 0.071875 0.07421875
0 0.79921875 0.24375 0.07421875 0.084375
0 0.85 0.98984375 0.08125 0.0203125
0 0.93125 0.9578125 0.05078125 0.0796875
0 0.22578125 0.35 0.06953125 0.06015625
0 0.25 0.30546875 0.05078125 0.053125
0 0.75390625 0.11875 0.03828125 0.04296875
0 0.7328125 0.040625 0.03828125 0.03359375
0 0.8890625 0.1390625 0.040625 0.0453125
0 0.7984375 0.1234375 0.0359375 0.03828125