0 0.3578125 0.81953125 0.15390625 0.15390625
0 0.4328125 0.978125 0.15859375 0.04296875
0 0.053125 0.6671875 0.10546875 0.11796875
0 0.00859375 0.446875 0.0171875 0.1875
0 0.3109375 0.56640625 0.20703125 0.20703125
0 0.47109375 0.5671875 0.1421875 0.1421875
0 0.61640625 0.7515625 0.0890625 0.0890625
0 0.7609375 0.64765625 0.11796875 0.11796875
0 0.69609375 0.54921875 0.125 0.125
0 0.56953125 0.48671875 0.15625 0.15625
0 0.49609375 0.1453125 0.1875 0.1875
0 0.8125 0.296875 0.1609375 0.1609375
0 0.8171875 0.384375 0.11796875 0.11796875
0 0.9625 0.4234375 0.07421875 0.125
0 0.96171875 0.54296875 0.0765625 0.2015625
0 0.87265625 0.1875 0.08203125 0.08203125
0 0.16328125 0.75234375 0.103125 0.103125
0 0.5578125 0.33203125 0.146875 0.146875