0 0.61640625 0.496875 0.1703125 0.10625
0 0.48046875 0.4984375 0.1203125 0.103125
0 0.22890625 0.51171875 0.0984375 0.0765625
0 0.296875 0.4515625 0.10546875 0.103125
0 0.4109375 0.42109375 0.13203125 0.1296875
0 0.51875 0.1453125 0.15859375 0.15625
0 0.234375 0.21796875 0.134375 0.13671875
0 0.2171875 0.290625 0.0984375 0.0984375
0 0.0703125 0.29296875 0.103125 0.10546875
0 0.053125 0.38828125 0.10625 0.1734375
0 0.184375 0.09453125 0.10078125 0.10078125
0 0.22109375 0.03359375 0.1296875 0.0671875
0 0.4421875 0.29296875 0.12265625 0.12265625
0 0.98125 0.46328125 0.0375 0.0703125
0 0.965625 0.09140625 0.06875 0.0703125
0 0.26953125 0.7671875 0.38203125 0.38203125
0 0.39609375 0.66171875 0.1203125 0.115625
0 0.6625 0.86328125 0.2234375 0.22578125
0 0.64453125 0.7359375 0.1703125 0.1609375
0 0.57109375 0.9765625 0.1703125 0.046875
0 0.51015625 0.97109375 0.0765625 0.0578125
0 0.04609375 0.9734375 0.0921875 0.053125
0 0.1703125 0.89375 0.1296875 0.13203125
0 0.02265625 0.75390625 0.0453125 0.0578125
0 0.1953125 0.60859375 0.0890625 0.0765625
0 0.4484375 0.575 0.115625 0.05
0 0.6078125 0.58359375 0.06015625 0.0625
0 0.69140625 0.6125 0.06015625 0.06015625
0 0.25 0.95703125 0.0875 0.0859375
0 0.75390625 0.9765625 0.0515625 0.046875
0 0.9359375 0.9078125 0.128125 0.121875
0 0.990625 0.828125 0.01875 0.1125
0 0.97890625 0.76015625 0.0421875 0.0734375
0 0.87421875 0.77265625 0.0984375 0.06953125
0 0.95234375 0.703125 0.05546875 0.06015625
0 0.8953125 0.63671875 0.09609375 0.1078125
0 0.9875 0.6546875 0.025 0.0625