0 0.29453125 0.0140625 0.1046875 0.028125
0 0.2328125 0.21015625 0.134375 0.13671875
0 0.215625 0.1375 0.0984375 0.0984375
0 0.06875 0.13515625 0.103125 0.10546875
0 0.05234375 0.0625 0.1046875 0.125
0 0.1828125 0.33359375 0.10078125 0.10078125
0 0.2203125 0.42109375 0.1296875 0.12265625
0 0.62421875 0.4296875 0.03828125 0.04296875
0 0.53359375 0.215625 0.0625 0.115625
0 0.6453125 0.33671875 0.04296875 0.0453125
0 0.725 0.22109375 0.0578125 0.0671875
0 0.90859375 0.20546875 0.07421875 0.0796875
0 0.828125 0.140625 0.08671875 0.0625
0 0.384375 0.07578125 0.03125 0.0671875
0 0.80546875 0.3203125 0.03125 0.02890625
0 0.53125 0.36953125 0.03125 0.03359375
0 0.64921875 0.97734375 0.1390625 0.0453125
0 0.4140625 0.82421875 0.090625 0.1734375
0 0.68984375 0.9234375 0.0984375 0.0984375
0 0.9203125 0.87734375 0.159375 0.1640625
0 0.8609375 0.9640625 0.125 0.071875
0 0.94140625 0.96015625 0.1171875 0.0796875
0 0.9390625 0.63984375 0.0984375 0.0984375