0 0.3328125 0.19609375 0.1296875 0.1296875
0 0.3921875 0.03984375 0.134375 0.0796875
0 0.07109375 0.32109375 0.10078125 0.10078125
0 0.025 0.5234375 0.05 0.19375
0 0.29921875 0.4125 0.178125 0.178125
0 0.4359375 0.4125 0.12265625 0.12265625
0 0.55546875 0.25859375 0.07421875 0.07421875
0 0.775 0.13359375 0.12265625 0.12265625
0 0.68125 0.35 0.10078125 0.10078125
0 0.62890625 0.4328125 0.10546875 0.10546875
0 0.52265625 0.484375 0.134375 0.134375
0 0.4671875 0.775 0.1609375 0.15859375
0 0.734375 0.65 0.1390625 0.1390625
0 0.73671875 0.57578125 0.10078125 0.10078125
0 0.8796875 0.5453125 0.10546875 0.10546875
0 0.91015625 0.4421875 0.1734375 0.1734375
0 0.80546875 0.76171875 0.103125 0.103125
0 0.7859375 0.8546875 0.1296875 0.1296875
0 0.58203125 0.96484375 0.146875 0.06953125
0 0.9515625 0.36796875 0.09609375 0.103125
0 0.16796875 0.25 0.08671875 0.08671875
0 0.515625 0.61640625 0.125 0.125