0 0.4359375 0.11875 0.1703125 0.17578125
0 0.48125 0.2515625 0.115625 0.11875
0 0.51171875 0.44453125 0.0546875 0.1015625
0 0.446875 0.359375 0.134375 0.1296875
0 0.1390625 0.40234375 0.15859375 0.15390625
0 0.3609375 0.565625 0.1375 0.028125
0 0.43515625 0.5640625 0.0984375 0.03125
0 0.31484375 0.39609375 0.125 0.1203125
0 0.75078125 0.503125 0.1421875 0.1421875
0 0.66640625 0.44140625 0.09375 0.09375
0 0.76015625 0.2828125 0.18046875 0.18515625
0 0.7046875 0.35390625 0.10078125 0.103125
0 0.653125 0.19296875 0.228125 0.2359375
0 0.65390625 0.0328125 0.0984375 0.065625
0 0.440625 0.778125 0.1515625 0.16328125
0 0.15703125 0.759375 0.1109375 0.09140625
0 0.50546875 0.92578125 0.05546875 0.0578125
0 0.14140625 0.89453125 0.0796875 0.0484375
0 0.853125 0.66875 0.09375 0.08203125
0 0.8171875 0.95859375 0.096875 0.0828125
0 0.96875 0.940625 0.0625 0.059375