0 0.29375 0.24375 0.21640625 0.2015625
0 0.10703125 0.2515625 0.084375 0.0984375
0 0.51328125 0.075 0.084375 0.08203125
0 0.47578125 0.3625 0.1703125 0.13671875
0 0.46015625 0.51015625 0.1515625 0.1578125
0 0.17734375 0.578125 0.0703125 0.021875
0 0.19140625 0.53203125 0.0484375 0.0484375
0 0.1359375 0.49375 0.06015625 0.0671875
0 0.03359375 0.41796875 0.0671875 0.0671875
0 0.1640625 0.02578125 0.096875 0.0515625
0 0.85234375 0.01484375 0.0890625 0.0296875
0 0.8796875 0.034375 0.071875 0.05546875
0 0.71484375 0.01015625 0.0671875 0.0203125
0 0.675 0.071875 0.071875 0.07421875
0 0.66328125 0.12265625 0.04296875 0.053125
0 0.825 0.10703125 0.06953125 0.053125
0 0.80703125 0.15 0.08671875 0.08203125
0 0.8828125 0.1875 0.06484375 0.06015625
0 0.7625 0.3703125 0.13671875 0.134375
0 0.84296875 0.4296875 0.084375 0.0796875
0 0.83359375 0.3 0.05546875 0.05078125
0 0.89609375 0.31328125 0.053125 0.05546875
0 0.63671875 0.58046875 0.0734375 0.0171875
0 0.99375 0.07578125 0.0125 0.0453125
0 0.315625 0.8375 0.1609375 0.18515625
0 0.4109375 0.65078125 0.071875 0.08671875
0 0.54375 0.61171875 0.053125 0.0453125
0 0.5265625 0.80625 0.071875 0.0578125
0 0.428125 0.8203125 0.05546875 0.06015625
0 0.2015625 0.68828125 0.0578125 0.0796875
0 0.0234375 0.71171875 0.046875 0.0734375
0 0.83984375 0.79453125 0.3203125 0.4109375
0 0.85546875 0.6109375 0.1390625 0.04375
0 0.64375 0.640625 0.0875 0.103125