0 0.1578125 0.1203125 0.21640625 0.2015625
0 0.50625 0.17265625 0.0625 0.0796875
0 0.33984375 0.2390625 0.1703125 0.13671875
0 0.32421875 0.36328125 0.1515625 0.1109375
0 0.05546875 0.4015625 0.0484375 0.034375
0 0.01484375 0.36953125 0.0296875 0.0671875
0 0.96796875 0.378125 0.0640625 0.08125
0 0.89765625 0.02421875 0.0671875 0.0484375
0 0.853125 0.0671875 0.0796875 0.0625
0 0.7640625 0.1359375 0.07421875 0.0765625
0 0.284375 0.9796875 0.134375 0.040625
0 0.3890625 0.928125 0.15 0.14375
0 0.5140625 0.9875 0.125 0.025
0 0.50078125 0.77265625 0.15625 0.15625
0 0.5859375 0.71875 0.128125 0.146875
0 0.4109375 0.5984375 0.084375 0.0765625
0 0.2015625 0.4796875 0.08671875 0.08671875
0 0.16015625 0.44375 0.0890625 0.05
0 0.121875 0.70390625 0.24375 0.5703125
0 0.2328125 0.88203125 0.1828125 0.1921875
0 0.959375 0.95234375 0.08125 0.0953125
0 0.746875 0.68046875 0.05078125 0.09140625
0 0.875 0.584375 0.06484375 0.06953125
0 0.79921875 0.475 0.103125 0.09375