0 0.03515625 0.17109375 0.0703125 0.1890625
0 0.20078125 0.4453125 0.2546875 0.028125
0 0.1671875 0.33671875 0.0890625 0.0890625
0 0.303125 0.271875 0.0796875 0.0671875
0 0.2890625 0.1953125 0.05546875 0.05546875
0 0.35 0.15078125 0.06953125 0.0796875
0 0.44375 0.06171875 0.03125 0.0796875
0 0.79140625 0.43515625 0.0953125 0.0484375
0 0.3421875 0.890625 0.21875 0.21875
0 0.18828125 0.7859375 0.09375 0.103125
0 0.0921875 0.87109375 0.1109375 0.1078125
0 0.071875 0.82421875 0.0671875 0.06484375
0 0.009375 0.9234375 0.01875 0.084375
0 0.084375 0.66796875 0.06953125 0.0796875
0 0.3390625 0.53984375 0.1515625 0.146875
0 0.3796875 0.70703125 0.159375 0.2265625
0 0.59296875 0.57421875 0.0796875 0.0671875
0 0.55078125 0.628125 0.06015625 0.084375
0 0.95625 0.5921875 0.08671875 0.08203125
0 0.83671875 0.7890625 0.0765625 0.07421875
0 0.8109375 0.91796875 0.084375 0.06953125
0 0.9796875 0.9375 0.040625 0.05