0 0.14375 0.2796875 0.21640625 0.24765625
0 0.11171875 0.16640625 0.0671875 0.0796875
0 0.3375 0.246875 0.16328125 0.15625
0 0.39296875 0.2 0.084375 0.0765625
0 0.48203125 0.22890625 0.0359375 0.1484375
0 0.41875 0.38515625 0.1625 0.1078125
0 0.075 0.4234375 0.059375 0.03125
0 0.0140625 0.378125 0.028125 0.11875
0 0.41015625 0.04375 0.0953125 0.0875
0 0.3015625 0.08125 0.09609375 0.103125
0 0.4796875 0.09140625 0.040625 0.0796875
0 0.8953125 0.034375 0.10625 0.06875
0 0.6390625 0.38671875 0.153125 0.1046875
0 0.5734375 0.4234375 0.084375 0.03125
0 0.5203125 0.134375 0.040625 0.0875
0 0.5578125 0.07265625 0.0796875 0.0765625
0 0.69921875 0.028125 0.0890625 0.05625
0 0.91640625 0.31015625 0.125 0.12265625
0 0.69765625 0.265625 0.08203125 0.0796875
0 0.08203125 0.76875 0.0671875 0.053125
0 0.27578125 0.4640625 0.0609375 0.05
0 0.225 0.60703125 0.07421875 0.06953125
0 0.03359375 0.51171875 0.06015625 0.0625
0 0.57578125 0.98046875 0.1078125 0.0390625
0 0.56953125 0.85078125 0.084375 0.08671875
0 0.85234375 0.4796875 0.1328125 0.08125
0 0.8171875 0.884375 0.0671875 0.06484375
0 0.728125 0.8890625 0.06953125 0.0578125
0 0.96484375 0.9484375 0.0703125 0.08125
0 0.52578125 0.73125 0.0515625 0.059375
0 0.559375 0.5875 0.05546875 0.0671875