0 0.11640625 0.1640625 0.2328125 0.278125
0 0.15703125 0.271875 0.0796875 0.08671875
0 0.14921875 0.015625 0.0703125 0.03125
0 0.265625 0.053125 0.134375 0.10625
0 0.35859375 0.28671875 0.2421875 0.2859375
0 0.44609375 0.40625 0.0671875 0.046875
0 0.01875 0.37734375 0.0375 0.1046875
0 0.87578125 0.36171875 0.12734375 0.12734375
0 0.58359375 0.34609375 0.103125 0.09140625
0 0.59375 0.021875 0.165625 0.04375
0 0.8375 0.1828125 0.05546875 0.04296875
0 0.55625 0.22578125 0.03828125 0.0453125
0 0.68359375 0.21015625 0.03125 0.040625
0 0.7578125 0.11171875 0.04296875 0.040625
0 0.846875 0.1046875 0.03828125 0.0359375
0 0.96875 0.1609375 0.03125 0.040625
0 0.66328125 0.11640625 0.0578125 0.0625
0 0.128125 0.5515625 0.0484375 0.0453125
0 0.02578125 0.759375 0.0484375 0.04296875
0 0.43203125 0.93828125 0.0953125 0.1203125
0 0.3203125 0.86640625 0.071875 0.0671875
0 0.24453125 0.7703125 0.0453125 0.05546875
0 0.178125 0.79375 0.04296875 0.040625
0 0.025 0.98515625 0.05 0.0296875
0 0.45 0.7578125 0.04296875 0.0578125
0 0.40703125 0.69765625 0.0484375 0.0484375
0 0.19609375 0.61875 0.0984375 0.084375
0 0.1359375 0.6328125 0.0359375 0.0484375
0 0.4328125 0.48984375 0.0578125 0.0453125
0 0.46328125 0.53046875 0.0328125 0.0484375
0 0.26328125 0.44375 0.0796875 0.028125
0 0.12734375 0.4484375 0.0578125 0.0375
0 0.20625 0.90234375 0.04296875 0.053125
0 0.95546875 0.8203125 0.0890625 0.1
0 0.9625 0.62890625 0.075 0.1109375
0 0.7640625 0.61875 0.1390625 0.1390625
0 0.7265625 0.4984375 0.06953125 0.06953125
0 0.63984375 0.4828125 0.084375 0.08203125