0 0.340625 0.525 0.196875 0.16875
0 0.31796875 0.4734375 0.0796875 0.08671875
0 0.11875 0.43359375 0.2375 0.3328125
0 0.03046875 0.30703125 0.0609375 0.1078125
0 0.153125 0.18515625 0.07421875 0.071875
0 0.31328125 0.0890625 0.16328125 0.1515625
0 0.41796875 0.07265625 0.0421875 0.1109375
0 0.18359375 0.0109375 0.0890625 0.021875
0 0.72578125 0.2484375 0.10078125 0.103125
0 0.8859375 0.31796875 0.084375 0.071875
0 0.7859375 0.496875 0.084375 0.0796875
0 0.47734375 0.25078125 0.05078125 0.0578125
0 0.4453125 0.47890625 0.0125 0.0671875
0 0.97265625 0.01484375 0.0546875 0.0296875
0 0.60078125 0.3921875 0.040625 0.040625
0 0.5671875 0.42734375 0.04296875 0.0453125
0 0.2671875 0.725 0.06484375 0.0796875
0 0.103125 0.75625 0.20625 0.29375
0 0.303125 0.90703125 0.0890625 0.08203125
0 0.42109375 0.82890625 0.0359375 0.0671875
0 0.71875 0.9125 0.221875 0.175
0 0.84296875 0.9109375 0.146875 0.146875
0 0.9390625 0.93046875 0.121875 0.1390625
0 0.9734375 0.778125 0.053125 0.19375
0 0.8984375 0.69921875 0.203125 0.1796875
0 0.96015625 0.63671875 0.0796875 0.0546875