0 0.31015625 0.58046875 0.12265625 0.13203125
0 0.50625 0.0328125 0.084375 0.065625
0 0.59765625 0.225 0.0421875 0.10625
0 0.51484375 0.3171875 0.05078125 0.0671875
0 0.38828125 0.378125 0.0578125 0.0671875
0 0.29453125 0.3171875 0.06953125 0.0765625
0 0.20234375 0.0984375 0.09375 0.10078125
0 0.1625 0.16171875 0.06953125 0.10078125
0 0.0546875 0.2125 0.109375 0.165625
0 0.140625 0.33359375 0.08203125 0.0765625
0 0.07109375 0.36484375 0.0671875 0.06484375
0 0.13828125 0.45625 0.0578125 0.0578125
0 0.065625 0.46953125 0.053125 0.05546875
0 0.12421875 0.64296875 0.0671875 0.0515625
0 0.534375 0.6171875 0.03828125 0.0484375
0 0.43671875 0.6484375 0.0359375 0.040625
0 0.4234375 0.60078125 0.04296875 0.0453125
0 0.403125 0.54921875 0.06015625 0.0578125
0 0.03125 0.02734375 0.0625 0.0546875
0 0.4828125 0.01171875 0.14375 0.0234375
0 0.76015625 0.075 0.0890625 0.09140625
0 0.77578125 0.1625 0.1078125 0.1078125
0 0.80859375 0.2890625 0.11328125 0.11328125
0 0.715625 0.334375 0.06484375 0.06484375
0 0.67734375 0.44609375 0.10078125 0.10078125
0 0.653125 0.50078125 0.06875 0.1078125
0 0.721875 0.54140625 0.103125 0.103125
0 0.86953125 0.58828125 0.1109375 0.1109375
0 0.8 0.4359375 0.09609375 0.09609375
0 0.84921875 0.440625 0.11328125 0.11328125
0 0.95390625 0.41640625 0.0921875 0.1203125
0 0.95546875 0.5125 0.06953125 0.06953125
0 0.98515625 0.03828125 0.0296875 0.0734375
0 0.86171875 0.03984375 0.2765625 0.0796875
0 0.915625 0.64609375 0.0625 0.0453125
0 0.7078125 0.5859375 0.0578125 0.0578125
0 0.684375 0.59453125 0.071875 0.071875
0 0.67421875 0.246875 0.0671875 0.06484375
0 0.6453125 0.29140625 0.053125 0.0796875
0 0.6453125 0.3484375 0.053125 0.096875
0 0.91640625 0.19140625 0.05546875 0.05546875
0 0.33125 0.6984375 0.134375 0.059375
0 0.43046875 0.84453125 0.08671875 0.07421875
0 0.11953125 0.9109375 0.0625 0.0578125
0 0.91875 0.97578125 0.09375 0.0484375
0 0.84921875 0.9703125 0.0734375 0.059375
0 0.93828125 0.825 0.071875 0.0765625
0 0.91796875 0.696875 0.0578125 0.05625
0 0.84921875 0.81328125 0.05546875 0.0484375
0 0.7484375 0.8796875 0.0578125 0.05546875
0 0.62890625 0.959375 0.0203125 0.0625
0 0.8390625 0.70625 0.053125 0.0484375