0 0.11015625 0.15390625 0.12265625 0.13203125
0 0.03203125 0.35625 0.0578125 0.0671875
0 0.125 0.40859375 0.06875 0.0609375
0 0.2796875 0.40078125 0.08203125 0.0765625
0 0.34921875 0.36953125 0.0671875 0.06484375
0 0.28203125 0.278125 0.0578125 0.0578125
0 0.3546875 0.26484375 0.053125 0.05546875
0 0.2953125 0.08359375 0.0671875 0.0671875
0 0.00859375 0.13359375 0.0171875 0.0453125
0 0.0234375 0.18515625 0.046875 0.0578125
0 0.7296875 0.0671875 0.540625 0.134375
0 0.74921875 0.021875 0.1359375 0.04375
0 0.95 0.14296875 0.1 0.1609375
0 0.978125 0.24921875 0.04375 0.1046875
0 0.65703125 0.23984375 0.3953125 0.3984375
0 0.496875 0.0375 0.075 0.075
0 0.95078125 0.33984375 0.0984375 0.1984375
0 0.0453125 0.84375 0.090625 0.15625
0 0.4109375 0.4625 0.096875 0.046875
0 0.31796875 0.5390625 0.0578125 0.04296875
0 0.265625 0.596875 0.084375 0.1515625
0 0.43046875 0.60625 0.0578125 0.1421875
0 0.31171875 0.8296875 0.259375 0.259375
0 0.140625 0.89453125 0.03359375 0.0453125
0 0.096875 0.46953125 0.06875 0.0609375
0 0.12890625 0.61328125 0.05078125 0.053125
0 0.584375 0.8 0.103125 0.1203125
0 0.565625 0.98046875 0.125 0.0390625
0 0.56796875 0.6953125 0.0671875 0.07421875
0 0.71953125 0.46640625 0.0484375 0.0546875
0 0.8140625 0.46953125 0.09375 0.0609375