0 0.9046875 0.90390625 0.18515625 0.1609375
0 0.98203125 0.8390625 0.0359375 0.0671875
0 0.7875 0.7859375 0.1203125 0.1203125
0 0.8703125 0.80390625 0.08203125 0.0765625
0 0.4953125 0.8234375 0.06953125 0.06953125
0 0.6625 0.7171875 0.1203125 0.11328125
0 0.52421875 0.5578125 0.13671875 0.125
0 0.9515625 0.3296875 0.0765625 0.0765625
0 0.96171875 0.0765625 0.0765625 0.125
0 0.74375 0.03359375 0.09375 0.0671875
0 0.87265625 0.2203125 0.09140625 0.10078125
0 0.75625 0.30625 0.05546875 0.06484375
0 0.61328125 0.365625 0.0671875 0.06484375
0 0.50703125 0.30625 0.0796875 0.07421875
0 0.4015625 0.0984375 0.10546875 0.09609375
0 0.35703125 0.16015625 0.0796875 0.09609375
0 0.2296875 0.20703125 0.13671875 0.15859375
0 0.3328125 0.3234375 0.09140625 0.07421875
0 0.2546875 0.35234375 0.0765625 0.0625
0 0.33046875 0.43984375 0.0671875 0.05546875
0 0.24765625 0.4515625 0.0578125 0.053125
0 0.1578125 0.8375 0.12734375 0.103125
0 0.1453125 0.93046875 0.1875 0.1390625
0 0.19609375 0.728125 0.09140625 0.06953125
0 0.31640625 0.625 0.0765625 0.06484375
0 0.99140625 0.540625 0.0171875 0.053125
0 0.90625 0.6203125 0.0453125 0.04296875
0 0.77734375 0.5921875 0.04296875 0.0453125
0 0.66953125 0.625 0.040625 0.040625
0 0.65234375 0.578125 0.0484375 0.04296875
0 0.6296875 0.52734375 0.06953125 0.05546875
0 0.2015625 0.02890625 0.084375 0.0578125
0 0.60546875 0.0015625 0.06015625 0.00234375
0 0.71953125 0.0140625 0.1640625 0.028125