0 0.0171875 0.43359375 0.034375 0.0734375
0 0.090625 0.41875 0.0578125 0.0671875
0 0.24921875 0.384375 0.06484375 0.0671875
0 0.37421875 0.2265625 0.0359375 0.040625
0 0.2359375 0.03671875 0.053125 0.06015625
0 0.31953125 0.0453125 0.0828125 0.090625
0 0.00625 0.05390625 0.0125 0.0578125
0 0.03203125 0.0203125 0.0515625 0.040625
0 0.00859375 0.18203125 0.0171875 0.0484375
0 0.184375 0.20703125 0.0890625 0.1203125
0 0.90546875 0.2109375 0.115625 0.11328125
0 0.9703125 0.3109375 0.059375 0.15625
0 0.61328125 0.11640625 0.10546875 0.1109375
0 0.4984375 0.09375 0.178125 0.1875
0 0.61875 0.2734375 0.11328125 0.1109375
0 0.590625 0.39921875 0.21875 0.1796875
0 0.453125 0.46875 0.0875 0.040625
0 0.8921875 0.29609375 0.09140625 0.08671875
0 0.04140625 0.81015625 0.0828125 0.1109375
0 0.1125 0.75625 0.06015625 0.0625
0 0.08984375 0.69140625 0.09375 0.103125
0 0.35546875 0.96171875 0.1078125 0.0765625
0 0.025 0.58046875 0.05 0.0796875
0 0.7296875 0.64375 0.271875 0.26953125
0 0.62578125 0.50625 0.1578125 0.034375
0 0.5484375 0.55390625 0.09375 0.09375
0 0.5640625 0.6609375 0.09140625 0.09140625
0 0.79296875 0.92578125 0.1546875 0.1484375
0 0.98125 0.67890625 0.0375 0.0765625
0 0.43203125 0.8125 0.0453125 0.08125
0 0.475 0.90078125 0.08203125 0.08203125
0 0.63515625 0.90546875 0.1078125 0.1078125