0 0.271875 0.2546875 0.06484375 0.06484375
0 0.3765625 0.2546875 0.0625 0.06484375
0 0.42890625 0.2265625 0.05546875 0.053125
0 0.44453125 0.08125 0.10078125 0.10078125
0 0.146875 0.04453125 0.0625 0.0671875
0 0.19609375 0.03515625 0.0765625 0.0703125
0 0.3734375 0.384375 0.03828125 0.053125
0 0.30625 0.46953125 0.0453125 0.05078125
0 0.01875 0.4359375 0.0375 0.0625
0 0.165625 0.26796875 0.0578125 0.06015625
0 0.0890625 0.2109375 0.0484375 0.04296875
0 0.08984375 0.1796875 0.05078125 0.05078125
0 0.02109375 0.078125 0.0421875 0.053125
0 0.36171875 0.1453125 0.0453125 0.0453125
0 0.54296875 0.43515625 0.0921875 0.1328125
0 0.13359375 0.34921875 0.0625 0.06015625
0 0.9234375 0.22578125 0.153125 0.3140625
0 0.91640625 0.3515625 0.0890625 0.09375
0 0.8984375 0.44765625 0.11328125 0.11796875
0 0.971875 0.46796875 0.05625 0.1015625
0 0.8640625 0.0296875 0.084375 0.059375
0 0.7859375 0.0546875 0.0765625 0.0765625
0 0.74609375 0.41796875 0.09375 0.0890625
0 0.3671875 0.8609375 0.1203125 0.1203125
0 0.42734375 0.92109375 0.103125 0.10078125
0 0.9046875 0.62890625 0.190625 0.2203125
0 0.93984375 0.88359375 0.1109375 0.12265625
0 0.82265625 0.72109375 0.11328125 0.11328125
0 0.86171875 0.78359375 0.08203125 0.08203125
0 0.74375 0.62109375 0.309375 0.2046875