0 0.0796875 0.10546875 0.159375 0.1828125
0 0.07109375 0.3421875 0.05078125 0.053125
0 0.1015625 0.46640625 0.084375 0.084375
0 0.11015625 0.53203125 0.103125 0.10078125
0 0.27109375 0.35078125 0.1109375 0.1109375
0 0.3921875 0.30390625 0.08203125 0.08203125
0 0.440625 0.1875 0.0375 0.08125
0 0.40546875 0.23671875 0.1078125 0.1484375
0 0.4515625 0.390625 0.015625 0.071875
0 0.44296875 0.478125 0.0328125 0.053125
0 0.25625 0.55859375 0.09609375 0.09375
0 0.203125 0.59765625 0.0625 0.0234375
0 0.03828125 0.27109375 0.0765625 0.1515625
0 0.02890625 0.41328125 0.0578125 0.2234375
0 0.96171875 0.1890625 0.0765625 0.08125
0 0.86875 0.02265625 0.071875 0.0453125
0 0.9484375 0.021875 0.053125 0.04375
0 0.47578125 0.02265625 0.0328125 0.0453125
0 0.74453125 0.375 0.5109375 0.46875
0 0.4265625 0.634375 0.053125 0.05
0 0.3703125 0.6375 0.03125 0.05078125
0 0.3265625 0.62265625 0.03125 0.0265625
0 0.32109375 0.72421875 0.053125 0.0578125
0 0.41171875 0.81796875 0.040625 0.05078125
0 0.040625 0.77421875 0.08125 0.0734375
0 0.015625 0.96484375 0.03125 0.0515625
0 0.2296875 0.78671875 0.04296875 0.0578125
0 0.33359375 0.95625 0.05078125 0.071875
0 0.2 0.9453125 0.0578125 0.053125
0 0.1171875 0.85390625 0.03359375 0.0578125
0 0.025 0.6703125 0.05 0.053125
0 0.64140625 0.709375 0.0625 0.0796875
0 0.48828125 0.89921875 0.0578125 0.0765625
0 0.490625 0.96640625 0.0625 0.0671875
0 0.68671875 0.91640625 0.0671875 0.071875
0 0.76875 0.89453125 0.1203125 0.103125
0 0.68125 0.63046875 0.071875 0.0421875
0 0.96484375 0.790625 0.0671875 0.0625
0 0.69453125 0.99375 0.0515625 0.0125