0 0.571875 0.446875 0.159375 0.125
0 0.07421875 0.4421875 0.11796875 0.11328125
0 0.421875 0.44921875 0.0625 0.0625
0 0.38671875 0.4296875 0.0484375 0.05546875
0 0.30703125 0.43671875 0.053125 0.053125
0 0.18359375 0.40234375 0.03828125 0.05078125
0 0.2265625 0.38984375 0.05546875 0.0625
0 0.26171875 0.3796875 0.06484375 0.06484375
0 0.46875 0.24609375 0.04296875 0.0484375
0 0.440625 0.11875 0.07421875 0.0765625
0 0.41796875 0.05390625 0.09609375 0.084375
0 0.64609375 0.1453125 0.09609375 0.0984375
0 0.75 0.13125 0.01875 0.071875
0 0.171875 0.11640625 0.09609375 0.0890625
0 0.2703125 0.14140625 0.0578125 0.05546875
0 0.025 0.09765625 0.05 0.1046875
0 0.4359375 0.34453125 0.1296875 0.134375
0 0.325 0.2375 0.1875 0.20703125
0 0.809375 0.4359375 0.1 0.146875
0 0.80390625 0.24140625 0.0890625 0.1734375
0 0.940625 0.34609375 0.11875 0.1921875
0 0.98359375 0.18359375 0.0328125 0.1328125
0 0.828125 0.28203125 0.1375 0.1390625
0 0.63203125 0.984375 0.0609375 0.03125
0 0.428125 0.8859375 0.06015625 0.084375
0 0.17578125 0.8640625 0.0984375 0.071875
0 0.078125 0.83671875 0.09140625 0.084375
0 0.17421875 0.65625 0.07421875 0.0890625
0 0.57578125 0.55859375 0.0578125 0.06953125
0 0.50390625 0.52734375 0.0671875 0.0359375
0 0.3875 0.52890625 0.084375 0.0390625
0 0.1765625 0.5375 0.0578125 0.05546875
0 0.81796875 0.5765625 0.1171875 0.134375
0 0.77421875 0.7171875 0.0296875 0.115625
0 0.91640625 0.61484375 0.07421875 0.0671875
0 0.9890625 0.68984375 0.021875 0.0921875
0 0.92578125 0.7546875 0.05546875 0.0453125
0 0.8921875 0.953125 0.0796875 0.0796875