0 0.859375 0.640625 0.15390625 0.1390625
0 0.97578125 0.9109375 0.0484375 0.12734375
0 0.98203125 0.90234375 0.0359375 0.08203125
0 0.85703125 0.9828125 0.0765625 0.03359375
0 0.46171875 0.98515625 0.1390625 0.0296875
0 0.2125 0.9625 0.125 0.07421875
0 0.0734375 0.95390625 0.121875 0.0921875
0 0.28125 0.74765625 0.115625 0.09609375
0 0.303125 0.875 0.11328125 0.1078125
0 0.5671875 0.8421875 0.0671875 0.06015625
0 0.6140625 0.79921875 0.07421875 0.0671875
0 0.71015625 0.91796875 0.06484375 0.0625
0 0.68125 0.66328125 0.06015625 0.053125
0 0.63671875 0.65390625 0.0453125 0.0484375
0 0.546875 0.68125 0.05078125 0.0453125
0 0.3953125 0.67890625 0.03359375 0.0453125
0 0.44140625 0.6546875 0.053125 0.0578125
0 0.47734375 0.634375 0.0625 0.0578125
0 0.67421875 0.44375 0.040625 0.040625
0 0.6046875 0.32109375 0.06953125 0.0671875
0 0.56015625 0.2609375 0.09609375 0.06953125
0 0.8484375 0.29296875 0.09140625 0.08671875
0 0.98046875 0.2453125 0.03828125 0.06484375
0 0.9890625 0.11171875 0.021875 0.0625
0 0.91484375 0.0578125 0.0453125 0.040625
0 0.671875 0.13359375 0.0890625 0.0671875
0 0.5765625 0.12265625 0.053125 0.0484375
0 0.48203125 0.0328125 0.08203125 0.06484375
0 0.296875 0.3890625 0.09375 0.0765625
0 0.4171875 0.3890625 0.0578125 0.0453125
0 0.0421875 0.63671875 0.0625 0.0578125
0 0.0984375 0.41484375 0.09140625 0.09375
0 0.6671875 0.553125 0.125 0.11796875
0 0.50859375 0.4734375 0.17578125 0.18515625