0 0.7828125 0.5453125 0.19453125 0.18984375
0 0.98203125 0.42421875 0.0359375 0.18515625
0 0.98984375 0.41171875 0.0203125 0.0984375
0 0.96015625 0.259375 0.0796875 0.10078125
0 0.665625 0.0578125 0.146875 0.115625
0 0.459375 0.00859375 0.1609375 0.0171875
0 0.38828125 0.1578125 0.1390625 0.134375
0 0.47265625 0.07109375 0.14453125 0.1421875
0 0.6609375 0.234375 0.084375 0.08203125
0 0.67578125 0.2921875 0.09140625 0.09140625
0 0.8109375 0.25 0.084375 0.08203125
0 0.65625 0.43359375 0.07421875 0.07421875
0 0.615625 0.41796875 0.06015625 0.0625
0 0.5609375 0.35 0.0625 0.0625
0 0.44140625 0.271875 0.05078125 0.05546875
0 0.4640625 0.31484375 0.06953125 0.071875
0 0.4828125 0.35 0.0796875 0.0765625
0 0.5359375 0.60234375 0.05546875 0.05546875
0 0.4171875 0.6609375 0.0890625 0.0890625
0 0.35078125 0.68515625 0.1109375 0.103125
0 0.5921875 0.81015625 0.11796875 0.115625
0 0.68125 0.9234375 0.08671875 0.08671875
0 0.75390625 0.9328125 0.1390625 0.134375
0 0.6203125 0.99765625 0.07421875 0.0046875
0 0.37109375 0.84140625 0.103125 0.0984375
0 0.2921875 0.8015625 0.0671875 0.06484375
0 0.1671875 0.82578125 0.10078125 0.10078125
0 0.2125 0.44609375 0.11328125 0.1078125
0 0.30625 0.509375 0.06953125 0.0671875
0 0.16015625 0.1296875 0.0484375 0.05546875
0 0.071875 0.321875 0.1203125 0.1203125
0 0.58671875 0.51171875 0.1609375 0.15859375
0 0.4203125 0.49140625 0.2328125 0.2359375