0 0.06640625 0.18984375 0.1328125 0.1421875
0 0.175 0.375 0.35 0.2875
0 0.25234375 0.0640625 0.0890625 0.115625
0 0.246875 0.015625 0.10625 0.03125
0 0.01875 0.0234375 0.0375 0.046875
0 0.63046875 0.05546875 0.1359375 0.1109375
0 0.4140625 0.15390625 0.11796875 0.12265625
0 0.44296875 0.3 0.06953125 0.06953125
0 0.503125 0.44375 0.10546875 0.10546875
0 0.87421875 0.15078125 0.06484375 0.0671875
0 0.809375 0.178125 0.05546875 0.06484375
0 0.69375 0.2046875 0.12265625 0.10546875
0 0.753125 0.01953125 0.053125 0.0390625
0 0.86953125 0.05703125 0.0671875 0.0671875
0 0.921875 0.2421875 0.03359375 0.040625
0 0.9375 0.325 0.06953125 0.0796875
0 0.90546875 0.33125 0.040625 0.0484375
0 0.9921875 0.3828125 0.015625 0.0625
0 0.98359375 0.40390625 0.0328125 0.0453125
0 0.98515625 0.49375 0.0296875 0.05
0 0.63046875 0.5015625 0.0484375 0.034375
0 0.41484375 0.0109375 0.0484375 0.021875
0 0.85703125 0.46796875 0.0578125 0.06484375
0 0.85234375 0.39375 0.0484375 0.0453125
0 0.81875 0.32578125 0.0484375 0.053125
0 0.22265625 0.61484375 0.10078125 0.10078125
0 0.2703125 0.8734375 0.159375 0.159375
0 0.12578125 0.96796875 0.1296875 0.0640625
0 0.08203125 0.90546875 0.08203125 0.08203125
0 0.1484375 0.70859375 0.09609375 0.09375
0 0.321875 0.78203125 0.05625 0.0890625
0 0.315625 0.98125 0.06875 0.0375
0 0.059375 0.6734375 0.05546875 0.05546875
0 0.521875 0.8484375 0.0578125 0.0796875
0 0.76953125 0.828125 0.09609375 0.06484375
0 0.86328125 0.80234375 0.0890625 0.0796875
0 0.77109375 0.63671875 0.071875 0.08203125
0 0.79296875 0.9765625 0.0734375 0.046875
0 0.378125 0.5484375 0.05625 0.059375
0 0.446875 0.52734375 0.065625 0.0171875
0 0.559375 0.52890625 0.08125 0.0203125
0 0.76640625 0.53515625 0.0578125 0.0328125