0 0.60859375 0.31328125 0.1015625 0.1578125
0 0.14140625 0.5 0.1109375 0.059375
0 0.1125 0.425 0.0625 0.06015625
0 0.09921875 0.35390625 0.0484375 0.04296875
0 0.2734375 0.35390625 0.18046875 0.16796875
0 0.35703125 0.165625 0.6046875 0.33125
0 0.48984375 0.440625 0.1109375 0.1296875
0 0.50078125 0.4953125 0.1234375 0.06875
0 0.43984375 0.521875 0.0609375 0.015625
0 0.2609375 0.5125 0.0625 0.034375
0 0.17265625 0.2421875 0.0671875 0.06484375
0 0.64921875 0.015625 0.0203125 0.03125
0 0.8171875 0.12265625 0.0625 0.0578125
0 0.95390625 0.04921875 0.0921875 0.0984375
0 0.9609375 0.1453125 0.05546875 0.05546875
0 0.98125 0.16171875 0.0375 0.0546875
0 0.91015625 0.2875 0.0578125 0.06484375
0 0.76953125 0.47734375 0.071875 0.0796875
0 0.7734375 0.3859375 0.03359375 0.05078125
0 0.73359375 0.21015625 0.06015625 0.0671875
0 0.7828125 0.23828125 0.0578125 0.0453125
0 0.99140625 0.2375 0.0171875 0.053125
0 0.96171875 0.45390625 0.0765625 0.0859375
0 0.146875 0.53671875 0.059375 0.0140625
0 0.4 0.55078125 0.071875 0.0421875
0 0.38046875 0.678125 0.071875 0.0671875
0 0.23359375 0.73125 0.0625 0.0578125
0 0.2203125 0.79453125 0.071875 0.06015625
0 0.25859375 0.9875 0.0765625 0.025
0 0.46953125 0.97578125 0.0765625 0.0484375
0 0.5484375 0.975 0.071875 0.05
0 0.6015625 0.92109375 0.084375 0.0671875
0 0.6421875 0.6125 0.034375 0.11875
0 0.5828125 0.6609375 0.0625 0.0625
0 0.53671875 0.65625 0.05078125 0.03828125
0 0.15546875 0.928125 0.0484375 0.03828125
0 0.06953125 0.99140625 0.0796875 0.0171875
0 0.08515625 0.97109375 0.05546875 0.040625
0 0.95859375 0.953125 0.0828125 0.09375
0 0.90625 0.95546875 0.1 0.0890625
0 0.71328125 0.87109375 0.09609375 0.0984375
0 0.6796875 0.90078125 0.040625 0.1078125
0 0.88125 0.74765625 0.09140625 0.0984375
0 0.86953125 0.8109375 0.07421875 0.07421875
0 0.7 0.55859375 0.08125 0.0578125
0 0.84921875 0.61640625 0.09375 0.0984375
0 0.96015625 0.56953125 0.0796875 0.0796875
0 0.67109375 0.753125 0.0234375 0.0875