0 0.1125 0.26796875 0.18515625 0.18515625
0 0.14765625 0.42890625 0.12734375 0.12734375
0 0.1859375 0.5 0.084375 0.084375
0 0.25546875 0.515625 0.1203125 0.0875
0 0.42109375 0.06953125 0.0765625 0.1359375
0 0.33515625 0.26796875 0.0765625 0.0796875
0 0.153125 0.025 0.071875 0.05
0 0.01015625 0.31484375 0.0203125 0.1203125
0 0.35078125 0.4953125 0.1078125 0.10546875
0 0.42109375 0.4734375 0.0765625 0.10625
0 0.80859375 0.3375 0.1109375 0.13671875
0 0.91484375 0.28203125 0.1078125 0.09609375
0 0.709375 0.378125 0.0796875 0.06484375
0 0.86796875 0.0171875 0.0984375 0.034375
0 0.953125 0.4625 0.06484375 0.0796875
0 0.15625 0.93671875 0.146875 0.1265625
0 0.40625 0.8171875 0.10625 0.121875
0 0.37734375 0.71796875 0.07421875 0.06953125
0 0.2859375 0.709375 0.08203125 0.0765625
0 0.17421875 0.7421875 0.103125 0.11328125
0 0.5375 0.63046875 0.15625 0.1421875
0 0.59453125 0.71328125 0.06484375 0.06953125
0 0.83125 0.95546875 0.0578125 0.06015625
0 0.78828125 0.865625 0.0484375 0.0671875
0 0.7765625 0.74921875 0.10546875 0.1078125
0 0.84453125 0.625 0.06953125 0.08671875
0 0.81484375 0.575 0.0359375 0.03125
0 0.76953125 0.575 0.0546875 0.03125
0 0.98359375 0.97734375 0.0328125 0.0453125