0 0.6703125 0.1921875 0.1734375 0.178125
0 0.9265625 0.38203125 0.146875 0.1609375
0 0.94453125 0.57109375 0.1109375 0.1515625
0 0.76171875 0.4984375 0.15625 0.1609375
0 0.7328125 0.64296875 0.10546875 0.1109375
0 0.70078125 0.709375 0.071875 0.071875
0 0.6421875 0.740625 0.10078125 0.10078125
0 0.71171875 0.87265625 0.1390625 0.1390625
0 0.75703125 0.9671875 0.10546875 0.06484375
0 0.65546875 0.97421875 0.0859375 0.0515625
0 0.61875 0.99296875 0.0890625 0.0140625
0 0.2640625 0.53359375 0.1109375 0.1109375
0 0.20078125 0.45546875 0.10546875 0.10546875
0 0.2078125 0.3859375 0.07421875 0.07421875
0 0.1984375 0.60546875 0.11328125 0.1109375
0 0.12265625 0.70078125 0.1203125 0.11328125
0 0.06484375 0.75390625 0.071875 0.0796875
0 0.11640625 0.78984375 0.0625 0.0625
0 0.1578125 0.8484375 0.11796875 0.10546875
0 0.09609375 0.4546875 0.0984375 0.10078125
0 0.30078125 0.2953125 0.11328125 0.11796875
0 0.4734375 0.34375 0.12265625 0.11796875
0 0.57421875 0.51171875 0.06484375 0.0671875
0 0.55625 0.1296875 0.15859375 0.15625
0 0.41171875 0.05859375 0.1921875 0.1171875
0 0.2640625 0.1109375 0.13203125 0.13203125
0 0.72734375 0.2796875 0.06015625 0.0578125
0 0.87109375 0.2640625 0.0765625 0.0765625
0 0.89921875 0.53828125 0.11796875 0.115625
0 0.5625 0.7140625 0.09140625 0.09140625
0 0.490625 0.70078125 0.08671875 0.09140625