0 0.1953125 0.1875 0.246875 0.334375
0 0.01640625 0.11796875 0.0328125 0.1078125
0 0.06640625 0.38125 0.0765625 0.08671875
0 0.2484375 0.0234375 0.140625 0.046875
0 0.1125 0.5109375 0.09375 0.078125
0 0.7796875 0.2265625 0.071875 0.07421875
0 0.96015625 0.053125 0.0796875 0.10625
0 0.9671875 0.39453125 0.065625 0.1203125
0 0.865625 0.5328125 0.059375 0.034375
0 0.6421875 0.49453125 0.05078125 0.0625
0 0.39375 0.5109375 0.1 0.078125
0 0.35234375 0.45625 0.040625 0.053125
0 0.42890625 0.26015625 0.0578125 0.06484375
0 0.4171875 0.15390625 0.071875 0.0796875
0 0.53984375 0.16640625 0.05546875 0.05546875
0 0.7859375 0.35 0.071875 0.06484375
0 0.971875 0.275 0.05625 0.059375
0 0.98671875 0.20234375 0.0265625 0.0734375
0 0.93515625 0.153125 0.0671875 0.0765625
0 0.69609375 0.38515625 0.03828125 0.040625
0 0.03359375 0.7859375 0.0671875 0.084375
0 0.11640625 0.6296875 0.06484375 0.0625
0 0.1859375 0.6140625 0.06015625 0.06484375
0 0.23203125 0.68515625 0.09140625 0.09609375
0 0.29609375 0.65546875 0.0453125 0.0859375
0 0.26328125 0.8484375 0.0578125 0.06015625
0 0.01484375 0.97578125 0.0296875 0.0484375
0 0.0609375 0.66484375 0.05546875 0.0578125
0 0.03671875 0.71171875 0.0734375 0.1984375
0 0.15234375 0.728125 0.053125 0.05546875
0 0.3359375 0.78203125 0.034375 0.1109375
0 0.3734375 0.8609375 0.09375 0.071875
0 0.44296875 0.9203125 0.1109375 0.09375
0 0.58828125 0.96640625 0.0578125 0.0671875
0 0.7015625 0.80703125 0.115625 0.12734375
0 0.9125 0.575 0.1 0.05