0 0.18515625 0.5296875 0.31015625 0.334375
0 0.9953125 0.8171875 0.009375 0.04296875
0 0.97578125 0.7609375 0.0484375 0.10078125
0 0.4515625 0.61640625 0.11796875 0.11796875
0 0.5265625 0.55078125 0.10546875 0.1296875
0 0.43046875 0.46015625 0.103125 0.1078125
0 0.45546875 0.34765625 0.08671875 0.084375
0 0.34609375 0.7234375 0.0765625 0.08671875
0 0.146875 0.30078125 0.1734375 0.178125
0 0.00703125 0.35546875 0.0140625 0.08203125
0 0.0515625 0.3375 0.08203125 0.0984375
0 0.31015625 0.12890625 0.13671875 0.1703125
0 0.515625 0.05625 0.15625 0.1125
0 0.8578125 0.19609375 0.071875 0.08203125
0 0.853125 0.103125 0.0671875 0.0765625
0 0.6765625 0.42890625 0.084375 0.0890625
0 0.76953125 0.36328125 0.06953125 0.0765625
0 0.93984375 0.3640625 0.07421875 0.084375
0 0.6 0.5046875 0.084375 0.09375
0 0.29921875 0.86328125 0.09375 0.09609375