0 0.48125 0.04296875 0.20625 0.0859375
0 0.353125 0.0296875 0.215625 0.059375
0 0.50625 0.1921875 0.09375 0.053125
0 0.19140625 0.1953125 0.0796875 0.046875
0 0.7390625 0.0140625 0.075 0.028125
0 0.9421875 0.18203125 0.03125 0.0265625
0 0.821875 0.059375 0.03359375 0.0453125
0 0.55625 0.93515625 0.146875 0.1296875
0 0.5453125 0.76953125 0.16875 0.1421875
0 0.56015625 0.64765625 0.09140625 0.08203125
0 0.415625 0.825 0.06953125 0.0796875
0 0.59375 0.49296875 0.071875 0.0890625
0 0.33984375 0.515625 0.0890625 0.09375
0 0.21640625 0.634375 0.15390625 0.15625
0 0.0515625 0.7765625 0.103125 0.11875
0 0.01328125 0.92890625 0.0265625 0.0890625
0 0.16796875 0.99140625 0.0671875 0.0171875
0 0.04609375 0.4 0.0921875 0.15
0 0.20859375 0.2953125 0.1265625 0.153125
0 0.35546875 0.36484375 0.146875 0.146875
0 0.4671875 0.2546875 0.0625 0.0625
0 0.5734375 0.25 0.0875 0.0625
0 0.890625 0.91796875 0.07421875 0.06953125
0 0.78828125 0.80859375 0.09609375 0.09140625
0 0.7375 0.7234375 0.0625 0.084375
0 0.6484375 0.6859375 0.0375 0.090625
0 0.69453125 0.41171875 0.05546875 0.06484375
0 0.7890625 0.57421875 0.0765625 0.0765625
0 0.77890625 0.2296875 0.0828125 0.021875