0 0.2765625 0.6515625 0.290625 0.28828125
0 0.6078125 0.38828125 0.14921875 0.1421875
0 0.66796875 0.27421875 0.1703125 0.178125
0 0.51171875 0.303125 0.15390625 0.15390625
0 0.53984375 0.0953125 0.1109375 0.115625
0 0.3078125 0.15 0.084375 0.07421875
0 0.89296875 0.15859375 0.1078125 0.1390625
0 0.9 0.4125 0.146875 0.1703125
0 0.4984375 0.9171875 0.10546875 0.08671875
0 0.08984375 0.9015625 0.1203125 0.10546875
0 0.1921875 0.84609375 0.071875 0.05078125
0 0.3578125 0.765625 0.0578125 0.0578125
0 0.759375 0.46484375 0.0578125 0.08203125
0 0.52890625 0.5953125 0.06953125 0.0625
0 0.259375 0.453125 0.0578125 0.05546875