0 0.0703125 0.31484375 0.140625 0.2890625
0 0.3265625 0.57890625 0.14921875 0.1421875
0 0.38671875 0.69296875 0.1703125 0.178125
0 0.23046875 0.6640625 0.15390625 0.15390625
0 0.2171875 0.05 0.10546875 0.08671875
0 0.0765625 0.2015625 0.0578125 0.0578125
0 0.4640625 0.5015625 0.03125 0.08125
0 0.24765625 0.371875 0.06953125 0.0625
0 0.82734375 0.41875 0.1109375 0.13671875
0 0.93359375 0.36328125 0.1078125 0.09609375
0 0.728125 0.459375 0.0796875 0.06484375
0 0.8640625 0.740625 0.09140625 0.0765625
0 0.88671875 0.07578125 0.0984375 0.0796875
0 0.915625 0.0140625 0.0625 0.028125
0 0.96953125 0.54296875 0.0609375 0.0796875
0 0.99375 0.72890625 0.0125 0.0578125
0 0.0265625 0.97109375 0.053125 0.0578125
0 0.01015625 0.92109375 0.0203125 0.0828125
0 0.01328125 0.81953125 0.0265625 0.0609375
0 0.45234375 0.91953125 0.0546875 0.0765625
0 0.40625 0.9328125 0.0796875 0.0796875
0 0.84765625 0.8234375 0.1015625 0.06875
0 0.63046875 0.803125 0.0546875 0.028125
0 0.603125 0.94921875 0.0765625 0.07421875
0 0.71015625 0.9671875 0.0890625 0.065625
0 0.83671875 0.93203125 0.1109375 0.09609375
0 0.9453125 0.98984375 0.1 0.0203125