0 0.35234375 0.21953125 0.2734375 0.2890625
0 0.2796875 0.334375 0.0578125 0.0578125
0 0.10859375 0.1640625 0.06953125 0.0625
0 0.37734375 0.02421875 0.0578125 0.0484375
0 0.95390625 0.33203125 0.07421875 0.0671875
0 0.9125 0.33671875 0.0484375 0.0453125
0 0.665625 0.096875 0.303125 0.19375
0 0.50625 0.2234375 0.034375 0.071875
0 0.665625 0.34609375 0.04296875 0.0796875
0 0.27265625 0.70078125 0.1421875 0.1390625
0 0.0875 0.66953125 0.165625 0.16328125
0 0.35390625 0.46953125 0.2203125 0.1609375
0 0.15 0.84609375 0.13671875 0.11328125
0 0.14296875 0.8984375 0.09609375 0.08671875
0 0.153125 0.9421875 0.071875 0.0671875
0 0.546875 0.55859375 0.115625 0.1828125
0 0.60546875 0.64296875 0.0796875 0.071875
0 0.81328125 0.5421875 0.0796875 0.0796875
0 0.8453125 0.9703125 0.15625 0.059375
0 0.925 0.796875 0.11328125 0.11796875