0 0.03828125 0.109375 0.0578125 0.07421875
0 0.7578125 0.17265625 0.115625 0.1359375
0 0.73046875 0.26953125 0.0609375 0.0765625
0 0.93828125 0.32890625 0.1234375 0.2671875
0 0.8765625 0.190625 0.06484375 0.09375
0 0.428125 0.82265625 0.0796875 0.06484375
0 0.49921875 0.6015625 0.09140625 0.07421875
0 0.18671875 0.85625 0.06015625 0.0765625
0 0.084375 0.90859375 0.06015625 0.0765625
0 0.0125 0.95625 0.025 0.0875
0 0.16796875 0.5390625 0.0671875 0.071875
0 0.32421875 0.5734375 0.0578125 0.0453125
0 0.25625 0.6328125 0.053125 0.0578125
0 0.09296875 0.68515625 0.07421875 0.0765625
0 0.81015625 0.98984375 0.0734375 0.0203125
0 0.7078125 0.81640625 0.015625 0.0671875
0 0.80390625 0.7921875 0.071875 0.07421875
0 0.9890625 0.89609375 0.021875 0.0703125
0 0.9515625 0.8234375 0.05546875 0.05078125
0 0.9609375 0.79296875 0.0578125 0.0578125
0 0.90078125 0.5984375 0.071875 0.07421875
0 0.91796875 0.67578125 0.0578125 0.06015625
0 0.9578125 0.965625 0.06875 0.06875
0 0.815625 0.90390625 0.05546875 0.0578125