0 0.8078125 0.90234375 0.0625 0.07421875
0 0.89296875 0.84609375 0.053125 0.0671875
0 0.8015625 0.82109375 0.071875 0.0671875
0 0.828125 0.73828125 0.06484375 0.071875
0 0.85546875 0.5734375 0.0984375 0.09609375
0 0.8375 0.3453125 0.115625 0.1203125
0 0.765625 0.26171875 0.10078125 0.0984375
0 0.51796875 0.2328125 0.1203125 0.103125
0 0.4734375 0.1625 0.07421875 0.0625
0 0.3375 0.0671875 0.0796875 0.06953125
0 0.18125 0.084375 0.0625 0.0671875
0 0.2453125 0.3734375 0.06484375 0.0796875
0 0.19140625 0.40859375 0.0578125 0.06015625
0 0.2359375 0.59609375 0.0671875 0.071875
0 0.1671875 0.5875 0.06953125 0.0765625
0 0.24296875 0.865625 0.0625 0.06953125
0 0.13125 0.81484375 0.053125 0.06015625
0 0.36328125 0.87265625 0.0578125 0.05546875
0 0.4734375 0.88671875 0.0484375 0.04296875
0 0.54921875 0.9484375 0.05546875 0.05546875
0 0.7328125 0.56484375 0.04296875 0.03359375
0 0.53515625 0.58515625 0.1078125 0.1109375
0 0.453125 0.5578125 0.0671875 0.0796875
0 0.5734375 0.46875 0.071875 0.071875
0 0.52265625 0.4890625 0.05546875 0.0578125
0 0.78515625 0.0890625 0.0578125 0.053125
0 0.66796875 0.06015625 0.0578125 0.05078125
0 0.5921875 0.053125 0.071875 0.0625
0 0.92578125 0.7234375 0.0625 0.0484375
0 0.95078125 0.98046875 0.0359375 0.03359375
0 0.18359375 0.94453125 0.05546875 0.05078125
0 0.0453125 0.9109375 0.0484375 0.0484375
0 0.946875 0.38125 0.05546875 0.0578125
0 0.9828125 0.2125 0.03359375 0.0484375
0 0.21640625 0.25625 0.05546875 0.06484375