0 0.034375 0.39921875 0.06875 0.1015625
0 0.0296875 0.10625 0.05078125 0.0625
0 0.2046875 0.01015625 0.059375 0.0203125
0 0.25625 0.23359375 0.0671875 0.06953125
0 0.15390625 0.40546875 0.0671875 0.0796875
0 0.18359375 0.32421875 0.05078125 0.05546875
0 0.9421875 0.16015625 0.115625 0.3203125
0 0.9515625 0.41875 0.096875 0.0625
0 0.84609375 0.4046875 0.1109375 0.090625
0 0.82890625 0.35 0.06015625 0.0625
0 0.865625 0.32421875 0.0671875 0.0671875
0 0.86484375 0.2578125 0.103125 0.103125
0 0.5859375 0.3046875 0.134375 0.21875
0 0.6453125 0.43515625 0.090625 0.0296875
0 0.56015625 0.103125 0.0828125 0.103125
0 0.16015625 0.971875 0.0828125 0.05625
0 0.01875 0.97734375 0.0375 0.0453125
0 0.05546875 0.78203125 0.0984375 0.0984375
0 0.24296875 0.99375 0.0578125 0.0125
0 0.1453125 0.88046875 0.0796875 0.06953125
0 0.775 0.815625 0.103125 0.09140625
0 0.725 0.89453125 0.0765625 0.0890625
0 0.90234375 0.75078125 0.1078125 0.103125
0 0.5609375 0.8 0.06484375 0.06953125