0 0.03203125 0.015625 0.0640625 0.03125
0 0.2890625 0.415625 0.08203125 0.0796875
0 0.14453125 0.47578125 0.071875 0.06953125
0 0.09765625 0.48203125 0.0578125 0.0625
0 0.046875 0.34921875 0.0453125 0.0484375
0 0.36328125 0.27265625 0.053125 0.0625
0 0.0796875 0.259375 0.02890625 0.0359375
0 0.11171875 0.22578125 0.03359375 0.04296875
0 0.02890625 0.24375 0.01953125 0.03828125
0 0.2890625 0.2796875 0.03828125 0.0484375
0 0.271875 0.07421875 0.0484375 0.0453125
0 0.1890625 0.0203125 0.03359375 0.0359375
0 0.01328125 0.51796875 0.0265625 0.0453125
0 0.7703125 0.125 0.3375 0.25
0 0.67109375 0.21875 0.0890625 0.09375
0 0.653125 0.31484375 0.11328125 0.11796875
0 0.7734375 0.36171875 0.14921875 0.15390625
0 0.7703125 0.45546875 0.1109375 0.115625
0 0.734375 0.540625 0.103125 0.0375
0 0.91875 0.54765625 0.071875 0.0234375
0 0.92890625 0.29453125 0.053125 0.06015625
0 0.9796875 0.31484375 0.040625 0.0796875
0 0.96484375 0.1578125 0.0703125 0.084375
0 0.98125 0.0453125 0.0375 0.08125
0 0.528125 0.28515625 0.0375 0.0890625
0 0.465625 0.94765625 0.0875 0.0921875
0 0.2765625 0.9796875 0.115625 0.040625
0 0.4921875 0.70546875 0.034375 0.1421875
0 0.9 0.63125 0.2 0.14375
0 0.76484375 0.5828125 0.0609375 0.046875
0 0.6875 0.71484375 0.06484375 0.0671875
0 0.678125 0.75625 0.0578125 0.0484375
0 0.84765625 0.746875 0.05078125 0.0453125
0 0.9328125 0.7578125 0.03359375 0.0359375
0 0.51875 0.84375 0.01875 0.05
0 0.6359375 0.940625 0.040625 0.040625
0 0.73359375 0.96328125 0.0484375 0.0484375
0 0.83671875 0.99375 0.0453125 0.0125