0 0.2984375 0.0078125 0.05625 0.015625
0 0.10234375 0.09765625 0.09140625 0.06953125
0 0.31875 0.37734375 0.0890625 0.0671875
0 0.0078125 0.525 0.015625 0.05
0 0.48125 0.4765625 0.134375 0.1203125
0 0.06875 0.3078125 0.0671875 0.06484375
0 0.23671875 0.21875 0.0671875 0.06953125
0 0.43671875 0.1296875 0.0453125 0.04296875
0 0.39921875 0.16640625 0.0484375 0.0453125
0 0.89921875 0.5125 0.07421875 0.06953125
0 0.8171875 0.40625 0.0671875 0.0890625
0 0.97265625 0.39375 0.0546875 0.065625
0 0.97890625 0.13046875 0.0421875 0.1046875
0 0.98046875 0.2984375 0.0390625 0.090625
0 0.6125 0.234375 0.0875 0.1875
0 0.79296875 0.0625 0.05546875 0.06015625
0 0.8953125 0.0296875 0.103125 0.059375
0 0.084375 0.86484375 0.16875 0.2703125
0 0.134375 0.95703125 0.103125 0.0859375
0 0.4421875 0.990625 0.09375 0.01875
0 0.4203125 0.8 0.09375 0.09375
0 0.43125 0.678125 0.275 0.21875
0 0.55234375 0.5953125 0.0328125 0.053125
0 0.33046875 0.58046875 0.0484375 0.0234375
0 0.18203125 0.70703125 0.06953125 0.0671875
0 0.14296875 0.69609375 0.0453125 0.0484375
0 0.39140625 0.953125 0.05078125 0.053125
0 0.296875 0.88125 0.05546875 0.053125
0 0.971875 0.60078125 0.05625 0.0640625
0 0.95390625 0.71015625 0.0921875 0.0984375
0 0.71328125 0.70234375 0.1078125 0.1078125
0 0.81171875 0.79140625 0.11796875 0.11796875
0 0.8015625 0.8515625 0.084375 0.08671875
0 0.69375 0.83984375 0.16796875 0.1703125
0 0.6078125 0.84140625 0.078125 0.1078125
0 0.6203125 0.9484375 0.103125 0.103125