0 0.19765625 0.64140625 0.1046875 0.0546875
0 0.03671875 0.5953125 0.0734375 0.071875
0 0.134375 0.415625 0.0890625 0.0796875
0 0.034375 0.1953125 0.06875 0.153125
0 0.4609375 0.6515625 0.053125 0.034375
0 0.4421875 0.27890625 0.084375 0.06484375
0 0.2875 0.1828125 0.1296875 0.11796875
0 0.51875 0.43515625 0.06484375 0.0671875
0 0.33046875 0.521875 0.04296875 0.040625
0 0.365625 0.48671875 0.0453125 0.0453125
0 0.65078125 0.0421875 0.0828125 0.084375
0 0.8671875 0.0078125 0.0625 0.015625
0 0.925 0.02890625 0.053125 0.0578125
0 0.95546875 0.32734375 0.0890625 0.1328125
0 0.78515625 0.2484375 0.1078125 0.1390625
0 0.95 0.5296875 0.0578125 0.0625
0 0.79609375 0.6375 0.0796875 0.0625
0 0.17578125 0.84609375 0.3515625 0.3078125
0 0.384375 0.72109375 0.278125 0.1046875
0 0.58359375 0.92265625 0.0515625 0.0859375
0 0.57890625 0.74609375 0.0609375 0.0953125
0 0.41640625 0.88359375 0.084375 0.0671875
0 0.8390625 0.728125 0.09609375 0.08671875
0 0.79453125 0.98671875 0.0671875 0.0265625
0 0.76015625 0.9203125 0.05078125 0.053125
0 0.7078125 0.8265625 0.0578125 0.06953125
0 0.6625 0.80625 0.0453125 0.0671875