0 0.77265625 0.81875 0.19921875 0.196875
0 0.83515625 0.8859375 0.05546875 0.05078125
0 0.86796875 0.91953125 0.09140625 0.09140625
0 0.91796875 0.8640625 0.040625 0.0484375
0 0.85703125 0.70078125 0.18984375 0.1734375
0 0.70078125 0.5453125 0.1296875 0.1203125
0 0.6578125 0.43515625 0.1734375 0.146875
0 0.19140625 0.6234375 0.0765625 0.071875
0 0.140625 0.7046875 0.0765625 0.0796875
0 0.25703125 0.81015625 0.040625 0.03828125
0 0.6421875 0.946875 0.0625 0.0625
0 0.5828125 0.9734375 0.06484375 0.053125
0 0.0296875 0.7828125 0.059375 0.0625
0 0.53828125 0.290625 0.053125 0.053125
0 0.24609375 0.1984375 0.05546875 0.05546875
0 0.328125 0.13671875 0.06953125 0.06953125
0 0.58203125 0.23828125 0.0625 0.06484375
0 0.38671875 0.2796875 0.0484375 0.0453125
0 0.0046875 0.70078125 0.009375 0.06015625