0 0.0375 0.375 0.075 0.11875
0 0.41953125 0.09609375 0.0671875 0.0578125
0 0.45234375 0.0203125 0.0640625 0.040625
0 0.1484375 0.49140625 0.0453125 0.0453125
0 0.45234375 0.5234375 0.0453125 0.0484375
0 0.38515625 0.5859375 0.0578125 0.028125
0 0.115625 0.55234375 0.053125 0.05546875
0 0.296875 0.471875 0.040625 0.0359375
0 0.7640625 0.03046875 0.16875 0.0609375
0 0.771875 0.15390625 0.0984375 0.09140625
0 0.9046875 0.1046875 0.0890625 0.103125
0 0.45078125 0.6203125 0.1578125 0.040625
0 0.43046875 0.9421875 0.1984375 0.115625
0 0.06328125 0.9671875 0.1265625 0.065625
0 0.03046875 0.8109375 0.0609375 0.1375
0 0.52109375 0.734375 0.0171875 0.0875
0 0.42578125 0.81640625 0.05078125 0.0625
0 0.3390625 0.69765625 0.0578125 0.0796875
0 0.153125 0.6734375 0.06484375 0.07421875
0 0.8953125 0.640625 0.05078125 0.0453125
0 0.9875 0.85234375 0.025 0.0453125
0 0.69453125 0.9640625 0.07421875 0.06953125
0 0.7734375 0.86484375 0.0484375 0.05546875
0 0.84296875 0.890625 0.0453125 0.04296875
0 0.559375 0.8515625 0.0453125 0.06015625
0 0.60390625 0.790625 0.05078125 0.0484375
0 0.82421875 0.70859375 0.103125 0.08671875
0 0.8875 0.7234375 0.03828125 0.0484375
0 0.5453125 0.62109375 0.03125 0.0421875
0 0.81328125 0.98671875 0.0453125 0.0265625