0 0.2046875 0.14453125 0.10078125 0.10078125
0 0.159375 0.0484375 0.10625 0.096875
0 0.00703125 0.0875 0.0140625 0.053125
0 0.59609375 0.3515625 0.1390625 0.115625
0 0.87734375 0.24296875 0.0890625 0.09375
0 0.78515625 0.3921875 0.0640625 0.034375
0 0.196875 0.54453125 0.11328125 0.11796875
0 0.034375 0.71484375 0.04296875 0.07421875
0 0.29765625 0.6203125 0.05078125 0.05078125
0 0.11953125 0.728125 0.0453125 0.053125
0 0.60390625 0.896875 0.125 0.1515625
0 0.72265625 0.95234375 0.1234375 0.0953125
0 0.49375 0.853125 0.0875 0.071875
0 0.609375 0.44921875 0.115625 0.0796875
0 0.6453125 0.54453125 0.103125 0.084375
0 0.76796875 0.76015625 0.07421875 0.08671875
0 0.909375 0.5125 0.084375 0.0671875
0 0.8171875 0.5578125 0.06484375 0.0625
0 0.909375 0.62421875 0.0796875 0.09609375