0 0.11640625 0.11484375 0.0796875 0.06484375
0 0.07578125 0.0265625 0.0765625 0.053125
0 0.41328125 0.546875 0.0109375 0.05
0 0.07734375 0.58203125 0.053125 0.053125
0 0.15625 0.66171875 0.06875 0.0546875
0 0.2578125 0.5265625 0.0484375 0.040625
0 0.7078125 0.67109375 0.10625 0.0359375
0 0.74140625 0.41875 0.0578125 0.06953125
0 0.68125 0.35859375 0.17578125 0.240625
0 0.4703125 0.2421875 0.09609375 0.1515625
0 0.4671875 0.09453125 0.06484375 0.04296875
0 0.54140625 0.0921875 0.05078125 0.06484375
0 0.66875 0.0796875 0.06015625 0.06015625
0 0.90546875 0.38046875 0.06484375 0.0796875
0 0.98125 0.55546875 0.0375 0.0703125
0 0.85078125 0.5234375 0.0671875 0.06015625
0 0.784375 0.62578125 0.06484375 0.07421875
0 0.0328125 0.7046875 0.065625 0.03125
0 0.009375 0.96796875 0.01875 0.0640625
0 0.30078125 0.859375 0.12734375 0.134375
0 0.08359375 0.9265625 0.06015625 0.06015625
0 0.1015625 0.8796875 0.10078125 0.0765625
0 0.471875 0.7359375 0.10625 0.09375
0 0.53828125 0.96875 0.0859375 0.0625
0 0.50078125 0.89140625 0.06015625 0.05546875
0 0.59296875 0.8578125 0.0484375 0.06015625
0 0.6859375 0.9609375 0.0578125 0.0578125
0 0.7625 0.88515625 0.0796875 0.103125
0 0.92578125 0.82265625 0.06953125 0.08203125