0 0.33984375 0.94921875 0.125 0.10078125
0 0.22109375 0.86796875 0.10546875 0.10078125
0 0.40390625 0.77265625 0.103125 0.103125
0 0.521875 0.74609375 0.08203125 0.0890625
0 0.5921875 0.67421875 0.1203125 0.146875
0 0.7515625 0.71875 0.10546875 0.0796875
0 0.7328125 0.60703125 0.07421875 0.08203125
0 0.603125 0.87734375 0.0671875 0.05546875
0 0.7703125 0.96640625 0.0796875 0.05546875
0 0.81640625 0.9265625 0.05546875 0.0625
0 0.8578125 0.8859375 0.0453125 0.0453125
0 0.8546875 0.8296875 0.06953125 0.0578125
0 0.8734375 0.5640625 0.0578125 0.0359375
0 0.27421875 0.41953125 0.06015625 0.053125
0 0.125 0.1875 0.084375 0.103125
0 0.1828125 0.65390625 0.09140625 0.09375
0 0.20078125 0.7515625 0.0578125 0.0625