0 0.2234375 0.01640625 0.103125 0.0328125
0 0.10546875 0.0265625 0.0828125 0.053125
0 0.04765625 0.0796875 0.0953125 0.146875
0 0.35390625 0.33515625 0.06015625 0.053125
0 0.503125 0.5671875 0.084375 0.103125
0 0.4453125 0.10078125 0.09140625 0.09375
0 0.42734375 0.0171875 0.0578125 0.034375
0 0.58203125 0.5234375 0.0640625 0.134375
0 0.5734375 0.66171875 0.046875 0.0546875
0 0.75625 0.5859375 0.1109375 0.09609375
0 0.834375 0.5515625 0.09375 0.07421875
0 0.840625 0.42578125 0.0671875 0.0671875
0 0.77890625 0.41953125 0.07421875 0.06015625
0 0.73203125 0.2921875 0.1109375 0.125
0 0.7671875 0.01875 0.090625 0.0375
0 0.85390625 0.08828125 0.10546875 0.0796875
0 0.8125 0.1953125 0.071875 0.0796875
0 0.97578125 0.29140625 0.0484375 0.0890625
0 0.984375 0.19296875 0.03125 0.0828125
0 0.98671875 0.0703125 0.0265625 0.121875
0 0.63984375 0.15625 0.0671875 0.071875
0 0.93984375 0.08046875 0.0625 0.06484375
0 0.5796875 0.184375 0.059375 0.159375
0 0.2265625 0.85703125 0.16328125 0.1703125
0 0.309375 0.96015625 0.0453125 0.0578125
0 0.321875 0.8703125 0.0578125 0.071875
0 0.378125 0.78515625 0.06015625 0.06953125
0 0.46015625 0.734375 0.0484375 0.0578125
0 0.10859375 0.8703125 0.1109375 0.1296875
0 0.53828125 0.93125 0.0234375 0.084375
0 0.51328125 0.896875 0.0734375 0.075
0 0.10546875 0.77890625 0.0671875 0.05546875
0 0.11484375 0.71875 0.0484375 0.05078125
0 0.30859375 0.709375 0.0484375 0.040625
0 0.9 0.978125 0.115625 0.04375
0 0.6328125 0.90546875 0.115625 0.11796875
0 0.57890625 0.96953125 0.0578125 0.0609375
0 0.8953125 0.74453125 0.1125 0.1109375
0 0.9265625 0.903125 0.146875 0.19375