0 0.57578125 0.97421875 0.1390625 0.0515625
0 0.7125 0.9359375 0.12734375 0.12734375
0 0.53125 0.80390625 0.12265625 0.1296875
0 0.40859375 0.75859375 0.10078125 0.11328125
0 0.34375 0.66484375 0.14921875 0.18515625
0 0.16796875 0.69453125 0.125 0.10546875
0 0.2046875 0.56875 0.09140625 0.10546875
0 0.303125 0.896875 0.0796875 0.071875
0 0.1140625 0.95078125 0.08671875 0.021875
0 0.06953125 0.91953125 0.06484375 0.0671875
0 0.0296875 0.87265625 0.05546875 0.0578125
0 0.0421875 0.8078125 0.08203125 0.0765625
0 0.05859375 0.5015625 0.06484375 0.05078125
0 0.7203125 0.415625 0.071875 0.0671875
0 0.9125 0.16953125 0.10546875 0.13203125
0 0.78359375 0.696875 0.1109375 0.1203125
0 0.75 0.80625 0.071875 0.0796875