0 0.44140625 0.453125 0.1109375 0.071875
0 0.43046875 0.34609375 0.04296875 0.0671875
0 0.5125 0.375 0.03125 0.05078125
0 0.40390625 0.28515625 0.0453125 0.06015625
0 0.03984375 0.88828125 0.0796875 0.0765625
0 0.25 0.88203125 0.09375 0.084375
0 0.15546875 0.76484375 0.0890625 0.07421875
0 0.36875 0.95859375 0.021875 0.0796875
0 0.66328125 0.74453125 0.5671875 0.5109375
0 0.93671875 0.7515625 0.08671875 0.0984375
0 0.8296875 0.596875 0.0765625 0.08671875
0 0.9828125 0.88046875 0.034375 0.0578125
0 0.9125 0.8515625 0.06484375 0.0671875
0 0.98984375 0.71171875 0.0203125 0.0984375
0 0.97265625 0.61484375 0.0546875 0.0671875