0 0.4703125 0.28671875 0.378125 0.4640625
0 0.0828125 0.56640625 0.0765625 0.09375
0 0.0578125 0.31015625 0.06015625 0.05546875
0 0.19140625 0.28984375 0.11796875 0.11796875
0 0.9765625 0.56953125 0.046875 0.0890625
0 0.884375 0.58671875 0.115625 0.0859375
0 0.93828125 0.23984375 0.1234375 0.1734375
0 0.7984375 0.22890625 0.1421875 0.15625
0 0.95234375 0.084375 0.0953125 0.084375
0 0.984375 0.034375 0.03125 0.06875
0 0.71796875 0.58671875 0.07421875 0.071875
0 0.6859375 0.54609375 0.053125 0.0515625
0 0.94140625 0.5203125 0.07421875 0.06484375
0 0.678125 0.22265625 0.0375 0.0671875
0 0.878125 0.0125 0.053125 0.025
0 0.01953125 0.78828125 0.0390625 0.0921875
0 0.49453125 0.74921875 0.0984375 0.0796875
0 0.52421875 0.6703125 0.0625 0.0625
0 0.88046875 0.81484375 0.2390625 0.3703125
0 0.87734375 0.7703125 0.11796875 0.11796875
0 0.6953125 0.7078125 0.071875 0.103125
0 0.82734375 0.978125 0.1015625 0.04375
0 0.76171875 0.65625 0.1609375 0.053125
0 0.94375 0.7203125 0.1125 0.11875
0 0.92890625 0.92734375 0.084375 0.08671875
0 0.98515625 0.91484375 0.0296875 0.1015625
0 0.97265625 0.86875 0.0546875 0.084375