0 0.10859375 0.146875 0.2171875 0.20625
0 0.50625 0.10078125 0.046875 0.1578125
0 0.60546875 0.078125 0.1515625 0.15625
0 0.753125 0.07109375 0.0484375 0.0625
0 0.43203125 0.778125 0.17578125 0.1703125
0 0.5140625 0.56875 0.03125 0.16875
0 0.4171875 0.5734375 0.0984375 0.1109375
0 0.36328125 0.52890625 0.07421875 0.07421875
0 0.221875 0.515625 0.1703125 0.2015625
0 0.04140625 0.58203125 0.0625 0.06953125
0 0.12421875 0.3125 0.0484375 0.0671875
0 0.2109375 0.2921875 0.08125 0.084375
0 0.45703125 0.37421875 0.053125 0.0671875
0 0.5078125 0.33125 0.04375 0.090625
0 0.1359375 0.90546875 0.09375 0.09140625
0 0.08125 0.828125 0.1625 0.28125
0 0.2203125 0.8125 0.07421875 0.0796875
0 0.40625 0.4234375 0.0578125 0.0578125
0 0.35390625 0.38828125 0.0453125 0.04296875
0 0.35 0.328125 0.04296875 0.0453125
0 0.39453125 0.303125 0.040625 0.03828125
0 0.6625 0.75234375 0.1828125 0.17578125
0 0.7 0.93671875 0.153125 0.1265625
0 0.9703125 0.971875 0.05625 0.05625
0 0.8359375 0.70546875 0.0578125 0.053125
0 0.6890625 0.3265625 0.053125 0.05546875
0 0.896875 0.4125 0.0796875 0.071875
0 0.54140625 0.5953125 0.0234375 0.059375
0 0.88359375 0.31328125 0.0671875 0.0625
0 0.60625 0.3484375 0.06015625 0.05546875