0 0.0203125 0.64609375 0.040625 0.0640625
0 0.07265625 0.6203125 0.084375 0.06484375
0 0.234375 0.228125 0.0796875 0.0796875
0 0.13203125 0.3140625 0.071875 0.071875
0 0.21328125 0.05078125 0.08203125 0.0671875
0 0.275 0.490625 0.10546875 0.103125
0 0.103125 0.553125 0.115625 0.10546875
0 0.31015625 0.68984375 0.0609375 0.0203125
0 0.46875 0.50390625 0.08125 0.2453125
0 0.4703125 0.1046875 0.078125 0.209375
0 0.325 0.36796875 0.053125 0.053125
0 0.59140625 0.48984375 0.1515625 0.15390625
0 0.76953125 0.04765625 0.1546875 0.0953125
0 0.51796875 0.1328125 0.0171875 0.128125
0 0.96953125 0.47109375 0.0609375 0.1109375
0 0.24140625 0.7375 0.1109375 0.075
0 0.3296875 0.76796875 0.08671875 0.09140625
0 0.4453125 0.97421875 0.090625 0.0515625
0 0.37890625 0.9 0.09140625 0.0984375
0 0.1953125 0.909375 0.09609375 0.103125
0 0.078125 0.95234375 0.125 0.0953125
0 0.771875 0.725 0.071875 0.05
0 0.70625 0.715625 0.13125 0.03125
0 0.53203125 0.76640625 0.0453125 0.1046875
0 0.6296875 0.89921875 0.240625 0.2015625
0 0.78125 0.9203125 0.12265625 0.134375
0 0.93359375 0.96484375 0.0796875 0.0703125