0 0.5796875 0.43515625 0.059375 0.0796875
0 0.5578125 0.31796875 0.103125 0.1421875
0 0.309375 0.21015625 0.0765625 0.0796875
0 0.40078125 0.296875 0.06953125 0.07421875
0 0.3328125 0.0359375 0.0765625 0.06953125
0 0.2640625 0.46640625 0.10078125 0.10546875
0 0.42109375 0.51484375 0.1109375 0.0703125
0 0.06171875 0.45 0.1234375 0.2
0 0.065625 0.09296875 0.13125 0.1859375
0 0.21953125 0.34453125 0.05078125 0.053125
0 0.78125 0.19765625 0.084375 0.08671875
0 0.84921875 0.203125 0.071875 0.0671875
0 0.76171875 0.0515625 0.08203125 0.084375
0 0.6765625 0.35234375 0.115625 0.1296875
0 0.8390625 0.296875 0.06953125 0.071875
0 0.41640625 0.89765625 0.1828125 0.18046875
0 0.1359375 0.96484375 0.0875 0.0703125
0 0.27734375 0.85859375 0.08671875 0.08671875
0 0.15 0.7390625 0.2015625 0.2046875
0 0.64609375 0.57265625 0.0734375 0.0453125
0 0.8015625 0.59453125 0.08671875 0.08671875
0 0.7578125 0.67421875 0.06953125 0.071875
0 0.7328125 0.8796875 0.125 0.12734375
0 0.965625 0.8484375 0.06875 0.178125
0 0.84140625 0.94609375 0.1390625 0.1078125
0 0.94453125 0.7421875 0.09609375 0.09375
0 0.86484375 0.83046875 0.0890625 0.0890625
0 0.9734375 0.9828125 0.053125 0.034375
0 0.9359375 0.953125 0.0796875 0.0796875