0 0.50234375 0.046875 0.134375 0.09375
0 0.5921875 0.2796875 0.08671875 0.07421875
0 0.51953125 0.29453125 0.08671875 0.07421875
0 0.65625 0.353125 0.0765625 0.0796875
0 0.87734375 0.375 0.0890625 0.0765625
0 0.9078125 0.2296875 0.0796875 0.08671875
0 0.75625 0.49609375 0.08203125 0.0890625
0 0.6859375 0.47734375 0.07421875 0.0796875
0 0.62109375 0.48203125 0.0765625 0.08671875
0 0.59140625 0.59609375 0.15390625 0.15859375
0 0.74609375 0.67578125 0.103125 0.103125
0 0.8703125 0.5890625 0.06484375 0.07421875
0 0.93515625 0.73046875 0.0578125 0.0578125
0 0.91796875 0.90390625 0.05546875 0.0765625
0 0.546875 0.9671875 0.06953125 0.06484375
0 0.6890625 0.86640625 0.06484375 0.06484375
0 0.31015625 0.65234375 0.084375 0.0890625
0 0.4171875 0.58515625 0.0765625 0.08203125
0 0.3015625 0.828125 0.08671875 0.0796875
0 0.3140625 0.3921875 0.11328125 0.115625
0 0.48046875 0.35546875 0.12265625 0.1203125
0 0.31484375 0.171875 0.06484375 0.0671875
0 0.18828125 0.009375 0.0796875 0.01875
0 0.15859375 0.1109375 0.0578125 0.06953125
0 0.0984375 0.3453125 0.18515625 0.26171875
0 0.0625 0.74765625 0.125 0.259375
0 0.24765625 0.50390625 0.0578125 0.06015625