0 0.28515625 0.07109375 0.084375 0.0890625
0 0.2890625 0.33125 0.11328125 0.115625
0 0.2890625 0.53359375 0.065625 0.0328125
0 0.0828125 0.37734375 0.165625 0.2609375
0 0.05 0.05234375 0.1 0.1046875
0 0.22265625 0.21953125 0.0578125 0.06015625
0 0.5765625 0.4984375 0.084375 0.08671875
0 0.50390625 0.48671875 0.06484375 0.06953125
0 0.4078125 0.45078125 0.07421875 0.0671875
0 0.6625 0.328125 0.09609375 0.0984375
0 0.490625 0.33671875 0.0625 0.06015625
0 0.7109375 0.021875 0.0875 0.04375
0 0.9140625 0.0359375 0.090625 0.071875
0 0.98359375 0.0125 0.0328125 0.025
0 0.9328125 0.51796875 0.071875 0.0640625
0 0.8546875 0.49453125 0.146875 0.1109375
0 0.9703125 0.240625 0.059375 0.053125
0 0.6765625 0.5 0.125 0.1
0 0.071875 0.6703125 0.09140625 0.10078125
0 0.04296875 0.80625 0.0796875 0.0796875
0 0.6125 0.55546875 0.075 0.0109375
0 0.53984375 0.6203125 0.06953125 0.0890625
0 0.9078125 0.59609375 0.04296875 0.0578125
0 0.65078125 0.79921875 0.04296875 0.040625
0 0.41875 0.9515625 0.040625 0.04296875
0 0.95234375 0.909375 0.07421875 0.05546875