0 0.41171875 0.45859375 0.14453125 0.12265625
0 0.5359375 0.58828125 0.1125 0.0609375
0 0.684375 0.1484375 0.040625 0.0453125
0 0.53984375 0.3359375 0.0453125 0.03828125
0 0.23828125 0.0703125 0.0359375 0.04296875
0 0.45859375 0.0484375 0.0671875 0.0484375
0 0.06171875 0.23359375 0.0453125 0.05078125
0 0.08828125 0.3109375 0.040625 0.04296875
0 0.21796875 0.38515625 0.0453125 0.0453125
0 0.70859375 0.0515625 0.0203125 0.04375
0 0.17578125 0.128125 0.0484375 0.03828125
0 0.86875 0.065625 0.2625 0.13125
0 0.7828125 0.11484375 0.128125 0.1203125
0 0.97265625 0.58203125 0.0546875 0.0734375
0 0.9828125 0.14140625 0.034375 0.0859375
0 0.59296875 0.72109375 0.2515625 0.2046875
0 0.13203125 0.71171875 0.115625 0.11328125
0 0.05859375 0.8765625 0.0578125 0.08203125
0 0.48125 0.9078125 0.11796875 0.115625
0 0.7671875 0.646875 0.096875 0.05625