0 0.10859375 0.403125 0.1765625 0.071875
0 0.46875 0.34375 0.053125 0.05546875
0 0.2296875 0.05546875 0.053125 0.0578125
0 0.3421875 0.03515625 0.05078125 0.05546875
0 0.175 0.28515625 0.05546875 0.05078125
0 0.01015625 0.05546875 0.0203125 0.0671875
0 0.47734375 0.22265625 0.0453125 0.0484375
0 0.409375 0.03515625 0.05546875 0.06015625
0 0.5640625 0.18203125 0.128125 0.2171875
0 0.66015625 0.1515625 0.09609375 0.0984375
0 0.865625 0.3125 0.103125 0.12265625
0 0.93046875 0.046875 0.1390625 0.09375
0 0.81640625 0.09609375 0.13671875 0.1390625
0 0.778125 0.03671875 0.1375 0.0734375
0 0.7921875 0.28515625 0.08671875 0.09609375
0 0.73046875 0.26796875 0.07421875 0.084375
0 0.56015625 0.38125 0.071875 0.071875
0 0.4828125 0.64375 0.034375 0.103125
0 0.4296875 0.7046875 0.06484375 0.0578125
0 0.375 0.8296875 0.08203125 0.1109375
0 0.32578125 0.82734375 0.0484375 0.05078125
0 0.2234375 0.65625 0.09375 0.09375
0 0.25625 0.5625 0.06484375 0.0578125
0 0.1609375 0.53671875 0.053125 0.06484375
0 0.07578125 0.64609375 0.0625 0.0625
0 0.01875 0.57578125 0.0375 0.1109375
0 0.2515625 0.8984375 0.13203125 0.1203125
0 0.04453125 0.9328125 0.0890625 0.134375
0 0.81328125 0.61484375 0.10078125 0.10078125
0 0.89375 0.59609375 0.071875 0.07421875
0 0.915625 0.4796875 0.07421875 0.071875
0 0.57890625 0.60078125 0.09140625 0.0890625
0 0.753125 0.671875 0.0796875 0.08203125
0 0.61953125 0.89140625 0.0890625 0.0890625
0 0.54296875 0.9703125 0.0859375 0.059375
0 0.91484375 0.9296875 0.1703125 0.140625
0 0.60546875 0.47265625 0.1171875 0.0671875