0 0.19921875 0.0359375 0.1421875 0.071875
0 0.46484375 0.3296875 0.03828125 0.0453125
0 0.325 0.1390625 0.04296875 0.0359375
0 0.01328125 0.08046875 0.0265625 0.0421875
0 0.834375 0.1515625 0.33125 0.303125
0 0.57890625 0.06796875 0.11796875 0.11796875
0 0.3734375 0.8609375 0.290625 0.278125
0 0.39921875 0.48671875 0.15390625 0.15859375
0 0.403125 0.571875 0.0671875 0.0765625
0 0.2 0.4421875 0.08671875 0.08203125
0 0.278125 0.4796875 0.165625 0.1703125
0 0.05234375 0.5671875 0.09140625 0.09375
0 0.115625 0.69609375 0.0796875 0.0796875
0 0.06640625 0.90703125 0.103125 0.1078125
0 0.23984375 0.884375 0.115625 0.1203125
0 0.2453125 0.7796875 0.0765625 0.08203125
0 0.76875 0.60078125 0.4625 0.4828125
0 0.9640625 0.74453125 0.071875 0.1296875