0 0.15234375 0.2921875 0.1734375 0.13203125
0 0.0296875 0.46328125 0.059375 0.1296875
0 0.0125 0.153125 0.025 0.040625
0 0.38984375 0.2171875 0.053125 0.0484375
0 0.39609375 0.57734375 0.06015625 0.0359375
0 0.8953125 0.2328125 0.20703125 0.19453125
0 0.58828125 0.15390625 0.115625 0.1109375
0 0.50078125 0.69609375 0.0640625 0.0453125
0 0.546875 0.5921875 0.0765625 0.07421875
0 0.50546875 0.4546875 0.0734375 0.084375
0 0.890625 0.01875 0.08125 0.0375
0 0.98125 0.13203125 0.0375 0.1421875
0 0.6765625 0.60703125 0.12265625 0.134375
0 0.76171875 0.13203125 0.084375 0.07421875
0 0.75234375 0.0359375 0.06953125 0.05546875
0 0.68984375 0.0671875 0.053125 0.0578125
0 0.5140625 0.084375 0.0578125 0.05546875
0 0.40234375 0.8859375 0.1296875 0.1296875
0 0.4453125 0.80546875 0.046875 0.0765625
0 0.3171875 0.80078125 0.303125 0.1640625
0 0.15703125 0.99296875 0.0640625 0.0140625
0 0.13984375 0.91328125 0.08203125 0.08203125
0 0.1796875 0.86875 0.10078125 0.10078125
0 0.3109375 0.98671875 0.0625 0.0265625
0 0.24140625 0.8015625 0.06953125 0.06953125
0 0.575 0.86484375 0.18515625 0.1828125
0 0.60703125 0.74453125 0.2359375 0.0515625
0 0.8921875 0.9578125 0.14375 0.084375