0 0.38515625 0.1015625 0.06015625 0.06015625
0 0.17109375 0.2078125 0.125 0.13203125
0 0.3390625 0.1875 0.06484375 0.06484375
0 0.3234375 0.3296875 0.0890625 0.09140625
0 0.45625 0.465625 0.1109375 0.1109375
0 0.35 0.46171875 0.1109375 0.1078125
0 0.090625 0.009375 0.071875 0.01875
0 0.4515625 0.30703125 0.04296875 0.04296875
0 0.271875 0.0859375 0.0453125 0.0453125
0 0.77578125 0.5375 0.3421875 0.084375
0 0.87109375 0.5578125 0.1046875 0.04375
0 0.92265625 0.52578125 0.1546875 0.1078125
0 0.70234375 0.54453125 0.0953125 0.0703125
0 0.70234375 0.4625 0.0796875 0.0796875
0 0.84296875 0.415625 0.134375 0.1390625
0 0.959375 0.35 0.0796875 0.0796875
0 0.84765625 0.01640625 0.1078125 0.0328125
0 0.81171875 0.0375 0.06953125 0.06953125
0 0.840625 0.0875 0.08671875 0.0890625
0 0.87421875 0.18125 0.11796875 0.11796875
0 0.76328125 0.209375 0.15859375 0.15859375
0 0.540625 0.2609375 0.04375 0.121875
0 0.57109375 0.4609375 0.1046875 0.2375
0 0.62421875 0.54921875 0.0703125 0.0609375
0 0.640625 0.2453125 0.07421875 0.07421875
0 0.63515625 0.30546875 0.08671875 0.08671875
0 0.9640625 0.18515625 0.071875 0.0890625
0 0.41171875 0.83125 0.07421875 0.0890625
0 0.5796875 0.91484375 0.121875 0.1703125
0 0.85 0.746875 0.115625 0.12265625
0 0.8484375 0.8609375 0.15390625 0.14921875
0 0.93828125 0.8390625 0.0796875 0.09375
0 0.98359375 0.71171875 0.0328125 0.0671875
0 0.65625 0.8359375 0.1078125 0.103125
0 0.92578125 0.5984375 0.0671875 0.0375