0 0.9015625 0.16953125 0.18515625 0.1609375
0 0.60546875 0.05546875 0.08671875 0.08203125
0 0.62734375 0.1515625 0.0796875 0.0890625
0 0.56484375 0.203125 0.07421875 0.0625
0 0.43515625 0.3546875 0.0484375 0.05078125
0 0.47265625 0.584375 0.0890625 0.12734375
0 0.3921875 0.4390625 0.053125 0.05546875
0 0.28828125 0.5328125 0.06953125 0.0796875
0 0.1046875 0.5046875 0.09140625 0.09375
0 0.16796875 0.58671875 0.0984375 0.08203125
0 0.6078125 0.759375 0.09375 0.084375
0 0.8171875 0.51953125 0.05078125 0.05546875
0 0.740625 0.38671875 0.0453125 0.053125
0 0.43984375 0.86328125 0.0484375 0.0578125
0 0.37265625 0.025 0.0578125 0.0484375
0 0.69609375 0.5203125 0.05546875 0.06484375
0 0.83515625 0.74296875 0.040625 0.040625
0 0.7546875 0.8546875 0.053125 0.06015625
0 0.0734375 0.76953125 0.0625 0.0578125
0 0.13828125 0.7796875 0.0578125 0.0625
0 0.18125 0.8484375 0.0484375 0.040625
0 0.63203125 0.9421875 0.071875 0.0671875
0 0.7296875 0.9390625 0.053125 0.05546875
0 0.77890625 0.9234375 0.05078125 0.053125
0 0.7921875 0.98203125 0.0484375 0.0359375
0 0.834375 0.95546875 0.03359375 0.05078125
0 0.91953125 0.7953125 0.03125 0.0359375
0 0.821875 0.5828125 0.06015625 0.0484375
0 0.86328125 0.65625 0.0359375 0.03359375
0 0.2328125 0.41796875 0.0359375 0.03359375
0 0.5109375 0.43515625 0.0359375 0.03828125
0 0.5734375 0.271875 0.0484375 0.05078125