0 0.1828125 0.375 0.03828125 0.0484375
0 0.11328125 0.1609375 0.03359375 0.03359375
0 0.16328125 0.03359375 0.040625 0.053125
0 0.01796875 0.1296875 0.02421875 0.03125
0 0.1625 0.3125 0.053125 0.0359375
0 0.10625 0.25234375 0.03125 0.02890625
0 0.721875 0.034375 0.103125 0.06875
0 0.70078125 0.10546875 0.0984375 0.1109375
0 0.5875 0.06015625 0.09609375 0.103125
0 0.9125 0.29296875 0.13203125 0.1390625
0 0.66796875 0.35234375 0.12265625 0.13671875
0 0.61171875 0.228125 0.14453125 0.14921875
0 0.86796875 0.4984375 0.071875 0.08203125
0 0.33984375 0.2546875 0.146875 0.1296875
0 0.36875 0.3546875 0.08671875 0.1078125
0 0.3125 0.01640625 0.0625 0.0328125
0 0.27421875 0.1 0.0296875 0.0625
0 0.0171875 0.678125 0.034375 0.06875
0 0.096875 0.70859375 0.06015625 0.0765625
0 0.1734375 0.63203125 0.0671875 0.0796875
0 0.10390625 0.60859375 0.0765625 0.0390625
0 0.16796875 0.98828125 0.0546875 0.0234375
0 0.7078125 0.6375 0.196875 0.096875
0 0.90625 0.6703125 0.11328125 0.1203125
0 0.41171875 0.97109375 0.1515625 0.0578125
0 0.34453125 0.965625 0.0796875 0.06875
0 0.3015625 0.95 0.084375 0.1
0 0.29765625 0.903125 0.0765625 0.0984375
0 0.45859375 0.70625 0.07421875 0.07421875
0 0.53515625 0.5984375 0.0859375 0.01875
0 0.5921875 0.7625 0.08671875 0.084375
0 0.6765625 0.7890625 0.0796875 0.07421875
0 0.79296875 0.8890625 0.0890625 0.08203125
0 0.56796875 0.98125 0.0796875 0.0375