0 0.28359375 0.4265625 0.2421875 0.146875
0 0.18125 0.23515625 0.3625 0.4140625
0 0.35390625 0.08125 0.1921875 0.1625
0 0.403125 0.2640625 0.09375 0.153125
0 0.04140625 0.48359375 0.0828125 0.0328125
0 0.0328125 0.11484375 0.05546875 0.0578125
0 0.0421875 0.03671875 0.084375 0.0734375
0 0.3390625 0.37890625 0.09140625 0.09140625
0 0.20390625 0.08125 0.0671875 0.06484375
0 0.58984375 0.12578125 0.165625 0.165625
0 0.85546875 0.0875 0.071875 0.07421875
0 0.98671875 0.321875 0.0265625 0.071875
0 0.94140625 0.45703125 0.1171875 0.0859375
0 0.925 0.16875 0.053125 0.05546875
0 0.72890625 0.23046875 0.08671875 0.0890625
0 0.48359375 0.28359375 0.0671875 0.1265625
0 0.47109375 0.18828125 0.0421875 0.0953125
0 0.47109375 0.3828125 0.0421875 0.125
0 0.01484375 0.8625 0.0296875 0.0875
0 0.87578125 0.9875 0.1078125 0.025
0 0.63125 0.9421875 0.071875 0.0765625
0 0.615625 0.884375 0.05078125 0.03828125
0 0.7171875 0.86640625 0.053125 0.05546875
0 0.78046875 0.646875 0.3390625 0.29375
0 0.51953125 0.884375 0.0578125 0.07421875