0 0.17421875 0.27421875 0.3484375 0.1703125
0 0.3203125 0.071875 0.134375 0.12734375
0 0.13125 0.0796875 0.2625 0.159375
0 0.31875 0.3390625 0.04375 0.040625
0 0.3640625 0.275 0.06953125 0.0765625
0 0.38046875 0.1859375 0.084375 0.08671875
0 0.221875 0.215625 0.0578125 0.05546875
0 0.478125 0.11640625 0.096875 0.1203125
0 0.95078125 0.3203125 0.0984375 0.078125
0 0.971875 0.28203125 0.05625 0.0671875
0 0.78125 0.1640625 0.05546875 0.0578125
0 0.01796875 0.434375 0.0359375 0.125
0 0.415625 0.540625 0.028125 0.1625
0 0.35 0.609375 0.115625 0.12265625
0 0.1921875 0.55546875 0.1296875 0.12265625
0 0.20546875 0.67578125 0.1734375 0.12265625
0 0.1765625 0.82109375 0.1109375 0.11328125
0 0.31640625 0.7984375 0.09609375 0.08671875
0 0.4015625 0.88203125 0.05625 0.1046875
0 0.3375 0.93671875 0.184375 0.1265625
0 0.4453125 0.39765625 0.03125 0.0640625
0 0.64296875 0.38984375 0.1203125 0.0609375
0 0.8125 0.39609375 0.2 0.0734375
0 0.92265625 0.4484375 0.0765625 0.09609375
0 0.97578125 0.38671875 0.0484375 0.0546875
0 0.9515625 0.60078125 0.0453125 0.05546875
0 0.446875 0.55078125 0.034375 0.0796875
0 0.86328125 0.98203125 0.1109375 0.0359375
0 0.96328125 0.94609375 0.0734375 0.0859375
0 0.584375 0.88828125 0.06484375 0.06953125
0 0.83125 0.640625 0.0671875 0.0484375
0 0.91640625 0.6359375 0.0796875 0.06953125