0 0.7171875 0.59765625 0.228125 0.20703125
0 0.9796875 0.728125 0.040625 0.115625
0 0.45703125 0.4953125 0.4015625 0.3703125
0 0.0875 0.4078125 0.175 0.209375
0 0.29921875 0.18046875 0.14921875 0.134375
0 0.36796875 0.74140625 0.1109375 0.1078125
0 0.0453125 0.1484375 0.090625 0.1375
0 0.53125 0.13828125 0.31484375 0.2765625
0 0.71015625 0.33671875 0.146875 0.13671875
0 0.859375 0.87265625 0.0890625 0.0890625
0 0.97734375 0.43515625 0.0453125 0.0671875
0 0.54453125 0.78359375 0.0796875 0.0796875
0 0.40625 0.86875 0.0578125 0.05546875
0 0.25 0.8171875 0.06015625 0.06015625
0 0.21171875 0.78984375 0.0671875 0.06484375
0 0.25390625 0.703125 0.08671875 0.10078125
0 0.2203125 0.5375 0.053125 0.053125
0 0.28515625 0.4703125 0.0484375 0.053125
0 0.2390625 0.3953125 0.0765625 0.08203125
0 0.2234375 0.30078125 0.09375 0.09140625
0 0.70546875 0.4890625 0.084375 0.08203125
0 0.9359375 0.759375 0.06015625 0.0625
0 0.79921875 0.93046875 0.0578125 0.0453125
0 0.40390625 0.33515625 0.0625 0.0578125
0 0.109375 0.08671875 0.07421875 0.040625
0 0.7703125 0.1625 0.05546875 0.05078125