0 0.7359375 0.6390625 0.26171875 0.25234375
0 0.44453125 0.58046875 0.4640625 0.44921875
0 0.07578125 0.5515625 0.1515625 0.23046875
0 0.21015625 0.27421875 0.1734375 0.165625
0 0.40859375 0.86171875 0.1296875 0.1296875
0 0.43515625 0.1765625 0.37265625 0.353125
0 0.66953125 0.3609375 0.1703125 0.165625
0 0.9671875 0.4109375 0.06484375 0.084375
0 0.6 0.8734375 0.09375 0.09609375
0 0.47734375 0.9796875 0.0671875 0.040625
0 0.30390625 0.96484375 0.06953125 0.06953125
0 0.259375 0.94453125 0.0796875 0.0796875
0 0.2828125 0.84375 0.10546875 0.11796875
0 0.21015625 0.671875 0.0625 0.0625
0 0.26171875 0.5875 0.0578125 0.0625
0 0.196875 0.5171875 0.09140625 0.09609375
0 0.16015625 0.41796875 0.1109375 0.1109375
0 0.6984375 0.5265625 0.0984375 0.0984375
0 0.98046875 0.7703125 0.03828125 0.07421875
0 0.353125 0.41953125 0.07421875 0.071875
0 0.0171875 0.2015625 0.03359375 0.071875
0 0.69140625 0.1625 0.0625 0.0625