0 0.33046875 0.55546875 0.115625 0.11796875
0 0.415625 0.4671875 0.08203125 0.0796875
0 0.37265625 0.421875 0.0890625 0.084375
0 0.44921875 0.37265625 0.0765625 0.0796875
0 0.540625 0.40859375 0.09140625 0.0796875
0 0.5890625 0.3140625 0.103125 0.10546875
0 0.49375 0.28359375 0.08203125 0.0796875
0 0.41328125 0.19609375 0.0796875 0.103125
0 0.2125 0.23828125 0.09140625 0.08671875
0 0.28515625 0.1765625 0.084375 0.0796875
0 0.0171875 0.421875 0.03359375 0.13671875
0 0.0203125 0.553125 0.040625 0.05546875
0 0.06015625 0.80078125 0.0796875 0.0765625
0 0.16015625 0.7359375 0.05078125 0.06484375
0 0.34375 0.703125 0.0796875 0.0765625
0 0.4984375 0.6890625 0.1421875 0.1734375
0 0.80078125 0.6453125 0.115625 0.103125
0 0.87890625 0.29921875 0.20703125 0.21640625
0 0.74765625 0.15859375 0.0578125 0.06015625
0 0.78359375 0.12734375 0.05078125 0.0484375
0 0.6453125 0.17421875 0.06015625 0.05078125
0 0.49140625 0.1421875 0.06484375 0.053125
0 0.6109375 0.025 0.0796875 0.0484375
0 0.74765625 0.0328125 0.0578125 0.053125
0 0.19609375 0.46484375 0.06484375 0.06015625
0 0.821875 0.9328125 0.040625 0.053125
0 0.89453125 0.884375 0.0453125 0.03828125
0 0.97578125 0.54453125 0.0484375 0.0625