0 0.04609375 0.33515625 0.0921875 0.1390625
0 0.09921875 0.4453125 0.0984375 0.09375
0 0.0484375 0.48515625 0.096875 0.0984375
0 0.11875 0.52265625 0.09375 0.0328125
0 0.22265625 0.5109375 0.1046875 0.05625
0 0.06328125 0.1796875 0.09609375 0.09140625
0 0.228125 0.22265625 0.1734375 0.2015625
0 0.9375 0.08125 0.125 0.1625
0 0.6125 0.18515625 0.06015625 0.04296875
0 0.78203125 0.13359375 0.0625 0.0484375
0 0.7484375 0.190625 0.053125 0.03359375
0 0.790625 0.234375 0.05546875 0.053125
0 0.88671875 0.29609375 0.0484375 0.04296875
0 0.9609375 0.428125 0.04296875 0.05546875
0 0.6015625 0.24921875 0.0484375 0.0359375
0 0.58359375 0.2890625 0.0359375 0.04296875
0 0.64375 0.3125 0.05546875 0.053125
0 0.690625 0.33203125 0.03828125 0.0484375
0 0.7015625 0.3765625 0.0796875 0.06953125
0 0.79296875 0.37265625 0.0359375 0.040625
0 0.73671875 0.4328125 0.0484375 0.0484375
0 0.62578125 0.4875 0.0625 0.05546875
0 0.228125 0.70546875 0.11328125 0.115625
0 0.39375 0.69140625 0.05078125 0.0625
0 0.38671875 0.8609375 0.07421875 0.0765625
0 0.265625 0.96953125 0.0625 0.0609375
0 0.2953125 0.8546875 0.071875 0.103125
0 0.04296875 0.97890625 0.0859375 0.0421875
0 0.5109375 0.78203125 0.0625 0.0609375
0 0.7765625 0.75390625 0.053125 0.06953125
0 0.7953125 0.83984375 0.0796875 0.0765625
0 0.9375 0.83984375 0.10546875 0.10546875
0 0.946875 0.61640625 0.071875 0.0671875
0 0.76796875 0.6578125 0.0796875 0.0765625
0 0.8671875 0.71015625 0.0625 0.06484375