0 0.0328125 0.05390625 0.065625 0.1078125
0 0.03203125 0.209375 0.0640625 0.084375
0 0.178125 0.18828125 0.134375 0.1921875
0 0.475 0.1296875 0.1109375 0.11328125
0 0.878125 0.17734375 0.13671875 0.178125
0 0.76171875 0.2671875 0.1203125 0.13671875
0 0.57890625 0.3 0.0796875 0.1625
0 0.66640625 0.1375 0.07421875 0.0796875
0 0.96171875 0.3484375 0.0765625 0.08125
0 0.86484375 0.34296875 0.0578125 0.0796875
0 0.81328125 0.353125 0.0765625 0.071875
0 0.459375 0.4671875 0.159375 0.15625
0 0.48515625 0.6015625 0.09140625 0.11328125
0 0.35234375 0.7109375 0.14921875 0.1921875
0 0.4140625 0.846875 0.053125 0.0625
0 0.471875 0.87109375 0.09140625 0.0765625
0 0.38125 0.9765625 0.084375 0.046875
0 0.25859375 0.9703125 0.0765625 0.059375
0 0.05234375 0.94609375 0.1046875 0.1078125
0 0.07265625 0.5546875 0.11328125 0.134375
0 0.2765625 0.42734375 0.06953125 0.0765625
0 0.3203125 0.396875 0.0625 0.015625
0 0.31640625 0.46875 0.06484375 0.06484375
0 0.9015625 0.76171875 0.12265625 0.12734375
0 0.953125 0.8515625 0.071875 0.0890625
0 0.984375 0.896875 0.03125 0.0875
0 0.9546875 0.5828125 0.090625 0.125
0 0.89296875 0.52734375 0.08671875 0.0796875
0 0.834375 0.434375 0.06484375 0.06484375
0 0.56796875 0.41015625 0.0578125 0.0421875
0 0.98515625 0.4484375 0.0296875 0.05
0 0.95859375 0.4046875 0.0546875 0.03125
0 0.6953125 0.66328125 0.07421875 0.06953125
0 0.58671875 0.58984375 0.06015625 0.06953125