0 0.6078125 0.78125 0.11328125 0.10546875
0 0.796875 0.81953125 0.0796875 0.09140625
0 0.896875 0.834375 0.0625 0.0796875
0 0.87890625 0.75390625 0.06484375 0.0671875
0 0.78515625 0.73828125 0.07421875 0.0671875
0 0.54296875 0.53984375 0.08203125 0.08671875
0 0.4984375 0.48828125 0.0796875 0.0890625
0 0.6078125 0.4625 0.0671875 0.06953125
0 0.7359375 0.475 0.0765625 0.071875
0 0.91328125 0.334375 0.11328125 0.115625
0 0.4484375 0.38671875 0.103125 0.10078125
0 0.1140625 0.259375 0.0890625 0.0765625
0 0.2796875 0.64609375 0.553125 0.7078125
0 0.28984375 0.165625 0.09140625 0.0765625
0 0.4515625 0.09765625 0.103125 0.103125
0 0.6546875 0.234375 0.0578125 0.053125
0 0.6296875 0.3234375 0.103125 0.1421875
0 0.146875 0.1 0.0671875 0.06953125