0 0.35234375 0.76328125 0.12734375 0.12265625
0 0.16015625 0.77265625 0.09375 0.10078125
0 0.05859375 0.77265625 0.07421875 0.0890625
0 0.0890625 0.69609375 0.07421875 0.0765625
0 0.18359375 0.69453125 0.08203125 0.0765625
0 0.45078125 0.5328125 0.09375 0.0984375
0 0.50234375 0.48828125 0.09140625 0.10078125
0 0.39921875 0.4484375 0.0765625 0.0796875
0 0.2703125 0.44140625 0.08671875 0.08203125
0 0.115625 0.275 0.12734375 0.1296875
0 0.5671875 0.3953125 0.115625 0.11328125
0 0.9171875 0.31875 0.0984375 0.0890625
0 0.68515625 0.64375 0.6265625 0.7125
0 0.75703125 0.20078125 0.10078125 0.0890625
0 0.60546875 0.109375 0.11796875 0.11796875
0 0.384375 0.21484375 0.06484375 0.06015625
0 0.39765625 0.30625 0.12265625 0.15390625
0 0.9078125 0.1546875 0.0765625 0.0796875