0 0.196875 0.175 0.384375 0.35
0 0.8421875 0.06484375 0.13671875 0.115625
0 0.61796875 0.22265625 0.08671875 0.06953125
0 0.84140625 0.3359375 0.0609375 0.028125
0 0.9640625 0.240625 0.05546875 0.07421875
0 0.21875 0.93984375 0.271875 0.1203125
0 0.13515625 0.978125 0.0890625 0.04375
0 0.0625 0.9203125 0.06953125 0.0671875
0 0.34921875 0.78828125 0.0796875 0.0828125
0 0.3578125 0.71640625 0.0625 0.0703125
0 0.3625 0.57578125 0.053125 0.1015625
0 0.0453125 0.74296875 0.0671875 0.0625
0 0.0421875 0.6953125 0.0671875 0.0625
0 0.08515625 0.66484375 0.06484375 0.0484375
0 0.175 0.5765625 0.1078125 0.10078125
0 0.01171875 0.58515625 0.0234375 0.0734375
0 0.0984375 0.4765625 0.06484375 0.0625
0 0.28984375 0.3703125 0.0828125 0.040625
0 0.68046875 0.39921875 0.1609375 0.0984375
0 0.64296875 0.45625 0.16328125 0.16328125
0 0.96328125 0.8109375 0.0734375 0.0875
0 0.80546875 0.578125 0.09609375 0.09609375
0 0.85078125 0.53984375 0.084375 0.084375
0 0.75390625 0.4953125 0.103125 0.10546875
0 0.4703125 0.36640625 0.075 0.0328125
0 0.4546875 0.684375 0.12265625 0.12265625
0 0.603125 0.96484375 0.115625 0.0703125
0 0.51796875 0.95078125 0.0796875 0.0796875
0 0.43984375 0.925 0.0671875 0.0671875
0 0.41875 0.9640625 0.059375 0.071875
0 0.803125 0.9453125 0.103125 0.10546875
0 0.85234375 0.96640625 0.0984375 0.0671875
0 0.6859375 0.7453125 0.09140625 0.09140625