0 0.2171875 0.6578125 0.21875 0.22109375
0 0.33515625 0.31015625 0.2328125 0.21171875
0 0.57578125 0.52421875 0.146875 0.13203125
0 0.6 0.446875 0.0890625 0.09609375
0 0.5515625 0.334375 0.084375 0.0890625
0 0.62265625 0.2796875 0.0765625 0.06484375
0 0.51328125 0.14453125 0.115625 0.134375
0 0.2875 0.01328125 0.115625 0.0265625
0 0.64296875 0.08671875 0.1390625 0.1390625
0 0.7484375 0.228125 0.0765625 0.09140625
0 0.80625 0.33203125 0.0671875 0.0890625
0 0.80546875 0.6390625 0.08671875 0.09375
0 0.734375 0.74375 0.06953125 0.07421875
0 0.8515625 0.96953125 0.075 0.0609375
0 0.44453125 0.95078125 0.0765625 0.07421875
0 0.4 0.81875 0.10546875 0.09609375
0 0.45078125 0.67890625 0.0984375 0.0984375
0 0.08984375 0.3546875 0.0984375 0.1109375
0 0.16484375 0.2609375 0.0625 0.06484375