0 0.1828125 0.209375 0.2046875 0.2046875
0 0.21171875 0.6265625 0.228125 0.1875
0 0.540625 0.46015625 0.1421875 0.11796875
0 0.54453125 0.553125 0.0796875 0.09140625
0 0.459375 0.66328125 0.0765625 0.084375
0 0.521875 0.74375 0.0765625 0.0578125
0 0.3609375 0.86171875 0.10078125 0.134375
0 0.05859375 0.9671875 0.11328125 0.06484375
0 0.48828125 0.9484375 0.1296875 0.103125
0 0.646875 0.83671875 0.0671875 0.0890625
0 0.74140625 0.740625 0.0578125 0.0890625
0 0.83046875 0.4015625 0.0796875 0.0890625
0 0.7828125 0.2640625 0.06484375 0.06953125
0 0.9734375 0.04296875 0.053125 0.071875
0 0.43359375 0.08515625 0.103125 0.08671875
0 0.4484375 0.25390625 0.09140625 0.09140625
0 0.01796875 0.6296875 0.0359375 0.0625