0 0.33359375 0.034375 0.0921875 0.06875
0 0.2 0.21640625 0.0765625 0.06953125
0 0.2046875 0.27890625 0.0484375 0.0484375
0 0.25625 0.30078125 0.05546875 0.06484375
0 0.33671875 0.35234375 0.084375 0.0765625
0 0.26953125 0.43125 0.1109375 0.096875
0 0.121875 0.12890625 0.05546875 0.05546875
0 0.79140625 0.05625 0.08203125 0.08203125
0 0.8359375 0.0953125 0.08671875 0.08671875
0 0.77578125 0.15234375 0.0765625 0.08203125
0 0.690625 0.13125 0.08671875 0.084375
0 0.66328125 0.2296875 0.10078125 0.1109375
0 0.75078125 0.24375 0.08203125 0.08203125
0 0.83515625 0.3171875 0.0796875 0.10546875
0 0.9796875 0.24765625 0.040625 0.0921875
0 0.95 0.3171875 0.08203125 0.08203125
0 0.44609375 0.284375 0.1328125 0.225
0 0.54765625 0.4 0.0578125 0.0625
0 0.5203125 0.43515625 0.0484375 0.05078125
0 0.634375 0.37109375 0.0578125 0.05546875
0 0.7734375 0.3796875 0.0625 0.0578125
0 0.9765625 0.02890625 0.046875 0.0578125
0 0.3671875 0.64609375 0.025 0.1078125
0 0.0984375 0.51640625 0.103125 0.0734375
0 0.03671875 0.64296875 0.06953125 0.071875
0 0.02109375 0.9859375 0.0421875 0.028125
0 0.36015625 0.94609375 0.0390625 0.0390625
0 0.3203125 0.8453125 0.05078125 0.0578125
0 0.25234375 0.9375 0.0484375 0.06953125
0 0.03828125 0.890625 0.01953125 0.03828125
0 0.26796875 0.49140625 0.0328125 0.0234375
0 0.371875 0.49765625 0.015625 0.0359375
0 0.109375 0.7515625 0.0265625 0.03359375
0 0.13203125 0.6453125 0.03125 0.03359375
0 0.284375 0.709375 0.03359375 0.040625
0 0.57890625 0.96796875 0.0734375 0.0640625
0 0.81640625 0.9546875 0.1546875 0.090625
0 0.7359375 0.98203125 0.053125 0.0359375
0 0.703125 0.96640625 0.0484375 0.053125
0 0.64921875 0.67734375 0.1296875 0.14453125
0 0.50859375 0.6328125 0.125 0.14921875
0 0.62890625 0.54140625 0.09375 0.10546875
0 0.80546875 0.66875 0.11796875 0.12265625
0 0.85234375 0.5890625 0.14921875 0.12734375
0 0.74921875 0.4953125 0.1421875 0.03125
0 0.409375 0.5453125 0.059375 0.09375
0 0.50703125 0.95859375 0.06484375 0.0625
0 0.5046875 0.85625 0.084375 0.1421875
0 0.459375 0.89375 0.05546875 0.05078125
0 0.40390625 0.9234375 0.0453125 0.053125
0 0.9265625 0.75546875 0.0453125 0.06015625