0 0.0859375 0.01953125 0.0625 0.0390625
0 0.046875 0.2546875 0.09375 0.190625
0 0.13671875 0.31640625 0.0953125 0.1046875
0 0.21171875 0.33984375 0.0984375 0.0578125
0 0.4125 0.209375 0.084375 0.084375
0 0.4 0.140625 0.053125 0.0578125
0 0.34609375 0.12265625 0.0625 0.0765625
0 0.259375 0.07578125 0.09375 0.09140625
0 0.31796875 0.01953125 0.1234375 0.0390625
0 0.6765625 0.1796875 0.025 0.059375
0 0.5015625 0.296875 0.06015625 0.06484375
0 0.18515625 0.14453125 0.07421875 0.06953125
0 0.1671875 0.19375 0.04296875 0.0453125
0 0.8125 0.184375 0.09140625 0.09140625
0 0.8328125 0.10390625 0.0890625 0.0890625
0 0.8390625 0.03359375 0.103125 0.0671875
0 0.72890625 0.04296875 0.0796875 0.0859375
0 0.725 0.35625 0.071875 0.025
0 0.28203125 0.95234375 0.1203125 0.0953125
0 0.528125 0.865625 0.125 0.14453125
0 0.440625 0.8015625 0.11796875 0.146875
0 0.325 0.71953125 0.10546875 0.125
0 0.3546875 0.628125 0.0765625 0.06953125
0 0.50859375 0.68828125 0.1203125 0.13203125
0 0.60234375 0.58515625 0.125 0.125
0 0.5484375 0.3796875 0.0625 0.021875
0 0.10625 0.58046875 0.2046875 0.24296875
0 0.2140625 0.70625 0.0578125 0.08671875
0 0.03203125 0.4015625 0.0640625 0.065625
0 0.80703125 0.81328125 0.0578125 0.0578125