0 0.3421875 0.88203125 0.084375 0.0890625
0 0.2328125 0.8625 0.271875 0.275
0 0.18125 0.7703125 0.08671875 0.08671875
0 0.13359375 0.725 0.146875 0.15390625
0 0.12265625 0.85078125 0.06484375 0.071875
0 0.33984375 0.8078125 0.08203125 0.0765625
0 0.37890625 0.725 0.06484375 0.0671875
0 0.27265625 0.63125 0.1078125 0.11796875
0 0.19609375 0.52890625 0.0671875 0.06484375
0 0.0671875 0.57578125 0.0984375 0.0984375
0 0.06875 0.3453125 0.13671875 0.1921875
0 0.14296875 0.240625 0.10546875 0.1203125
0 0.19921875 0.1828125 0.10546875 0.1109375
0 0.24609375 0.0984375 0.13671875 0.115625
0 0.4359375 0.2484375 0.09140625 0.08671875
0 0.44609375 0.3109375 0.0578125 0.0578125
0 0.40234375 0.3453125 0.0671875 0.0765625
0 0.33671875 0.41484375 0.10078125 0.09375
0 0.421875 0.4796875 0.13203125 0.1296875
0 0.634375 0.6265625 0.1078125 0.0984375
0 0.75390625 0.5515625 0.08203125 0.08203125
0 0.8140625 0.459375 0.115625 0.10078125
0 0.57578125 0.853125 0.27421875 0.2671875
0 0.83203125 0.89453125 0.09140625 0.0890625
0 0.7078125 0.18046875 0.06484375 0.0625
0 0.62734375 0.00390625 0.0625 0.00703125
0 0.49140625 0.1453125 0.06484375 0.06484375
0 0.98515625 0.80859375 0.0296875 0.0578125
0 0.3953125 0.99609375 0.0625 0.00703125
0 0.4109375 0.834375 0.05546875 0.06015625
0 0.5171875 0.5578125 0.06015625 0.06484375
0 0.4984375 0.61171875 0.06953125 0.071875
0 0.69453125 0.60703125 0.05546875 0.06015625
0 0.2453125 0.3796875 0.0796875 0.071875
0 0.2125 0.3421875 0.0484375 0.0484375