0 0.05546875 0.0203125 0.0671875 0.040625
0 0.0703125 0.078125 0.0671875 0.0625
0 0.128125 0.1484375 0.053125 0.0578125
0 0.04765625 0.265625 0.08671875 0.10078125
0 0.01328125 0.3828125 0.0265625 0.053125
0 0.29765625 0.58984375 0.0765625 0.0578125
0 0.29375 0.53359375 0.0484375 0.0484375
0 0.2421875 0.51171875 0.05546875 0.06484375
0 0.16171875 0.46015625 0.084375 0.0765625
0 0.22890625 0.37578125 0.1109375 0.10546875
0 0.4 0.18359375 0.09140625 0.0796875
0 0.51875 0.22578125 0.040625 0.0671875
0 0.2875 0.0421875 0.228125 0.084375
0 0.1328125 0.0359375 0.04296875 0.053125
0 0.30234375 0.27734375 0.0484375 0.05546875
0 0.27109375 0.2296875 0.0578125 0.06015625
0 0.46328125 0.1859375 0.04296875 0.05078125
0 0.08125 0.515625 0.0671875 0.0578125
0 0.05859375 0.55859375 0.03828125 0.03828125
0 0.67265625 0.54765625 0.1609375 0.1421875
0 0.63515625 0.46875 0.16328125 0.16328125
0 0.959375 0.1125 0.08125 0.0875
0 0.79765625 0.346875 0.09609375 0.09609375
0 0.84296875 0.38515625 0.084375 0.084375
0 0.74609375 0.4296875 0.103125 0.10546875
0 0.7953125 0.015625 0.103125 0.03125
0 0.678125 0.1796875 0.09140625 0.09140625
0 0.3265625 0.90625 0.190625 0.1875
0 0.68359375 0.9453125 0.1046875 0.109375
0 0.753125 0.78984375 0.053125 0.06484375
0 0.5734375 0.9640625 0.06875 0.071875
0 0.92578125 0.6734375 0.1484375 0.109375
0 0.93125 0.87578125 0.1375 0.2484375
0 0.6 0.8453125 0.053125 0.0484375
0 0.62421875 0.8796875 0.053125 0.0671875