0 0.07265625 0.50703125 0.08671875 0.08671875
0 0.83046875 0.60546875 0.1640625 0.0484375
0 0.6796875 0.59453125 0.06015625 0.06953125
0 0.59765625 0.54375 0.0484375 0.0578125
0 0.590625 0.4546875 0.06015625 0.07421875
0 0.49609375 0.46953125 0.04296875 0.0359375
0 0.55234375 0.36953125 0.053125 0.05546875
0 0.634375 0.3734375 0.0796875 0.0671875
0 0.78203125 0.2578125 0.0796875 0.09140625
0 0.95234375 0.58828125 0.0671875 0.05546875
0 0.94296875 0.528125 0.0484375 0.05078125
0 0.9859375 0.46640625 0.028125 0.0671875
0 0.846875 0.346875 0.03359375 0.03828125
0 0.884375 0.25390625 0.0484375 0.05546875
0 0.96328125 0.18125 0.06484375 0.0578125
0 0.69453125 0.02265625 0.0578125 0.0453125
0 0.40078125 0.1109375 0.0671875 0.071875
0 0.375 0.34609375 0.13125 0.2390625
0 0.7484375 0.51875 0.0484375 0.04296875
0 0.72890625 0.43125 0.0453125 0.0484375
0 0.746875 0.36953125 0.0453125 0.0453125
0 0.753125 0.14609375 0.0578125 0.0578125
0 0.2265625 0.69140625 0.125 0.1234375
0 0.28203125 0.7453125 0.0546875 0.146875
0 0.24609375 0.85859375 0.1203125 0.13203125
0 0.1515625 0.94921875 0.125 0.1015625
0 0.06328125 0.81484375 0.1265625 0.3703125
0 0.66953125 0.65234375 0.1953125 0.0453125
0 0.74375 0.81484375 0.5125 0.3703125
0 0.53203125 0.83671875 0.1515625 0.1515625
0 0.43359375 0.7875 0.0890625 0.08671875
0 0.459375 0.66796875 0.11875 0.0765625
0 0.578125 0.98515625 0.128125 0.0296875
0 0.93671875 0.7578125 0.0671875 0.06953125
0 0.6078125 0.878125 0.071875 0.06953125
0 0.59453125 0.74921875 0.1078125 0.1078125
0 0.653125 0.740625 0.0984375 0.10078125
0 0.97578125 0.72421875 0.0484375 0.1015625
0 0.34375 0.68984375 0.06875 0.0953125
0 0.3328125 0.73203125 0.046875 0.1109375
0 0.35859375 0.8046875 0.0984375 0.125