0 0.29453125 0.3125 0.5890625 0.5671875
0 0.39921875 0.7375 0.6109375 0.525
0 0.5015625 0.259375 0.103125 0.10078125
0 0.73671875 0.6078125 0.13203125 0.1203125
0 0.93359375 0.15390625 0.1078125 0.0984375
0 0.6765625 0.1671875 0.08671875 0.0890625
0 0.88125 0.77890625 0.10546875 0.0984375
0 0.03359375 0.6296875 0.0671875 0.134375
0 0.68046875 0.49765625 0.0765625 0.07421875
0 0.21171875 0.03828125 0.12265625 0.0765625
0 0.6078125 0.46484375 0.0890625 0.084375
0 0.85234375 0.9796875 0.0484375 0.040625
0 0.89453125 0.95078125 0.04296875 0.05078125
0 0.8265625 0.6875 0.10546875 0.10546875
0 0.93359375 0.67421875 0.071875 0.06484375
0 0.96875 0.27265625 0.0625 0.06953125
0 0.99375 0.20078125 0.01171875 0.08203125
0 0.7546875 0.1421875 0.084375 0.0890625
0 0.7765625 0.0875 0.0765625 0.0765625
0 0.6046875 0.02890625 0.05078125 0.04296875
0 0.571875 0.0828125 0.14453125 0.1390625
0 0.41953125 0.22734375 0.103125 0.10078125
0 0.48828125 0.4125 0.07421875 0.07421875
0 0.39765625 0.41796875 0.08203125 0.08671875
0 0.415625 0.3703125 0.07421875 0.06953125
0 0.11875 0.79453125 0.08203125 0.084375
0 0.1703125 0.7046875 0.06015625 0.0625