0 0.05859375 0.19765625 0.1171875 0.2421875
0 0.0625 0.21015625 0.084375 0.08203125
0 0.20625 0.08515625 0.0671875 0.071875
0 0.27421875 0.0453125 0.0671875 0.07421875
0 0.2828125 0.01015625 0.0625 0.0203125
0 0.090625 0.04140625 0.115625 0.0828125
0 0.0109375 0.19609375 0.021875 0.0828125
0 0.9578125 0.1953125 0.0671875 0.07421875
0 0.87734375 0.21796875 0.1296875 0.15390625
0 0.84375 0.31484375 0.103125 0.0078125
0 0.775 0.3046875 0.0625 0.028125
0 0.5921875 0.1375 0.10078125 0.103125
0 0.65625 0.16875 0.071875 0.06953125
0 0.65078125 0.1015625 0.0765625 0.071875
0 0.603125 0.27578125 0.090625 0.0859375
0 0.23671875 0.83984375 0.1859375 0.2359375
0 0.2265625 0.975 0.20625 0.05
0 0.04140625 0.68671875 0.0828125 0.0921875
0 0.0328125 0.9015625 0.065625 0.096875
0 0.01875 0.8125 0.0375 0.0875
0 0.44296875 0.8921875 0.1203125 0.1390625
0 0.3640625 0.784375 0.03828125 0.071875
0 0.3609375 0.55 0.0625 0.071875
0 0.75 0.7828125 0.103125 0.09140625
0 0.8 0.70390625 0.0765625 0.0890625
0 0.62265625 0.84765625 0.1078125 0.103125
0 0.86875 0.4875 0.08671875 0.09609375
0 0.75078125 0.44296875 0.08671875 0.0796875
0 0.97578125 0.44453125 0.0484375 0.0765625
0 0.9640625 0.7984375 0.06484375 0.06953125