0 0.1515625 0.353125 0.10546875 0.125
0 0.23671875 0.31015625 0.1078125 0.103125
0 0.31875 0.26796875 0.0625 0.0625
0 0.48046875 0.2984375 0.1390625 0.14453125
0 0.6078125 0.40234375 0.1078125 0.134375
0 0.7921875 0.40859375 0.1703125 0.1390625
0 0.90859375 0.1421875 0.1703125 0.18515625
0 0.5921875 0.19375 0.071875 0.07421875
0 0.53359375 0.0625 0.05078125 0.0578125
0 0.4265625 0.57109375 0.14453125 0.1109375
0 0.35703125 0.6421875 0.08203125 0.103125
0 0.38828125 0.70546875 0.0625 0.0671875
0 0.49609375 0.69453125 0.0890625 0.0625
0 0.42578125 0.75703125 0.05078125 0.05546875
0 0.478125 0.81875 0.08671875 0.0984375
0 0.36796875 0.8015625 0.07421875 0.0578125
0 0.2921875 0.75390625 0.0625 0.0578125
0 0.225 0.9015625 0.23828125 0.18984375
0 0.125 0.55625 0.0625 0.06484375