0 0.303125 0.1421875 0.10546875 0.125
0 0.21796875 0.09921875 0.1078125 0.103125
0 0.1359375 0.05703125 0.0625 0.0625
0 0.021875 0.08671875 0.04375 0.1453125
0 0.50859375 0.2453125 0.1921875 0.0875
0 0.62890625 0.1921875 0.2296875 0.19375
0 0.553125 0.1515625 0.07421875 0.07421875
0 0.44609375 0.03125 0.0671875 0.0625
0 0.44296875 0.01328125 0.0671875 0.0265625
0 0.7984375 0.1453125 0.0796875 0.0796875
0 0.94375 0.240625 0.0796875 0.0796875
0 0.9609375 0.09453125 0.078125 0.1890625
0 0.71171875 0.03828125 0.2015625 0.0765625
0 0.36328125 0.41484375 0.06953125 0.0765625
0 0.1953125 0.471875 0.0625 0.05546875
0 0.35625 0.60625 0.0484375 0.05078125
0 0.37890625 0.71953125 0.0609375 0.0484375
0 0.3875 0.80546875 0.04375 0.0890625
0 0.28671875 0.690625 0.0453125 0.06484375
0 0.0390625 0.821875 0.078125 0.09375
0 0.01328125 0.59453125 0.0265625 0.0640625
0 0.19296875 0.65546875 0.0765625 0.071875
0 0.64453125 0.33984375 0.2265625 0.1015625
0 0.61171875 0.37890625 0.06953125 0.08671875
0 0.84765625 0.3328125 0.1703125 0.0875
0 0.90625 0.3421875 0.0890625 0.084375
0 0.46171875 0.4609375 0.1046875 0.321875
0 0.48671875 0.71796875 0.0671875 0.06953125
0 0.66875 0.79609375 0.15390625 0.1421875
0 0.8203125 0.7890625 0.1109375 0.10546875
0 0.92578125 0.86875 0.1484375 0.128125
0 0.92578125 0.51640625 0.10078125 0.103125
0 0.81171875 0.471875 0.10078125 0.115625
0 0.9890625 0.45859375 0.021875 0.0859375
0 0.553125 0.93828125 0.08203125 0.084375