0 0.34375 0.02265625 0.146875 0.0453125
0 0.1734375 0.06328125 0.209375 0.1265625
0 0.5328125 0.06953125 0.09375 0.1390625
0 0.5375 0.20078125 0.084375 0.0890625
0 0.96171875 0.15546875 0.0765625 0.1828125
0 0.63359375 0.13359375 0.06484375 0.06484375
0 0.6859375 0.0609375 0.09140625 0.09140625
0 0.6453125 0.284375 0.13125 0.06875
0 0.54375 0.971875 0.071875 0.05625
0 0.45 0.984375 0.08125 0.03125
0 0.1828125 0.97734375 0.075 0.0453125
0 0.00703125 0.94453125 0.0140625 0.0734375
0 0.128125 0.91171875 0.071875 0.053125
0 0.11015625 0.8671875 0.08671875 0.08203125
0 0.1875 0.8296875 0.0671875 0.0625
0 0.4515625 0.76640625 0.178125 0.18515625
0 0.54921875 0.78125 0.0609375 0.065625
0 0.54765625 0.62421875 0.0640625 0.0796875
0 0.5296875 0.5484375 0.06484375 0.06015625
0 0.5046875 0.43203125 0.15 0.2265625
0 0.3546875 0.40625 0.165625 0.175
0 0.375 0.59296875 0.071875 0.0796875
0 0.0671875 0.6453125 0.134375 0.1375
0 0.14765625 0.5859375 0.084375 0.0796875
0 0.13828125 0.7171875 0.0578125 0.05078125
0 0.20078125 0.70390625 0.05546875 0.05546875
0 0.0234375 0.39140625 0.046875 0.1078125
0 0.19296875 0.378125 0.09140625 0.11328125
0 0.31796875 0.94296875 0.0484375 0.0453125
0 0.3421875 0.71796875 0.06484375 0.0578125
0 0.4171875 0.91015625 0.06015625 0.06015625
0 0.72578125 0.97265625 0.0796875 0.0546875
0 0.7921875 0.9390625 0.0796875 0.071875
0 0.92578125 0.82890625 0.07421875 0.05546875
0 0.93046875 0.7828125 0.0796875 0.0671875
0 0.621875 0.746875 0.084375 0.115625
0 0.68671875 0.746875 0.0578125 0.06015625
0 0.62734375 0.55 0.0953125 0.1375
0 0.75703125 0.34140625 0.0578125 0.0453125
0 0.90546875 0.428125 0.084375 0.10078125
0 0.8515625 0.49921875 0.0578125 0.06953125
0 0.85390625 0.5703125 0.0578125 0.0625
0 0.81640625 0.63671875 0.05546875 0.0578125
0 0.8359375 0.35234375 0.08125 0.0671875
0 0.82734375 0.42578125 0.05546875 0.0578125
0 0.70390625 0.54765625 0.040625 0.0484375
0 0.72265625 0.59921875 0.03359375 0.03828125
0 0.6234375 0.9875 0.040625 0.025