0 0.0203125 0.1640625 0.040625 0.084375
0 0.15703125 0.1203125 0.1875 0.18984375
0 0.31796875 0.1578125 0.15625 0.16796875
0 0.4578125 0.09140625 0.1625 0.1828125
0 0.2109375 0.01328125 0.096875 0.0265625
0 0.2265625 0.38984375 0.178125 0.16328125
0 0.1953125 0.48515625 0.11796875 0.12734375
0 0.2515625 0.5265625 0.08671875 0.0890625
0 0.34453125 0.4703125 0.1078125 0.09609375
0 0.3078125 0.5578125 0.06953125 0.06953125
0 0.38203125 0.56796875 0.1203125 0.0828125
0 0.275 0.5953125 0.090625 0.028125
0 0.1859375 0.590625 0.08125 0.0375
0 0.76953125 0.3421875 0.4609375 0.534375
0 0.659375 0.08046875 0.134375 0.1421875
0 0.5921875 0.1328125 0.09375 0.10546875
0 0.5609375 0.31484375 0.04375 0.1671875
0 0.58671875 0.34140625 0.0953125 0.1046875
0 0.73046875 0.3171875 0.1390625 0.1421875
0 0.715625 0.22109375 0.21171875 0.20703125
0 0.8046875 0.1859375 0.14453125 0.1390625
0 0.79375 0.09921875 0.1390625 0.134375
0 0.56796875 0.48203125 0.0578125 0.1328125
0 0.13984375 0.8765625 0.178125 0.1703125
0 0.040625 0.91328125 0.08125 0.1078125
0 0.10703125 0.97421875 0.0765625 0.0515625
0 0.25703125 0.91015625 0.12265625 0.115625
0 0.35234375 0.9296875 0.1515625 0.140625
0 0.46796875 0.97109375 0.1421875 0.0578125
0 0.50390625 0.91484375 0.0703125 0.1078125
0 0.49609375 0.6984375 0.0859375 0.178125
0 0.5765625 0.721875 0.075 0.125
0 0.70390625 0.64375 0.0671875 0.06875
0 0.778125 0.65703125 0.06484375 0.08671875
0 0.6375 0.7875 0.0484375 0.053125
0 0.83359375 0.8578125 0.0578125 0.0671875
0 0.61484375 0.896875 0.06953125 0.0578125
0 0.58359375 0.93203125 0.0578125 0.05546875
0 0.87578125 0.70859375 0.0765625 0.0796875
0 0.94453125 0.81171875 0.1109375 0.3765625
0 0.80078125 0.98828125 0.0796875 0.0234375
0 0.68359375 0.946875 0.0578125 0.0578125