0 0.56875 0.89453125 0.19921875 0.1609375
0 0.90859375 0.85 0.115625 0.12265625
0 0.146875 0.96953125 0.084375 0.0609375
0 0.02265625 0.7703125 0.0453125 0.0796875
0 0.22265625 0.2203125 0.08203125 0.084375
0 0.3390625 0.0453125 0.103125 0.090625
0 0.4125 0.0671875 0.08203125 0.103125
0 0.484375 0.04921875 0.07421875 0.0890625
0 0.7234375 0.0515625 0.1109375 0.103125
0 0.85234375 0.071875 0.084375 0.084375
0 0.8296875 0.3375 0.08203125 0.07421875
0 0.87265625 0.4625 0.0578125 0.0625
0 0.7453125 0.5765625 0.115625 0.07421875
0 0.1046875 0.0296875 0.090625 0.059375
0 0.58203125 0.6109375 0.07421875 0.0671875
0 0.984375 0.7953125 0.03125 0.06484375
0 0.0484375 0.56875 0.07421875 0.0578125
0 0.4625 0.8125 0.08671875 0.0890625
0 0.88125 0.60234375 0.071875 0.05546875
0 0.98671875 0.56015625 0.0265625 0.0578125
0 0.2234375 0.49609375 0.06015625 0.06953125
0 0.17421875 0.5796875 0.05546875 0.05546875
0 0.134375 0.8125 0.0625 0.0578125
0 0.3265625 0.21875 0.0765625 0.06484375
0 0.43984375 0.25234375 0.06015625 0.05546875
0 0.54296875 0.15234375 0.06953125 0.0625
0 0.7859375 0.1703125 0.0453125 0.05078125
0 0.7390625 0.2140625 0.0578125 0.05078125