0 0.24140625 0.8421875 0.2453125 0.22578125
0 0.02265625 0.65 0.0453125 0.1703125
0 0.77578125 0.96953125 0.0859375 0.0609375
0 0.88203125 0.36640625 0.11328125 0.11796875
0 0.86171875 0.1625 0.1203125 0.103125
0 0.7921875 0.1421875 0.11328125 0.11796875
0 0.7359375 0.09609375 0.09375 0.09140625
0 0.525 0.02421875 0.13203125 0.0484375
0 0.2953125 0.196875 0.1078125 0.1078125
0 0.19453125 0.2984375 0.08203125 0.08671875
0 0.24609375 0.46640625 0.1390625 0.125
0 0.3703125 0.5734375 0.0984375 0.0984375
0 0.853125 0.7828125 0.09375 0.0890625
0 0.36875 0.8234375 0.12265625 0.12734375
0 0.115625 0.4265625 0.0890625 0.08671875
0 0.040625 0.334375 0.06015625 0.071875
0 0.7390625 0.63125 0.08671875 0.09375
0 0.7390625 0.7328125 0.07421875 0.0796875
0 0.65390625 0.96640625 0.084375 0.0671875
0 0.79296875 0.31640625 0.0984375 0.09609375
0 0.678125 0.296875 0.0796875 0.0796875
0 0.63828125 0.15234375 0.09140625 0.09140625
0 0.4203125 0.0578125 0.06484375 0.06953125
0 0.4375 0.1203125 0.07421875 0.07421875