0 0.4671875 0.503125 0.084375 0.1125
0 0.453125 0.090625 0.09375 0.0890625
0 0.01484375 0.05625 0.0296875 0.1125
0 0.3390625 0.2421875 0.08671875 0.09375
0 0.3390625 0.140625 0.07421875 0.0796875
0 0.39296875 0.53359375 0.0984375 0.0515625
0 0.27734375 0.54765625 0.0796875 0.0234375
0 0.75625 0.31953125 0.08671875 0.0984375
0 0.3390625 0.965625 0.115625 0.06875
0 0.2546875 0.89609375 0.08203125 0.08203125
0 0.30078125 0.84921875 0.08671875 0.08671875
0 0.22265625 0.79453125 0.0765625 0.08203125
0 0.1296875 0.83046875 0.0890625 0.08203125
0 0.0828125 0.728125 0.103125 0.1109375
0 0.18046875 0.69921875 0.08203125 0.08203125
0 0.26484375 0.61015625 0.0765625 0.1015625
0 0.46640625 0.6578125 0.0859375 0.090625
0 0.396875 0.59609375 0.084375 0.0734375
0 0.0296875 0.58203125 0.059375 0.0453125
0 0.18515625 0.5671875 0.0640625 0.015625
0 0.47734375 0.9015625 0.0640625 0.0625
0 0.590625 0.72890625 0.134375 0.134375
0 0.53046875 0.78046875 0.0421875 0.1109375
0 0.7265625 0.92265625 0.08203125 0.084375
0 0.66171875 0.8671875 0.09140625 0.09140625
0 0.7578125 0.86015625 0.0625 0.06484375