0 0.44140625 0.33125 0.1921875 0.1375
0 0.3796875 0.25859375 0.103125 0.103125
0 0.2609375 0.25390625 0.0671875 0.0765625
0 0.56875 0.17890625 0.08125 0.0953125
0 0.5015625 0.05078125 0.09609375 0.09609375
0 0.053125 0.34375 0.09609375 0.07421875
0 0.28046875 0.37109375 0.0609375 0.0578125
0 0.234375 0.3515625 0.05546875 0.053125
0 0.83203125 0.0609375 0.1609375 0.121875
0 0.98671875 0.32109375 0.0265625 0.0453125
0 0.15546875 0.69765625 0.0671875 0.0796875
0 0.3015625 0.7328125 0.08671875 0.0796875
0 0.3796875 0.5546875 0.1203125 0.09609375
0 0.5875 0.7796875 0.04375 0.0625
0 0.18671875 0.44765625 0.0359375 0.04296875
0 0.26328125 0.6171875 0.0453125 0.03828125
0 0.54375 0.5140625 0.0671875 0.07421875
0 0.79609375 0.57578125 0.0671875 0.0796875
0 0.9421875 0.6109375 0.08671875 0.0796875
0 0.9796875 0.43984375 0.040625 0.0796875
0 0.90390625 0.4953125 0.0453125 0.03828125