0 0.39921875 0.90390625 0.22109375 0.18046875
0 0.4734375 0.82578125 0.1203125 0.12265625
0 0.6 0.8328125 0.0796875 0.0890625
0 0.2703125 0.71875 0.11328125 0.115625
0 0.365625 0.58515625 0.1109375 0.115625
0 0.46015625 0.4328125 0.178125 0.18046875
0 0.6109375 0.45546875 0.1109375 0.10546875
0 0.6515625 0.2765625 0.16796875 0.209375
0 0.81640625 0.26328125 0.07421875 0.0765625
0 0.890625 0.23828125 0.07421875 0.0765625
0 0.03359375 0.55625 0.0671875 0.08203125
0 0.046875 0.43515625 0.0796875 0.084375
0 0.28984375 0.21875 0.0765625 0.09140625
0 0.8109375 0.9515625 0.1078125 0.09140625
0 0.56484375 0.96015625 0.06953125 0.071875
0 0.61796875 0.94140625 0.0625 0.0625
0 0.19140625 0.9546875 0.0625 0.04296875