0 0.3234375 0.071875 0.178125 0.1390625
0 0.271875 0.1890625 0.09140625 0.0796875
0 0.42578125 0.328125 0.23828125 0.28828125
0 0.3546875 0.44609375 0.06484375 0.06484375
0 0.54296875 0.634375 0.06484375 0.0796875
0 0.6453125 0.6078125 0.05546875 0.08203125
0 0.6703125 0.45546875 0.06484375 0.05078125
0 0.728125 0.48203125 0.06015625 0.06015625
0 0.9203125 0.18359375 0.1078125 0.134375
0 0.5578125 0.05859375 0.0796875 0.0671875
0 0.48046875 0.0984375 0.0765625 0.071875
0 0.51171875 0.0109375 0.10078125 0.021875
0 0.0296875 0.55234375 0.059375 0.0671875
0 0.16328125 0.91796875 0.06015625 0.0890625
0 0.06484375 0.97734375 0.0453125 0.0453125
0 0.73828125 0.7984375 0.0578125 0.06953125
0 0.81015625 0.72578125 0.0625 0.06015625
0 0.9328125 0.75703125 0.09140625 0.09140625
0 0.8546875 0.85 0.06484375 0.0625
0 0.18359375 0.51328125 0.07421875 0.0765625
0 0.62109375 0.24609375 0.0484375 0.06015625
0 0.7828125 0.328125 0.2984375 0.27890625