0 0.0984375 0.09296875 0.196875 0.1859375
0 0.19921875 0.14609375 0.1078125 0.10546875
0 0.1734375 0.33125 0.3296875 0.3390625
0 0.290625 0.38203125 0.08203125 0.08203125
0 0.025 0.1921875 0.05 0.09375
0 0.0125 0.375 0.025 0.06875
0 0.93046875 0.06328125 0.1390625 0.1265625
0 0.43671875 0.1171875 0.0890625 0.103125
0 0.68671875 0.3 0.12265625 0.146875
0 0.4609375 0.26328125 0.09140625 0.12265625
0 0.70390625 0.16171875 0.0796875 0.06484375
0 0.57734375 0.17421875 0.06015625 0.07421875
0 0.60390625 0.4203125 0.053125 0.06484375
0 0.54609375 0.3953125 0.05078125 0.05546875
0 0.54375 0.3234375 0.05546875 0.06484375
0 0.85 0.471875 0.08203125 0.0671875
0 0.93671875 0.34609375 0.071875 0.07421875
0 0.903125 0.21875 0.06484375 0.06484375
0 0.82734375 0.26796875 0.05546875 0.0578125
0 0.23828125 0.778125 0.2609375 0.44375
0 0.08125 0.59140625 0.1625 0.1640625
0 0.08359375 0.9671875 0.0765625 0.065625
0 0.021875 0.91875 0.04375 0.065625
0 0.3078125 0.53359375 0.05 0.0484375
0 0.40703125 0.9921875 0.0703125 0.015625
0 0.4078125 0.8828125 0.078125 0.075
0 0.43203125 0.80234375 0.07421875 0.0890625
0 0.49296875 0.6734375 0.09375 0.09609375
0 0.38125 0.65546875 0.025 0.0796875
0 0.68984375 0.5328125 0.1015625 0.046875
0 0.690625 0.653125 0.1203125 0.1203125
0 0.8078125 0.68046875 0.09140625 0.0984375
0 0.8359375 0.60703125 0.06015625 0.06015625
0 0.91953125 0.75859375 0.0765625 0.07421875
0 0.978125 0.83125 0.04375 0.071875
0 0.83828125 0.81796875 0.08671875 0.0796875
0 0.77421875 0.91015625 0.09375 0.0890625
0 0.60703125 0.94140625 0.08203125 0.084375
0 0.53359375 0.975 0.0734375 0.05
0 0.81328125 0.9640625 0.1859375 0.071875
0 0.92890625 0.9703125 0.0546875 0.059375
0 0.521875 0.9328125 0.0671875 0.06015625