0 0.47578125 0.9359375 0.1875 0.12734375
0 0.421875 0.821875 0.09609375 0.084375
0 0.584375 0.6734375 0.25 0.31015625
0 0.509375 0.54453125 0.06953125 0.06953125
0 0.70703125 0.3421875 0.06953125 0.084375
0 0.81484375 0.37109375 0.0578125 0.08671875
0 0.84140625 0.53515625 0.06953125 0.05546875
0 0.90234375 0.50703125 0.0625 0.06484375
0 0.72265625 0.96171875 0.084375 0.071875
0 0.64296875 0.91796875 0.08203125 0.0765625
0 0.0671875 0.74140625 0.09140625 0.103125
0 0.09140625 0.33046875 0.09140625 0.0796875
0 0.140625 0.43125 0.11796875 0.071875
0 0.30859375 0.0421875 0.0625 0.084375
0 0.9109375 0.1671875 0.06015625 0.07421875
0 0.97734375 0.2453125 0.0453125 0.06484375
0 0.3296875 0.4734375 0.0796875 0.08203125
0 0.78984375 0.759375 0.05078125 0.06484375
0 0.9015625 0.6734375 0.196875 0.30078125