0 0.35 0.1140625 0.16796875 0.14453125
0 0.3109375 0.2296875 0.08671875 0.08203125
0 0.4578125 0.35546875 0.23046875 0.290625
0 0.4 0.475 0.0625 0.0671875
0 0.58046875 0.646875 0.0625 0.0796875
0 0.6703125 0.6140625 0.05546875 0.08203125
0 0.68359375 0.46640625 0.0625 0.053125
0 0.73671875 0.48828125 0.0578125 0.0625
0 0.890625 0.18984375 0.103125 0.13671875
0 0.55859375 0.0890625 0.0765625 0.06953125
0 0.49296875 0.13125 0.07421875 0.07421875
0 0.5140625 0.02890625 0.09375 0.0578125
0 0.02734375 0.3203125 0.0546875 0.096875
0 0.05625 0.68984375 0.084375 0.0765625
0 0.09375 0.59609375 0.10546875 0.071875
0 0.25859375 0.94140625 0.06015625 0.0890625
0 0.17421875 0.9890625 0.04296875 0.021875
0 0.76328125 0.79296875 0.05546875 0.06953125
0 0.82421875 0.71875 0.06015625 0.0625
0 0.93515625 0.74296875 0.08671875 0.09375
0 0.87109375 0.83671875 0.0625 0.06484375
0 0.25234375 0.5484375 0.071875 0.0796875
0 0.62734375 0.2671875 0.0453125 0.06015625
0 0.7765625 0.33671875 0.28359375 0.2859375