0 0.33984375 0.446875 0.1671875 0.04375
0 0.3015625 0.3828125 0.08671875 0.08203125
0 0.4484375 0.25703125 0.23046875 0.290625
0 0.390625 0.1375 0.0625 0.0671875
0 0.65078125 0.01953125 0.0359375 0.0390625
0 0.65546875 0.1453125 0.0265625 0.053125
0 0.4828125 0.45625 0.075 0.025
0 0.02265625 0.2921875 0.0453125 0.096875
0 0.08359375 0.02578125 0.1046875 0.0515625
0 0.24296875 0.0640625 0.071875 0.0796875
0 0.61796875 0.3453125 0.0453125 0.06015625
0 0.94765625 0.21796875 0.1046875 0.1671875
0 0.9875 0.03671875 0.025 0.0609375
0 0.690625 0.25859375 0.04375 0.0578125
0 0.75078125 0.1875 0.0578125 0.05546875
0 0.8875 0.33671875 0.053125 0.0578125
0 0.95859375 0.38984375 0.0578125 0.04296875
0 0.48359375 0.49453125 0.1328125 0.0515625
0 0.653125 0.5609375 0.03125 0.1125
0 0.65078125 0.6953125 0.0359375 0.065625
0 0.6078125 0.83125 0.103125 0.0984375
0 0.246875 0.5578125 0.0625 0.0625
0 0.3109375 0.58359375 0.05546875 0.06015625
0 0.42421875 0.60859375 0.1203125 0.0984375
0 0.03125 0.58203125 0.0625 0.1203125
0 0.25234375 0.4859375 0.0640625 0.034375
0 0.2015625 0.64375 0.03359375 0.0359375
0 0.1875 0.7203125 0.0671875 0.07421875
0 0.21875 0.7265625 0.03828125 0.0453125
0 0.1125 0.77421875 0.05546875 0.0578125
0 0.1375 0.79375 0.03828125 0.040625
0 0.08828125 0.83125 0.05546875 0.0578125
0 0.1296875 0.8875 0.053125 0.0671875
0 0.10390625 0.95625 0.2078125 0.0875
0 0.33828125 0.9765625 0.0453125 0.040625
0 0.48515625 0.890625 0.0484375 0.0453125
0 0.46953125 0.96796875 0.0671875 0.0625
0 0.55859375 0.9328125 0.0453125 0.0484375
0 0.59375 0.91875 0.05546875 0.06015625
0 0.64375 0.9234375 0.05 0.0625
0 0.2640625 0.85390625 0.0578125 0.06015625
0 0.26875 0.784375 0.0453125 0.04296875
0 0.3015625 0.721875 0.0453125 0.05078125
0 0.834375 0.734375 0.33125 0.53125
0 0.72421875 0.5171875 0.08671875 0.08671875
0 0.81015625 0.8390625 0.11328125 0.11328125
0 0.98125 0.8171875 0.0375 0.08125
0 0.93984375 0.91875 0.1203125 0.125
0 0.76796875 0.9609375 0.1984375 0.078125
0 0.721875 0.8921875 0.084375 0.084375
0 0.6890625 0.91171875 0.040625 0.0671875