0 0.51796875 0.0109375 0.0953125 0.021875
0 0.35234375 0.14296875 0.2671875 0.2859375
0 0.4046875 0.2515625 0.071875 0.08203125
0 0.1046875 0.35859375 0.065625 0.0203125
0 0.103125 0.22421875 0.06953125 0.06484375
0 0.0453125 0.24609375 0.06484375 0.07421875
0 0.54765625 0.334375 0.0640625 0.06875
0 0.1796875 0.015625 0.053125 0.03125
0 0.08828125 0.12109375 0.1765625 0.2421875
0 0.73203125 0.1640625 0.3046875 0.328125
0 0.78515625 0.3328125 0.0859375 0.071875
0 0.92890625 0.115625 0.06953125 0.0671875
0 0.940625 0.015625 0.040625 0.03125
0 0.96015625 0.26171875 0.05078125 0.053125
0 0.14765625 0.89296875 0.1609375 0.16796875
0 0.2359375 0.6453125 0.1296875 0.12734375
0 0.4640625 0.7703125 0.11328125 0.12265625
0 0.23203125 0.5265625 0.0625 0.0625
0 0.2296875 0.4734375 0.0578125 0.0578125
0 0.13515625 0.4234375 0.1359375 0.109375
0 0.0625 0.40546875 0.125 0.0734375
0 0.0515625 0.5359375 0.084375 0.0765625
0 0.34765625 0.97109375 0.0796875 0.0578125
0 0.90546875 0.42734375 0.1140625 0.1171875
0 0.7546875 0.4390625 0.0671875 0.07421875
0 0.81015625 0.78515625 0.103125 0.1109375
0 0.95078125 0.9390625 0.0984375 0.121875
0 0.84609375 0.871875 0.0796875 0.0765625
0 0.91953125 0.60859375 0.084375 0.0796875
0 0.684375 0.63125 0.07421875 0.07421875