0 0.6609375 0.12109375 0.2015625 0.196875
0 0.55859375 0.17890625 0.1078125 0.10546875
0 0.584375 0.3640625 0.3296875 0.3390625
0 0.4671875 0.41484375 0.08203125 0.08203125
0 0.48828125 0.65390625 0.0890625 0.09375
0 0.57421875 0.6890625 0.084375 0.0890625
0 0.67890625 0.5890625 0.07421875 0.071875
0 0.703125 0.63828125 0.0765625 0.0765625
0 0.96484375 0.5203125 0.06953125 0.15625
0 0.828125 0.23671875 0.09375 0.09140625
0 0.75390625 0.225 0.09375 0.09375
0 0.83671875 0.1625 0.10078125 0.09609375
0 0.28515625 0.0578125 0.115625 0.115625
0 0.08046875 0.35078125 0.103125 0.10078125
0 0.1671875 0.30625 0.115625 0.1109375
0 0.06640625 0.6609375 0.09140625 0.09609375
0 0.52734375 0.87734375 0.0796875 0.08203125
0 0.61875 0.86171875 0.0765625 0.0765625
0 0.68359375 0.94609375 0.11328125 0.1078125
0 0.578125 0.96875 0.08203125 0.0625
0 0.3125 0.37265625 0.09609375 0.09609375
0 0.765625 0.40859375 0.0671875 0.06953125
0 0.8234375 0.55390625 0.353125 0.365625