0 0.20859375 0.0703125 0.1671875 0.140625
0 0.1703125 0.184375 0.08671875 0.08203125
0 0.31640625 0.26171875 0.2296875 0.1953125
0 0.41796875 0.04375 0.0765625 0.06953125
0 0.35234375 0.0859375 0.07421875 0.07421875
0 0.3734375 0.00625 0.09375 0.0125
0 0.48671875 0.221875 0.0453125 0.06015625
0 0.546875 0.25390625 0.10625 0.2109375
0 0.75078125 0.0234375 0.0671875 0.046875
0 0.95625 0.19453125 0.0875 0.0984375
0 0.69765625 0.053125 0.06484375 0.06015625
0 0.61328125 0.17890625 0.0265625 0.0453125
0 0.603125 0.1484375 0.00625 0.040625
0 0.7578125 0.25390625 0.06953125 0.0671875
0 0.29375 0.87421875 0.5875 0.2515625
0 0.1390625 0.4765625 0.278125 0.234375
0 0.98671875 0.4703125 0.0265625 0.06875