0 0.04921875 0.2796875 0.0984375 0.1
0 0.00859375 0.1859375 0.0171875 0.075
0 0.11015625 0.09453125 0.2078125 0.1890625
0 0.225 0.30234375 0.06875 0.0546875
0 0.159375 0.26953125 0.0671875 0.0671875
0 0.28203125 0.13125 0.040625 0.0578125
0 0.36484375 0.09296875 0.1484375 0.1859375
0 0.8171875 0.30625 0.1125 0.046875
0 0.46328125 0.19609375 0.0484375 0.0828125
0 0.49375 0.05390625 0.109375 0.1078125
0 0.78359375 0.2046875 0.0625 0.05078125
0 0.64453125 0.31875 0.0609375 0.021875
0 0.07265625 0.98046875 0.0734375 0.0390625
0 0.0890625 0.825 0.0671875 0.0625
0 0.30703125 0.8359375 0.16796875 0.15625
0 0.2453125 0.9609375 0.07421875 0.07421875
0 0.175 0.51640625 0.0671875 0.07421875
0 0.2328125 0.4671875 0.0671875 0.071875
0 0.30078125 0.384375 0.06015625 0.06953125
0 0.4046875 0.3875 0.040625 0.05546875
0 0.4171875 0.4953125 0.04375 0.053125
0 0.421875 0.35625 0.034375 0.053125
0 0.28984375 0.71015625 0.06953125 0.071875
0 0.22265625 0.7265625 0.0625 0.0625
0 0.025 0.89765625 0.05 0.0640625
0 0.48828125 0.91953125 0.0984375 0.1609375
0 0.6125 0.88828125 0.0796875 0.07421875
0 0.69375 0.86796875 0.16796875 0.18984375
0 0.5390625 0.7609375 0.134375 0.16328125
0 0.7796875 0.62734375 0.39921875 0.3921875
0 0.98671875 0.51953125 0.0265625 0.0796875
0 0.9765625 0.6703125 0.046875 0.0625
0 0.93359375 0.365625 0.0765625 0.071875
0 0.71875 0.353125 0.134375 0.046875
0 0.4765625 0.659375 0.075 0.10625
0 0.83828125 0.934375 0.0796875 0.0765625