0 0.296875 0.61875 0.09375 0.1203125
0 0.365625 0.59609375 0.07421875 0.09609375
0 0.57109375 0.6546875 0.0625 0.0796875
0 0.41484375 0.8453125 0.06484375 0.0765625
0 0.4078125 0.91953125 0.0890625 0.08203125
0 0.61640625 0.86171875 0.0671875 0.071875
0 0.6984375 0.83984375 0.1203125 0.103125
0 0.18359375 0.5109375 0.071875 0.06953125
0 0.07109375 0.88203125 0.0453125 0.04296875
0 0.0515625 0.81640625 0.0578125 0.0578125
0 0.0625 0.6671875 0.09140625 0.0796875
0 0.05390625 0.5953125 0.0484375 0.05546875
0 0.0953125 0.57421875 0.0578125 0.0625
0 0.10234375 0.4625 0.0484375 0.0578125
0 0.27734375 0.43125 0.071875 0.0765625
0 0.0625 0.30625 0.07421875 0.08671875
0 0.1140625 0.2015625 0.0765625 0.07421875
0 0.56640625 0.23203125 0.0984375 0.09375
0 0.671875 0.4171875 0.09140625 0.09609375
0 0.82578125 0.41484375 0.06015625 0.07421875
0 0.88671875 0.509375 0.1296875 0.1203125
0 0.90859375 0.39921875 0.1296875 0.1203125
0 0.9515625 0.31953125 0.08671875 0.09140625
0 0.8703125 0.3265625 0.0625 0.0625
0 0.80546875 0.34765625 0.0625 0.06015625
0 0.9171875 0.1453125 0.125 0.14453125
0 0.7359375 0.08984375 0.146875 0.16796875
0 0.79453125 0.20078125 0.0671875 0.05078125
0 0.30546875 0.08671875 0.0578125 0.06015625
0 0.296875 0.303125 0.0578125 0.0578125
0 0.36640625 0.41953125 0.05546875 0.0484375
0 0.4671875 0.4859375 0.0578125 0.05546875
0 0.61171875 0.56640625 0.071875 0.0625
0 0.89453125 0.7359375 0.0671875 0.0625
0 0.7015625 0.9671875 0.053125 0.053125
0 0.625 0.95703125 0.05078125 0.0484375
0 0.3765625 0.3125 0.053125 0.0484375
0 0.16953125 0.4109375 0.0484375 0.04296875
0 0.15 0.09609375 0.06484375 0.0671875
0 0.209375 0.19375 0.06953125 0.07421875