0 0.49453125 0.11796875 0.0890625 0.1203125
0 0.428125 0.14140625 0.07421875 0.09609375
0 0.22265625 0.0828125 0.0625 0.0796875
0 0.32578125 0.24609375 0.0578125 0.0453125
0 0.18203125 0.17109375 0.071875 0.0625
0 0.6328125 0.2234375 0.146875 0.090625
0 0.9421875 0.11875 0.115625 0.1375
0 0.715625 0.25625 0.075 0.025
0 0.33046875 0.79609375 0.1109375 0.12265625
0 0.4515625 0.70078125 0.10546875 0.125
0 0.25 0.45078125 0.04296875 0.0765625
0 0.36171875 0.3703125 0.0578125 0.0578125
0 0.29609375 0.29296875 0.0921875 0.0484375
0 0.57734375 0.38828125 0.06953125 0.0765625
0 0.7453125 0.4453125 0.0625 0.05546875
0 0.584375 0.5796875 0.0484375 0.05078125
0 0.56484375 0.69296875 0.0515625 0.0484375
0 0.55703125 0.77890625 0.0359375 0.0890625
0 0.65390625 0.6640625 0.0453125 0.06484375
0 0.909375 0.79609375 0.09375 0.09375
0 0.94140625 0.56875 0.05546875 0.06484375
0 0.98359375 0.93515625 0.0328125 0.0578125
0 0.74765625 0.62890625 0.0765625 0.071875