0 0.23515625 0.234375 0.1296875 0.14453125
0 0.290625 0.18828125 0.103125 0.115625
0 0.4203125 0.36796875 0.078125 0.0234375
0 0.090625 0.17421875 0.09140625 0.09140625
0 0.04453125 0.34453125 0.0890625 0.0703125
0 0.015625 0.29765625 0.03125 0.0671875
0 0.034375 0.26484375 0.06875 0.0796875
0 0.01484375 0.15625 0.0296875 0.06875
0 0.15 0.065625 0.09375 0.09609375
0 0.22890625 0.028125 0.0671875 0.05625
0 0.346875 0.05 0.071875 0.06953125
0 0.04296875 0.08515625 0.06015625 0.0578125
0 0.75703125 0.18984375 0.4859375 0.3796875
0 0.88671875 0.015625 0.1359375 0.03125
0 0.76640625 0.0484375 0.1953125 0.096875
0 0.41015625 0.39453125 0.0984375 0.0296875
0 0.0328125 0.40859375 0.065625 0.0578125
0 0.2234375 0.64296875 0.0765625 0.0796875
0 0.18671875 0.72109375 0.0765625 0.0765625
0 0.1640625 0.8078125 0.0890625 0.08671875
0 0.1453125 0.89765625 0.0671875 0.084375
0 0.2828125 0.81328125 0.0796875 0.084375
0 0.40078125 0.67421875 0.071875 0.06953125
0 0.43125 0.94765625 0.05625 0.0671875
0 0.059375 0.93828125 0.0578125 0.06953125
0 0.3546875 0.453125 0.0625 0.08203125
0 0.60546875 0.575 0.2921875 0.390625
0 0.78359375 0.7609375 0.103125 0.09609375
0 0.94609375 0.6296875 0.08203125 0.0796875
0 0.7125 0.85234375 0.0578125 0.0578125
0 0.6421875 0.86796875 0.06953125 0.0671875
0 0.96171875 0.42890625 0.03359375 0.0453125
0 0.98828125 0.4703125 0.0234375 0.04375
0 0.8796875 0.7046875 0.0796875 0.084375
0 0.971875 0.73828125 0.05625 0.0515625
0 0.52421875 0.89296875 0.0578125 0.06015625
0 0.4671875 0.8671875 0.015625 0.071875
0 0.4703125 0.91640625 0.021875 0.0578125