0 0.1703125 0.02265625 0.16875 0.0453125
0 0.125 0.05 0.134375 0.1
0 0.346875 0.01171875 0.1125 0.0234375
0 0.321875 0.10390625 0.11796875 0.11796875
0 0.39453125 0.2265625 0.09375 0.09375
0 0.25078125 0.18046875 0.08203125 0.08203125
0 0.1125 0.2015625 0.0890625 0.0890625
0 0.31640625 0.278125 0.08203125 0.0796875
0 0.421875 0.0390625 0.05625 0.071875
0 0.915625 0.05625 0.084375 0.0578125
0 0.53671875 0.08984375 0.0578125 0.05078125
0 0.3453125 0.84609375 0.209375 0.2109375
0 0.203125 0.94375 0.121875 0.1125
0 0.13359375 0.98203125 0.0609375 0.0359375
0 0.184375 0.834375 0.03828125 0.0484375
0 0.40625 0.559375 0.0875 0.103125
0 0.0828125 0.534375 0.0625 0.0578125
0 0.015625 0.47265625 0.03125 0.0796875
0 0.0703125 0.74765625 0.13203125 0.15625
0 0.06640625 0.61796875 0.1328125 0.1421875
0 0.9875 0.9828125 0.025 0.034375
0 0.4953125 0.63125 0.05546875 0.05078125
0 0.6421875 0.41875 0.0578125 0.05546875