0 0.24296875 0.23046875 0.0734375 0.0984375
0 0.0828125 0.2328125 0.06953125 0.0765625
0 0.04375 0.134375 0.0875 0.125
0 0.03125 0.25 0.0625 0.125
0 0.03359375 0.3234375 0.0671875 0.065625
0 0.10546875 0.303125 0.071875 0.0625
0 0.02578125 0.46796875 0.0515625 0.0640625
0 0.11875 0.4546875 0.0765625 0.053125
0 0.67109375 0.475 0.2109375 0.05
0 0.5171875 0.4453125 0.11875 0.109375
0 0.55859375 0.38828125 0.08203125 0.08203125
0 0.68125 0.203125 0.08203125 0.08203125
0 0.4421875 0.10859375 0.13671875 0.1421875
0 0.38359375 0.0328125 0.0796875 0.065625
0 0.36015625 0.203125 0.1609375 0.3875
0 0.984375 0.1125 0.03125 0.14375
0 0.06015625 0.63359375 0.1203125 0.2671875
0 0.209375 0.64140625 0.140625 0.2828125
0 0.115625 0.52890625 0.103125 0.0578125
0 0.24296875 0.9078125 0.0734375 0.084375
0 0.5375 0.9015625 0.16328125 0.16328125
0 0.29453125 0.78828125 0.0296875 0.0671875
0 0.334375 0.834375 0.084375 0.084375
0 0.28984375 0.6359375 0.0203125 0.084375
0 0.30625 0.534375 0.053125 0.06875
0 0.6859375 0.940625 0.10078125 0.10078125
0 0.440625 0.9875 0.053125 0.025
0 0.83125 0.965625 0.09375 0.06875
0 0.98359375 0.98203125 0.0328125 0.0359375
0 0.3890625 0.7921875 0.09140625 0.0890625
0 0.46328125 0.803125 0.0625 0.06484375
0 0.34296875 0.7078125 0.06953125 0.071875
0 0.45703125 0.68359375 0.0484375 0.05078125
0 0.3765625 0.5359375 0.125 0.071875
0 0.53671875 0.59140625 0.18046875 0.178125
0 0.57578125 0.5234375 0.0921875 0.046875
0 0.62421875 0.6546875 0.15390625 0.15625
0 0.76875 0.67265625 0.115625 0.11796875
0 0.86015625 0.78125 0.08671875 0.084375
0 0.975 0.5703125 0.05 0.05625
0 0.90546875 0.58984375 0.040625 0.040625
0 0.77890625 0.515625 0.0765625 0.03125
0 0.596875 0.9921875 0.053125 0.015625
0 0.73984375 0.96640625 0.05078125 0.05078125
0 0.73125 0.803125 0.040625 0.040625
0 0.690625 0.87578125 0.0484375 0.05078125