0 0.2 0.25 0.09375 0.1203125
0 0.26875 0.22734375 0.07421875 0.09609375
0 0.47421875 0.2859375 0.0625 0.0796875
0 0.3171875 0.45859375 0.065625 0.0421875
0 0.51953125 0.46796875 0.0671875 0.0234375
0 0.60078125 0.44921875 0.1203125 0.0609375
0 0.08671875 0.1421875 0.071875 0.06953125
0 0.01328125 0.2046875 0.0265625 0.0625
0 0.01484375 0.09296875 0.0296875 0.0578125
0 0.18046875 0.0625 0.071875 0.0765625
0 0.575 0.0484375 0.09140625 0.09609375
0 0.26953125 0.05078125 0.05546875 0.0484375
0 0.3703125 0.1171875 0.0578125 0.05546875
0 0.51484375 0.19765625 0.071875 0.0625
0 0.07265625 0.0421875 0.0484375 0.04296875
0 0.86015625 0.15625 0.115625 0.11796875
0 0.88359375 0.09609375 0.09140625 0.09140625
0 0.7625 0.25 0.11796875 0.11796875
0 0.83359375 0.3578125 0.115625 0.115625
0 0.85078125 0.45 0.1078125 0.059375
0 0.69609375 0.0375 0.0328125 0.075
0 0.08984375 0.70390625 0.10078125 0.09609375
0 0.20390625 0.621875 0.0625 0.08203125
0 0.25234375 0.56796875 0.06484375 0.07421875
0 0.45546875 0.60625 0.06484375 0.07421875
0 0.47734375 0.690625 0.0625 0.06953125
0 0.81640625 0.53046875 0.1109375 0.1015625
0 0.7703125 0.8921875 0.18125 0.215625
0 0.89453125 0.66171875 0.08671875 0.0890625
0 0.9203125 0.78515625 0.159375 0.3296875
0 0.93125 0.6 0.1375 0.240625