0 0.65625 0.43984375 0.3078125 0.3078125
0 0.546875 0.290625 0.09140625 0.09140625
0 0.4859375 0.134375 0.1390625 0.1390625
0 0.4203125 0.1734375 0.13203125 0.13203125
0 0.33515625 0.19609375 0.115625 0.115625
0 0.28828125 0.33515625 0.11796875 0.11796875
0 0.31015625 0.61171875 0.14453125 0.14453125
0 0.36328125 0.55390625 0.10546875 0.10546875
0 0.1890625 0.490625 0.0984375 0.0984375
0 0.16484375 0.85 0.115625 0.11796875
0 0.4390625 0.96015625 0.09140625 0.0796875
0 0.48828125 0.87734375 0.11328125 0.11328125
0 0.709375 0.8578125 0.071875 0.071875
0 0.6984375 0.7765625 0.0796875 0.0796875
0 0.73046875 0.6578125 0.0984375 0.0984375
0 0.8609375 0.5734375 0.1203125 0.1203125
0 0.96640625 0.56875 0.0671875 0.1078125
0 0.98046875 0.4796875 0.03828125 0.11328125
0 0.928125 0.76171875 0.06484375 0.06484375
0 0.70703125 0.14296875 0.30078125 0.2859375
0 0.47734375 0.009375 0.1265625 0.01875
0 0.5625 0.5453125 0.0890625 0.0890625