0 0.45234375 0.02421875 0.0796875 0.0484375
0 0.2796875 0.20546875 0.09140625 0.10078125
0 0.35703125 0.20078125 0.0578125 0.084375
0 0.27734375 0.046875 0.0671875 0.06484375
0 0.01484375 0.26953125 0.0296875 0.1234375
0 0.12734375 0.49921875 0.0546875 0.0203125
0 0.22265625 0.48359375 0.0765625 0.0515625
0 0.5328125 0.4890625 0.034375 0.040625
0 0.503125 0.3234375 0.0578125 0.06015625
0 0.9109375 0.14609375 0.178125 0.2328125
0 0.7234375 0.0578125 0.10546875 0.09375
0 0.63515625 0.1078125 0.103125 0.09375
0 0.58125 0.05390625 0.0625 0.0671875
0 0.5734375 0.31640625 0.046875 0.0796875
0 0.68203125 0.29375 0.0765625 0.071875
0 0.72578125 0.365625 0.1203125 0.11796875
0 0.81796875 0.4640625 0.0765625 0.06484375
0 0.87421875 0.396875 0.125 0.134375
0 0.2171875 0.83046875 0.19453125 0.196875
0 0.475 0.9203125 0.10078125 0.1109375
0 0.91875 0.51953125 0.040625 0.0203125
0 0.7609375 0.6078125 0.03359375 0.0453125
0 0.815625 0.65078125 0.11328125 0.115625
0 0.6546875 0.73984375 0.06015625 0.0578125
0 0.8015625 0.87109375 0.165625 0.15625
0 0.825 0.996875 0.0375 0.00625
0 0.76015625 0.99140625 0.0296875 0.0171875