0 0.39609375 0.19296875 0.2265625 0.3078125
0 0.328125 0.3421875 0.09140625 0.09140625
0 0.26640625 0.4734375 0.1390625 0.090625
0 0.20078125 0.45546875 0.1328125 0.1265625
0 0.11640625 0.43671875 0.115625 0.115625
0 0.06953125 0.29765625 0.11796875 0.11796875
0 0.090625 0.04609375 0.14375 0.0921875
0 0.14453125 0.07890625 0.10546875 0.10546875
0 0.4234375 0.4328125 0.171875 0.171875
0 0.34375 0.0875 0.0890625 0.0890625
0 0.90234375 0.415625 0.11796875 0.11796875
0 0.83984375 0.11640625 0.22109375 0.22109375
0 0.8234375 0.0328125 0.146875 0.065625
0 0.55859375 0.42578125 0.0984375 0.1078125
0 0.628125 0.4796875 0.084375 0.078125
0 0.38359375 0.54296875 0.0765625 0.0484375
0 0.4625 0.53359375 0.071875 0.0296875
0 0.2421875 0.95234375 0.165625 0.0953125
0 0.04140625 0.959375 0.0828125 0.08125
0 0.11640625 0.79921875 0.0578125 0.06015625
0 0.39375 0.90859375 0.05546875 0.09375
0 0.91171875 0.9703125 0.0796875 0.059375
0 0.72890625 0.815625 0.06953125 0.084375
0 0.61015625 0.5921875 0.0671875 0.084375
0 0.8625 0.8484375 0.0671875 0.07421875
0 0.86484375 0.7453125 0.2703125 0.3375
0 0.72578125 0.95625 0.3109375 0.0875