0 0.58671875 0.1890625 0.1453125 0.2
0 0.63203125 0.3515625 0.0546875 0.0625
0 0.62265625 0.50234375 0.0734375 0.0890625
0 0.5546875 0.52734375 0.071875 0.0453125
0 0.434375 0.48203125 0.07421875 0.0765625
0 0.27265625 0.29296875 0.084375 0.0984375
0 0.34453125 0.29765625 0.05546875 0.0796875
0 0.2703125 0.4453125 0.0625 0.0625
0 0.01875 0.2296875 0.0375 0.11875
0 0.1328125 0.01015625 0.053125 0.0203125
0 0.2203125 0.02578125 0.071875 0.0515625
0 0.52109375 0.01953125 0.0578125 0.0390625
0 0.48125 0.1796875 0.05546875 0.0578125
0 0.6984375 0.3875 0.078125 0.125
0 0.959375 0.43203125 0.0671875 0.071875
0 0.80078125 0.321875 0.11796875 0.11796875
0 0.9359375 0.16484375 0.128125 0.1296875
0 0.69375 0.19296875 0.04296875 0.0484375
0 0.796875 0.22890625 0.040625 0.04296875
0 0.8140625 0.18125 0.0484375 0.0453125
0 0.8375 0.13203125 0.0671875 0.0578125
0 0.29375 0.7796875 0.071875 0.071875
0 0.39453125 0.6328125 0.0890625 0.0578125
0 0.403125 0.778125 0.053125 0.0578125
0 0.25390625 0.93828125 0.07421875 0.0671875
0 0.04296875 0.946875 0.0765625 0.040625
0 0.159375 0.89609375 0.06484375 0.0625
0 0.5640625 0.88671875 0.07421875 0.06015625
0 0.19609375 0.56796875 0.1140625 0.0359375
0 0.49609375 0.696875 0.0625 0.0453125
0 0.47421875 0.74921875 0.06015625 0.040625
0 0.79296875 0.71484375 0.08671875 0.0984375
0 0.88125 0.7796875 0.13203125 0.1296875
0 0.94921875 0.73203125 0.1015625 0.1234375