0 0.33984375 0.33671875 0.1203125 0.1296875
0 0.378125 0.375 0.04375 0.096875
0 0.08359375 0.228125 0.134375 0.1421875
0 0.8 0.4453125 0.059375 0.028125
0 0.48828125 0.3953125 0.0578125 0.05078125
0 0.6421875 0.3453125 0.07421875 0.0671875
0 0.68359375 0.1875 0.12265625 0.1390625
0 0.46484375 0.08671875 0.071875 0.0765625
0 0.9703125 0.08515625 0.053125 0.06484375
0 0.94921875 0.275 0.06953125 0.0625
0 0.296875 0.5703125 0.20625 0.221875
0 0.05390625 0.4875 0.0890625 0.05625
0 0.17890625 0.7578125 0.2328125 0.23046875
0 0.0796875 0.69296875 0.159375 0.1734375
0 0.3515625 0.9859375 0.096875 0.028125
0 0.5546875 0.984375 0.1125 0.03125
0 0.4140625 0.8671875 0.028125 0.065625
0 0.4734375 0.92109375 0.11796875 0.11796875
0 0.53515625 0.9328125 0.09609375 0.10078125
0 0.4859375 0.85390625 0.084375 0.08671875
0 0.4359375 0.80703125 0.06953125 0.06484375
0 0.55625 0.8609375 0.09609375 0.09375
0 0.615625 0.78515625 0.0578125 0.06015625
0 0.65859375 0.81015625 0.0796875 0.08203125
0 0.68984375 0.76796875 0.071875 0.06953125
0 0.56875 0.51328125 0.18125 0.1078125
0 0.7109375 0.478125 0.096875 0.0375
0 0.9171875 0.92265625 0.165625 0.1546875
0 0.9859375 0.88984375 0.028125 0.1140625
0 0.96953125 0.85390625 0.0609375 0.0859375
0 0.81875 0.84296875 0.0765625 0.0765625
0 0.75234375 0.9015625 0.08203125 0.084375
0 0.6734375 0.93046875 0.0671875 0.06484375
0 0.5015625 0.65546875 0.09140625 0.09140625
0 0.78125 0.64296875 0.071875 0.0796875
0 0.98203125 0.65546875 0.0359375 0.0828125
0 0.9203125 0.553125 0.0671875 0.0671875
0 0.8265625 0.59609375 0.06484375 0.0625
0 0.44453125 0.5890625 0.0578125 0.06484375
0 0.4734375 0.59375 0.05546875 0.06015625
0 0.915625 0.49296875 0.16875 0.0671875
0 0.9875 0.5140625 0.025 0.084375