0 0.2046875 0.3390625 0.10546875 0.10078125
0 0.76171875 0.24140625 0.1203125 0.1109375
0 0.92421875 0.18984375 0.146875 0.1390625
0 0.8765625 0.3140625 0.1703125 0.1515625
0 0.46484375 0.48046875 0.08671875 0.103125
0 0.49375 0.82421875 0.14453125 0.1828125
0 0.93046875 0.55078125 0.103125 0.1109375
0 0.80859375 0.671875 0.06015625 0.06484375
0 0.834375 0.74296875 0.07421875 0.0890625
0 0.68515625 0.48828125 0.13671875 0.146875
0 0.31015625 0.6734375 0.10546875 0.08203125
0 0.0953125 0.6859375 0.1078125 0.084375
0 0.103125 0.03515625 0.08203125 0.06953125
0 0.30859375 0.1515625 0.1703125 0.17578125
0 0.14921875 0.1421875 0.08671875 0.0796875
0 0.62890625 0.0296875 0.0671875 0.059375
0 0.6890625 0.0109375 0.08671875 0.021875
0 0.17890625 0.9375 0.06015625 0.0453125
0 0.63671875 0.89765625 0.24296875 0.2046875