0 0.4984375 0.35390625 0.08125 0.1203125
0 0.34765625 0.35703125 0.2359375 0.2046875
0 0.178125 0.34296875 0.10546875 0.10546875
0 0.24765625 0.25390625 0.0671875 0.0890625
0 0.34140625 0.22734375 0.0484375 0.05078125
0 0.35078125 0.0984375 0.071875 0.06484375
0 0.5171875 0.0640625 0.04375 0.053125
0 0.53203125 0.22265625 0.0140625 0.0515625
0 0.0953125 0.23359375 0.0578125 0.0671875
0 0.05078125 0.23203125 0.0625 0.06953125
0 0.5734375 0.2546875 0.06875 0.090625
0 0.6703125 0.4375 0.08125 0.04375
0 0.58203125 0.43828125 0.0578125 0.0421875
0 0.76953125 0.1546875 0.4609375 0.309375
0 0.02109375 0.859375 0.0421875 0.1125
0 0.07890625 0.8546875 0.1578125 0.1625
0 0.14765625 0.87421875 0.08671875 0.0890625
0 0.2875 0.67109375 0.13203125 0.1296875
0 0.4703125 0.73046875 0.125 0.125
0 0.50546875 0.63515625 0.0671875 0.1609375
0 0.34609375 0.86953125 0.12734375 0.12734375
0 0.28515625 0.97109375 0.1046875 0.0578125
0 0.14296875 0.70859375 0.0796875 0.08203125
0 0.61328125 0.71171875 0.1484375 0.2765625
0 0.60703125 0.5828125 0.103125 0.10546875
0 0.68515625 0.5890625 0.09375 0.10078125
0 0.74921875 0.6046875 0.071875 0.0765625
0 0.7765625 0.728125 0.07421875 0.07421875
0 0.9296875 0.94296875 0.140625 0.1140625
0 0.73359375 0.934375 0.3890625 0.13125
0 0.80625 0.50546875 0.25625 0.0921875
0 0.8796875 0.55234375 0.165625 0.18046875
0 0.9203125 0.51171875 0.115625 0.1046875