0 0.0546875 0.13984375 0.109375 0.1421875
0 0.0390625 0.22578125 0.078125 0.3078125
0 0.021875 0.33046875 0.04375 0.0640625
0 0.10078125 0.4171875 0.09140625 0.09140625
0 0.21953125 0.49765625 0.1109375 0.1109375
0 0.23671875 0.3375 0.0671875 0.0671875
0 0.265625 0.3109375 0.0796875 0.0796875
0 0.265625 0.35078125 0.128125 0.3078125
0 0.2953125 0.45390625 0.06875 0.0796875
0 0.2765625 0.60078125 0.071875 0.0578125
0 0.30703125 0.61484375 0.0453125 0.0296875
0 0.1578125 0.6125 0.215625 0.034375
0 0.09375 0.028125 0.125 0.05625
0 0.234375 0.03046875 0.084375 0.0609375
0 0.2515625 0.0171875 0.090625 0.034375
0 0.23125 0.175 0.0765625 0.0796875
0 0.15625 0.20390625 0.06953125 0.06953125
0 0.50859375 0.21796875 0.3578125 0.4359375
0 0.72109375 0.478125 0.27890625 0.2453125
0 0.38828125 0.5046875 0.1171875 0.14375
0 0.50703125 0.5921875 0.0578125 0.0625
0 0.93203125 0.20625 0.0765625 0.08671875
0 0.92890625 0.3828125 0.08671875 0.09609375
0 0.7484375 0.04140625 0.0578125 0.053125
0 0.71953125 0.0765625 0.06015625 0.0578125
0 0.7859375 0.08828125 0.0625 0.06953125
0 0.75234375 0.24609375 0.084375 0.0671875
0 0.21171875 0.66328125 0.0734375 0.0671875
0 0.2109375 0.95234375 0.178125 0.0953125
0 0.3 0.83515625 0.059375 0.1109375
0 0.01171875 0.8640625 0.0234375 0.053125
0 0.28984375 0.65859375 0.0640625 0.0578125
0 0.65859375 0.69296875 0.1421875 0.1265625
0 0.66640625 0.81015625 0.09609375 0.0984375
0 0.7546875 0.9328125 0.09375 0.09375
0 0.80703125 0.7078125 0.09140625 0.09140625
0 0.8828125 0.7703125 0.10078125 0.1109375
0 0.440625 0.91640625 0.0890625 0.08671875
0 0.34765625 0.975 0.0359375 0.05
0 0.55390625 0.6359375 0.0671875 0.0125
0 0.5515625 0.69609375 0.05546875 0.0578125