0 0.33203125 0.390625 0.2140625 0.05625
0 0.23828125 0.3890625 0.0703125 0.059375
0 0.309375 0.36328125 0.0484375 0.05078125
0 0.2921875 0.25390625 0.06953125 0.0671875
0 0.29375 0.12421875 0.08671875 0.084375
0 0.4171875 0.19375 0.04375 0.053125
0 0.43125 0.1859375 0.015625 0.0625
0 0.39453125 0.10625 0.0890625 0.2125
0 0.365625 0.0859375 0.0578125 0.0625
0 0.240625 0.02578125 0.053125 0.0515625
0 0.10859375 0.071875 0.1671875 0.14375
0 0.06171875 0.01328125 0.0609375 0.0265625
0 0.01328125 0.07890625 0.0265625 0.0546875
0 0.01875 0.25546875 0.0375 0.1921875
0 0.1125 0.39921875 0.059375 0.0390625
0 0.0765625 0.4015625 0.065625 0.034375
0 0.721875 0.02578125 0.1 0.0515625
0 0.45859375 0.20859375 0.0390625 0.0671875
0 0.63828125 0.334375 0.071875 0.0671875
0 0.82109375 0.2546875 0.3265625 0.328125
0 0.91953125 0.046875 0.08203125 0.084375
0 0.953125 0.125 0.0671875 0.06953125
0 0.94765625 0.0109375 0.0546875 0.021875
0 0.8140625 0.01640625 0.053125 0.0328125
0 0.50703125 0.01953125 0.0453125 0.0390625
0 0.4109375 0.990625 0.05625 0.01875
0 0.284375 0.4671875 0.15625 0.096875
0 0.2328125 0.703125 0.1703125 0.1828125
0 0.178125 0.93203125 0.35625 0.1359375
0 0.0328125 0.73515625 0.065625 0.2140625
0 0.42109375 0.8609375 0.0359375 0.06875
0 0.71484375 0.45703125 0.1484375 0.0765625
0 0.80078125 0.49296875 0.1703125 0.1484375
0 0.884375 0.5046875 0.10078125 0.12734375
0 0.98125 0.53984375 0.0375 0.0921875
0 0.9140625 0.61171875 0.0625 0.06484375
0 0.85390625 0.6359375 0.084375 0.09140625
0 0.7046875 0.528125 0.09140625 0.08671875
0 0.72578125 0.90625 0.10546875 0.115625
0 0.8171875 0.93984375 0.10546875 0.1203125
0 0.7 0.63984375 0.18515625 0.196875
0 0.73046875 0.7453125 0.103125 0.0984375
0 0.79609375 0.709375 0.0984375 0.103125
0 0.79140625 0.790625 0.07421875 0.0765625
0 0.6703125 0.7453125 0.07421875 0.0765625
0 0.53203125 0.65390625 0.0671875 0.0671875
0 0.51484375 0.5671875 0.071875 0.07421875
0 0.46953125 0.496875 0.06015625 0.05546875
0 0.9265625 0.67890625 0.0796875 0.07421875
0 0.9734375 0.70703125 0.053125 0.0546875
0 0.56640625 0.4421875 0.0484375 0.046875
0 0.5640625 0.91484375 0.06484375 0.07421875
0 0.59609375 0.9765625 0.1171875 0.046875
0 0.91875 0.95234375 0.1625 0.0953125
0 0.4515625 0.94609375 0.025 0.0578125