0 0.2109375 0.38359375 0.084375 0.0921875
0 0.22421875 0.21484375 0.4484375 0.4296875
0 0.453125 0.03203125 0.0625 0.0640625
0 0.40078125 0.3140625 0.0796875 0.08203125
0 0.6140625 0.13125 0.08671875 0.0796875
0 0.684375 0.103125 0.03359375 0.04296875
0 0.6109375 0.0203125 0.08125 0.040625
0 0.5703125 0.06640625 0.040625 0.040625
0 0.72265625 0.14453125 0.06953125 0.0796875
0 0.83828125 0.1375 0.0796875 0.084375
0 0.88359375 0.15390625 0.0484375 0.06484375
0 0.84296875 0.0296875 0.1203125 0.059375
0 0.9734375 0.06015625 0.053125 0.1203125
0 0.834375 0.296875 0.2015625 0.15859375
0 0.72421875 0.38515625 0.1515625 0.0890625
0 0.63828125 0.390625 0.07421875 0.06484375
0 0.5859375 0.31875 0.06484375 0.06484375
0 0.63125 0.28046875 0.0578125 0.0796875
0 0.678125 0.24140625 0.05078125 0.05078125
0 0.528125 0.21171875 0.040625 0.040625
0 0.52890625 0.36015625 0.0796875 0.1390625
0 0.0421875 0.609375 0.084375 0.115625
0 0.11875 0.7609375 0.2375 0.409375
0 0.23984375 0.89765625 0.09140625 0.09375
0 0.2515625 0.84140625 0.08671875 0.08671875
0 0.16328125 0.8640625 0.06953125 0.0671875
0 0.30078125 0.95625 0.0921875 0.0875
0 0.20078125 0.98359375 0.1046875 0.0328125
0 0.38984375 0.75078125 0.11328125 0.11328125
0 0.4453125 0.765625 0.0875 0.103125
0 0.4796875 0.71328125 0.01875 0.0890625
0 0.446875 0.478125 0.084375 0.096875
0 0.25078125 0.5046875 0.0765625 0.0765625
0 0.13203125 0.50078125 0.08203125 0.084375
0 0.09453125 0.56484375 0.06953125 0.06953125
0 0.27421875 0.48046875 0.2296875 0.1015625
0 0.53515625 0.96953125 0.0828125 0.0609375
0 0.653125 0.5515625 0.315625 0.24375
0 0.78984375 0.4640625 0.2546875 0.06875
0 0.95625 0.5828125 0.0875 0.225
0 0.609375 0.8109375 0.09140625 0.09140625
0 0.640625 0.746875 0.103125 0.10546875