0 0.4953125 0.0171875 0.0890625 0.03359375
0 0.428125 0.009375 0.115625 0.01875
0 0.24609375 0.2546875 0.084375 0.084375
0 0.63203125 0.15 0.103125 0.10078125
0 0.6140625 0.22265625 0.06953125 0.06953125
0 0.57421875 0.20078125 0.08203125 0.08203125
0 0.54296875 0.50390625 0.125 0.125
0 0.7859375 0.3609375 0.1421875 0.1390625
0 0.8375 0.31640625 0.1078125 0.1078125
0 0.86328125 0.37109375 0.1078125 0.1078125
0 0.9578125 0.43125 0.06484375 0.06484375
0 0.65390625 0.61171875 0.6921875 0.7765625
0 0.57109375 0.93515625 0.09609375 0.09609375
0 0.4359375 0.6765625 0.11328125 0.11328125
0 0.4390625 0.85234375 0.0671875 0.0671875
0 0.23203125 0.7609375 0.42578125 0.44453125
0 0.0625 0.36171875 0.07421875 0.07421875
0 0.34375 0.3390625 0.0671875 0.06953125
0 0.1234375 0.19375 0.07421875 0.071875