0 0.12109375 0.94140625 0.0796875 0.07421875
0 0.1875 0.90625 0.0625 0.06484375
0 0.225 0.96640625 0.09375 0.0671875
0 0.54921875 0.85 0.0625 0.0578125
0 0.18046875 0.69453125 0.07421875 0.071875
0 0.2390625 0.64765625 0.0484375 0.053125
0 0.25625 0.68984375 0.0578125 0.0578125
0 0.46875 0.47109375 0.084375 0.09375
0 0.1875 0.43359375 0.10546875 0.09375
0 0.1203125 0.4375 0.071875 0.08203125
0 0.134375 0.37734375 0.08203125 0.071875
0 0.09609375 0.271875 0.0453125 0.0484375
0 0.4109375 0.28125 0.59140625 0.5359375
0 0.71171875 0.11328125 0.0625 0.07421875
0 0.65859375 0.4 0.0796875 0.08203125
0 0.765625 0.2609375 0.04296875 0.053125
0 0.87109375 0.46015625 0.25234375 0.36796875
0 0.759375 0.87890625 0.0578125 0.0484375
0 0.52421875 0.72265625 0.0484375 0.05078125
0 0.6078125 0.97265625 0.05546875 0.05078125