0 0.17578125 0.1234375 0.0625 0.0578125
0 0.20078125 0.25078125 0.0484375 0.05078125
0 0.11640625 0.0125 0.0546875 0.025
0 0.86640625 0.03359375 0.1140625 0.0671875
0 0.91484375 0.1125 0.0890625 0.0796875
0 0.8140625 0.19765625 0.084375 0.09609375
0 0.96875 0.2390625 0.0625 0.071875
0 0.9671875 0.32421875 0.065625 0.0890625
0 0.5296875 0.28828125 0.2125 0.1609375
0 0.4203125 0.34296875 0.040625 0.0515625
0 0.121875 0.984375 0.053125 0.03125
0 0.03671875 0.9890625 0.0578125 0.021875
0 0.01640625 0.94765625 0.0328125 0.1015625
0 0.0796875 0.928125 0.06953125 0.06953125
0 0.328125 0.9109375 0.0484375 0.040625
0 0.259375 0.85390625 0.0484375 0.040625
0 0.27421875 0.8015625 0.0359375 0.03359375
0 0.36171875 0.84765625 0.07421875 0.053125
0 0.38515625 0.759375 0.0296875 0.04375
0 0.3390625 0.77421875 0.03359375 0.03359375
0 0.10546875 0.86953125 0.03125 0.03359375
0 0.06953125 0.85 0.05078125 0.040625
0 0.046875 0.809375 0.03359375 0.03125
0 0.03203125 0.76875 0.0640625 0.115625
0 0.16484375 0.7 0.07421875 0.0765625
0 0.0625 0.61953125 0.06015625 0.0578125
0 0.07109375 0.434375 0.1203125 0.13125
0 0.2921875 0.70234375 0.03359375 0.04296875
0 0.3234375 0.68203125 0.05078125 0.053125
0 0.31875 0.5859375 0.0578125 0.05078125
0 0.6390625 0.44609375 0.20625 0.1546875
0 0.7890625 0.40625 0.03828125 0.053125
0 0.9578125 0.4921875 0.05546875 0.0671875
0 0.83828125 0.5359375 0.103125 0.06953125
0 0.92109375 0.671875 0.08203125 0.071875
0 0.40703125 0.396875 0.0140625 0.05625
0 0.5265625 0.5625 0.053125 0.0625
0 0.6015625 0.6203125 0.0578125 0.0484375
0 0.609375 0.8859375 0.05078125 0.06484375
0 0.90625 0.7765625 0.03828125 0.03828125