0 0.11640625 0.12734375 0.2328125 0.2546875
0 0.16796875 0.46875 0.1421875 0.121875
0 0.84453125 0.0578125 0.1671875 0.115625
0 0.6171875 0.32265625 0.1390625 0.1421875
0 0.728125 0.33828125 0.0796875 0.08203125
0 0.7625 0.23515625 0.09375 0.09375
0 0.90234375 0.2140625 0.08671875 0.08671875
0 0.73671875 0.01640625 0.0546875 0.0328125
0 0.50546875 0.0265625 0.0578125 0.053125
0 0.85703125 0.52578125 0.0609375 0.0078125
0 0.0703125 0.56171875 0.06953125 0.0578125
0 0.1859375 0.68203125 0.0578125 0.0765625
0 0.040625 0.79765625 0.08125 0.0859375
0 0.07890625 0.8984375 0.04296875 0.04296875
0 0.2171875 0.97734375 0.04375 0.0453125
0 0.0265625 0.95234375 0.053125 0.0453125
0 0.29921875 0.91171875 0.1203125 0.1765625
0 0.3609375 0.6703125 0.08203125 0.08203125
0 0.50546875 0.590625 0.08203125 0.0796875
0 0.615625 0.54921875 0.115625 0.0390625
0 0.57109375 0.61484375 0.06015625 0.06484375
0 0.628125 0.65546875 0.05078125 0.0625
0 0.825 0.5625 0.0875 0.065625
0 0.909375 0.6625 0.13203125 0.11328125
0 0.78515625 0.7734375 0.0796875 0.0796875
0 0.675 0.9390625 0.125 0.121875
0 0.490625 0.8671875 0.10546875 0.13203125
0 0.91640625 0.76875 0.09609375 0.0796875