0 0.94609375 0.89296875 0.07421875 0.08671875
0 0.771875 0.91796875 0.12734375 0.1390625
0 0.49140625 0.8265625 0.084375 0.09609375
0 0.47109375 0.75859375 0.0578125 0.05078125
0 0.584375 0.73046875 0.0625 0.0671875
0 0.6421875 0.44453125 0.39921875 0.40625
0 0.384375 0.2296875 0.0671875 0.103125
0 0.31484375 0.196875 0.05546875 0.06953125
0 0.21484375 0.2671875 0.0765625 0.11328125
0 0.1203125 0.2296875 0.1515625 0.16796875
0 0.03515625 0.09765625 0.06953125 0.11328125
0 0.49375 0.0484375 0.1703125 0.09609375
0 0.97109375 0.14921875 0.02890625 0.05546875
0 0.93046875 0.31484375 0.11328125 0.125
0 0.84609375 0.2453125 0.05078125 0.05546875
0 0.240625 0.75703125 0.09140625 0.10546875
0 0.3640625 0.76328125 0.06953125 0.09140625
0 0.07109375 0.884375 0.11328125 0.134375
0 0.13359375 0.81640625 0.0578125 0.05078125