0 0.2796875 0.125 0.559375 0.25
0 0.715625 0.221875 0.178125 0.05625
0 0.75703125 0.121875 0.1296875 0.1296875
0 0.82890625 0.0953125 0.071875 0.071875
0 0.86484375 0.13671875 0.0796875 0.0796875
0 0.940625 0.12734375 0.11875 0.1203125
0 0.490625 0.96171875 0.0875 0.0765625
0 0.534375 0.625 0.05 0.071875
0 0.4953125 0.79296875 0.10546875 0.1078125
0 0.31484375 0.8890625 0.06953125 0.07421875
0 0.7796875 0.52890625 0.440625 0.5578125
0 0.8953125 0.51328125 0.0984375 0.103125
0 0.9109375 0.428125 0.10078125 0.11328125
0 0.69921875 0.4171875 0.09375 0.09609375
0 0.8421875 0.8140625 0.178125 0.17578125
0 0.81484375 0.971875 0.0984375 0.05625
0 0.884375 0.91875 0.09375 0.0890625
0 0.57890625 0.82890625 0.0390625 0.0890625
0 0.59453125 0.86484375 0.0703125 0.0734375