0 0.23984375 0.18984375 0.4796875 0.3796875
0 0.95234375 0.35078125 0.0953125 0.0578125
0 0.978125 0.2828125 0.04375 0.134375
0 0.8203125 0.26796875 0.0890625 0.11796875
0 0.62734375 0.35234375 0.0734375 0.0546875
0 0.69921875 0.284375 0.0625 0.06953125
0 0.70625 0.203125 0.06484375 0.05546875
0 0.78203125 0.12265625 0.05078125 0.053125
0 0.421875 0.76953125 0.0796875 0.08203125
0 0.45390625 0.69453125 0.0515625 0.0578125
0 0.4109375 0.68046875 0.084375 0.09609375
0 0.465625 0.56875 0.028125 0.0625
0 0.28125 0.459375 0.0578125 0.0796875
0 0.040625 0.43828125 0.08125 0.0640625
0 0.02265625 0.59765625 0.0453125 0.0671875
0 0.12734375 0.81640625 0.06953125 0.071875
0 0.30390625 0.90859375 0.0578125 0.053125
0 0.571875 0.934375 0.184375 0.13125
0 0.68671875 0.68125 0.19921875 0.16796875
0 0.89375 0.81796875 0.0578125 0.0453125
0 0.83125 0.7015625 0.0359375 0.0484375
0 0.9828125 0.625 0.034375 0.059375
0 0.878125 0.5859375 0.10078125 0.0625
0 0.95859375 0.46484375 0.0796875 0.06484375
0 0.7046875 0.8625 0.0765625 0.06015625
0 0.578125 0.56328125 0.053125 0.0578125
0 0.64921875 0.51015625 0.0578125 0.04296875
0 0.94296875 0.38359375 0.0359375 0.0078125