0 0.16484375 0.234375 0.3296875 0.46875
0 0.86953125 0.4515625 0.0703125 0.034375
0 0.88984375 0.4078125 0.1328125 0.121875
0 0.66484375 0.2890625 0.0796875 0.06484375
0 0.68125 0.39765625 0.0796875 0.08671875
0 0.59453125 0.4546875 0.0828125 0.028125
0 0.4859375 0.2375 0.12265625 0.11796875
0 0.35703125 0.2703125 0.0546875 0.059375
0 0.3921875 0.07109375 0.125 0.1421875
0 0.66484375 0.10859375 0.07421875 0.0765625
0 0.90390625 0.05859375 0.10546875 0.084375
0 0.9265625 0.128125 0.053125 0.05078125
0 0.7765625 0.33984375 0.071875 0.0671875
0 0.53515625 0.38046875 0.103125 0.08203125
0 0.58671875 0.32421875 0.06953125 0.071875
0 0.69453125 0.2 0.053125 0.04296875
0 0.69453125 0.23359375 0.06484375 0.0578125
0 0.765625 0.11953125 0.0484375 0.040625
0 0.9890625 0.1578125 0.021875 0.084375
0 0.98984375 0.45078125 0.0203125 0.0359375
0 0.09921875 0.715625 0.14921875 0.165625
0 0.01953125 0.546875 0.0390625 0.103125
0 0.2515625 0.528125 0.0671875 0.07421875
0 0.20625 0.95703125 0.125 0.0859375
0 0.0609375 0.89296875 0.121875 0.1140625
0 0.0140625 0.73984375 0.028125 0.0890625
0 0.1265625 0.5453125 0.103125 0.09375
0 0.30625 0.91875 0.046875 0.09375
0 0.25390625 0.8765625 0.08671875 0.084375
0 0.61875 0.83125 0.25703125 0.25703125
0 0.76328125 0.77578125 0.10546875 0.10546875
0 0.91875 0.75078125 0.1625 0.1765625
0 0.96640625 0.88671875 0.0671875 0.1328125
0 0.8453125 0.5203125 0.134375 0.103125
0 0.58671875 0.52109375 0.1421875 0.1046875
0 0.4390625 0.74765625 0.1390625 0.1390625