0 0.26953125 0.26953125 0.5390625 0.5390625
0 0.66875 0.234375 0.259375 0.3
0 0.68203125 0.07734375 0.08203125 0.0890625
0 0.7578125 0.1421875 0.0625 0.0625
0 0.78203125 0.221875 0.07421875 0.0796875
0 0.7265625 0.30234375 0.0625 0.0671875
0 0.60390625 0.35625 0.05078125 0.053125
0 0.5796875 0.3984375 0.0484375 0.0453125
0 0.6265625 0.403125 0.071875 0.0796875
0 0.5875 0.471875 0.09375 0.0890625
0 0.64375 0.5171875 0.06875 0.04375
0 0.7625 0.4453125 0.0796875 0.09375
0 0.8203125 0.36953125 0.0484375 0.0484375
0 0.8828125 0.31875 0.09609375 0.11328125
0 0.90078125 0.39375 0.0625 0.0765625
0 0.95859375 0.39765625 0.0828125 0.1296875
0 0.95 0.0140625 0.0625 0.028125
0 0.90234375 0.03125 0.0671875 0.0625
0 0.98671875 0.1828125 0.0265625 0.05625
0 0.046875 0.68359375 0.09375 0.1140625
0 0.06796875 0.59765625 0.1109375 0.1171875
0 0.03046875 0.9046875 0.0609375 0.0625
0 0.02578125 0.9640625 0.0515625 0.059375
0 0.46640625 0.98671875 0.0765625 0.0265625
0 0.5296875 0.76171875 0.01875 0.0578125
0 0.53125 0.56875 0.015625 0.059375
0 0.27109375 0.61953125 0.0671875 0.06953125
0 0.278125 0.67890625 0.0578125 0.0578125
0 0.17734375 0.6421875 0.06484375 0.08203125
0 0.0125 0.79921875 0.025 0.0703125
0 0.703125 0.96171875 0.128125 0.0765625
0 0.93515625 0.81875 0.1296875 0.14375
0 0.97734375 0.790625 0.0453125 0.115625
0 0.95390625 0.73671875 0.0921875 0.1109375
0 0.9453125 0.615625 0.0671875 0.06953125
0 0.76953125 0.76953125 0.4609375 0.4609375