0 0.25 0.375 0.5 0.75
0 0.77578125 0.71171875 0.071875 0.05546875
0 0.67421875 0.50390625 0.04296875 0.05078125
0 0.77421875 0.25390625 0.06953125 0.134375
0 0.65078125 0.39609375 0.0484375 0.053125
0 0.5640625 0.2609375 0.0625 0.0796875
0 0.9609375 0.09140625 0.078125 0.0796875
0 0.9953125 0.55 0.009375 0.053125
0 0.9875 0.38671875 0.025 0.0640625
0 0.778125 0.434375 0.03359375 0.03828125
0 0.8015625 0.6359375 0.04296875 0.05078125
0 0.34296875 0.76328125 0.0765625 0.0265625
0 0.425 0.94375 0.0796875 0.08203125
0 0.35625 0.9484375 0.06953125 0.06953125
0 0.78203125 0.940625 0.0984375 0.103125
0 0.909375 0.95625 0.0671875 0.071875
0 0.66015625 0.978125 0.1078125 0.04375
0 0.65859375 0.93359375 0.06015625 0.06484375
0 0.5984375 0.79375 0.06953125 0.071875