0 0.17265625 0.2796875 0.3453125 0.559375
0 0.30234375 0.41484375 0.1515625 0.1515625
0 0.40078125 0.4640625 0.0890625 0.08671875
0 0.43125 0.16484375 0.22578125 0.2328125
0 0.20234375 0.134375 0.13203125 0.134375
0 0.25546875 0.21640625 0.12734375 0.12734375
0 0.2265625 0.3734375 0.071875 0.06953125
0 0.23984375 0.50234375 0.1078125 0.1078125
0 0.18046875 0.509375 0.0984375 0.1
0 0.50234375 0.5359375 0.0953125 0.046875
0 0.51328125 0.51171875 0.0734375 0.0953125
0 0.48828125 0.4453125 0.1234375 0.125
0 0.73046875 0.01953125 0.0796875 0.0390625
0 0.57890625 0.03984375 0.0578125 0.0734375
0 0.6390625 0.23359375 0.053125 0.0671875
0 0.7578125 0.20234375 0.103125 0.10078125
0 0.8484375 0.14921875 0.09609375 0.103125
0 0.86875 0.32734375 0.115625 0.12734375
0 0.70859375 0.328125 0.09140625 0.09140625
0 0.5546875 0.5265625 0.009375 0.040625
0 0.74609375 0.41875 0.06484375 0.0765625
0 0.8 0.42890625 0.06953125 0.0796875
0 0.825 0.5125 0.09375 0.0890625
0 0.9828125 0.48046875 0.034375 0.0453125
0 0.678125 0.54140625 0.0375 0.0359375
0 0.71640625 0.5375 0.0390625 0.04375
0 0.5359375 0.834375 0.028125 0.11875
0 0.046875 0.93515625 0.09375 0.1296875
0 0.19765625 0.8703125 0.08203125 0.084375
0 0.79453125 0.596875 0.1015625 0.075
0 0.58125 0.64609375 0.0625 0.0921875
0 0.63359375 0.84765625 0.09140625 0.07421875
0 0.6703125 0.9390625 0.115625 0.10546875
0 0.81328125 0.88359375 0.08671875 0.0671875
0 0.78359375 0.98046875 0.0984375 0.0390625
0 0.94375 0.90390625 0.0671875 0.06015625
0 0.9859375 0.79921875 0.028125 0.0484375