0 0.265625 0.3359375 0.1296875 0.14453125
0 0.3875 0.3015625 0.071875 0.08671875
0 0.446875 0.190625 0.0796875 0.09609375
0 0.55859375 0.365625 0.1203125 0.121875
0 0.5828125 0.23046875 0.06484375 0.0765625
0 0.19921875 0.090625 0.3984375 0.18125
0 0.02734375 0.21484375 0.0546875 0.1078125
0 0.06015625 0.4046875 0.0734375 0.090625
0 0.36640625 0.0390625 0.040625 0.05546875
0 0.03828125 0.140625 0.0578125 0.04296875
0 0.10390625 0.2484375 0.07421875 0.0765625
0 0.1546875 0.21953125 0.0671875 0.071875
0 0.43515625 0.0296875 0.0703125 0.059375
0 0.32109375 0.415625 0.1109375 0.06875
0 0.6578125 0.03125 0.078125 0.0625
0 0.9296875 0.16171875 0.13671875 0.134375
0 0.80078125 0.22890625 0.08671875 0.0890625
0 0.7375 0.3734375 0.1109375 0.1109375
0 0.6734375 0.16015625 0.09375 0.10078125
0 0.896875 0.3734375 0.0796875 0.0765625
0 0.18984375 0.5921875 0.071875 0.0796875
0 0.43515625 0.5609375 0.0796875 0.0671875
0 0.809375 0.725 0.38125 0.55