0 0.35703125 0.91484375 0.125 0.1296875
0 0.1828125 0.78984375 0.0890625 0.09140625
0 0.10234375 0.7484375 0.0765625 0.084375
0 0.234375 0.6984375 0.0796875 0.0796875
0 0.303125 0.75859375 0.06484375 0.06484375
0 0.39296875 0.81484375 0.06015625 0.0578125
0 0.4671875 0.83046875 0.0765625 0.0765625
0 0.4421875 0.69140625 0.06953125 0.06953125
0 0.3421875 0.5359375 0.0671875 0.06484375
0 0.8015625 0.453125 0.26953125 0.26953125
0 0.88828125 0.2703125 0.2234375 0.240625
0 0.67890625 0.12890625 0.23828125 0.22578125
0 0.4046875 0.08984375 0.196875 0.1796875
0 0.2890625 0.01171875 0.103125 0.0234375
0 0.05859375 0.33828125 0.1171875 0.1703125
0 0.5671875 0.578125 0.0796875 0.07421875
0 0.6140625 0.5328125 0.08671875 0.09375
0 0.71484375 0.7875 0.11796875 0.115625
0 0.85 0.71484375 0.09375 0.08671875
0 0.91328125 0.69453125 0.06953125 0.0671875
0 0.4859375 0.9953125 0.07421875 0.009375
0 0.46484375 0.1890625 0.0984375 0.09375