0 0.5953125 0.928125 0.084375 0.10078125
0 0.38125 0.91328125 0.0625 0.06953125
0 0.290625 0.91953125 0.0484375 0.06953125
0 0.1140625 0.9234375 0.040625 0.0453125
0 0.37734375 0.80859375 0.0578125 0.0578125
0 0.4671875 0.8234375 0.0484375 0.0484375
0 0.5734375 0.8234375 0.0484375 0.03828125
0 0.6453125 0.79921875 0.0578125 0.05546875
0 0.5515625 0.69375 0.05078125 0.053125
0 0.384375 0.61328125 0.053125 0.04296875
0 0.7328125 0.3015625 0.19453125 0.19453125
0 0.725 0.0921875 0.2015625 0.15859375
0 0.459375 0.08984375 0.1875 0.14921875
0 0.19609375 0.1859375 0.125 0.1703125
0 0.0421875 0.1578125 0.0625 0.09375
0 0.0328125 0.040625 0.06015625 0.0796875
0 0.0328125 0.59765625 0.053125 0.1703125
0 0.5984375 0.53125 0.0625 0.05078125
0 0.6140625 0.46875 0.05546875 0.0765625
0 0.834375 0.63125 0.0890625 0.0796875
0 0.9109375 0.5 0.07421875 0.0578125
0 0.9546875 0.44921875 0.053125 0.0484375
0 0.9578125 0.1265625 0.0625 0.09140625
0 0.821875 0.96640625 0.053125 0.05078125
0 0.76328125 0.95546875 0.0578125 0.05078125
0 0.9375 0.96015625 0.06484375 0.0796875
0 0.3078125 0.25390625 0.0765625 0.0625