0 0.2 0.21875 0.19453125 0.19453125
0 0.19140625 0.04375 0.2015625 0.0875
0 0.065625 0.4484375 0.0625 0.05078125
0 0.08125 0.3859375 0.05546875 0.0765625
0 0.30078125 0.54375 0.0890625 0.071875
0 0.378125 0.4171875 0.07421875 0.0578125
0 0.4171875 0.36640625 0.04375 0.0484375
0 0.41640625 0.04453125 0.0453125 0.0890625
0 0.45234375 0.3703125 0.0265625 0.090625
0 0.6609375 0.18671875 0.103125 0.125
0 0.84140625 0.1546875 0.040625 0.05546875
0 0.79453125 0.13046875 0.053125 0.06484375
0 0.48046875 0.5640625 0.0578125 0.03125
0 0.48046875 0.0515625 0.0359375 0.03359375
0 0.48671875 0.1109375 0.05546875 0.040625
0 0.26640625 0.98828125 0.0640625 0.0234375
0 0.3859375 0.76796875 0.10625 0.1640625
0 0.15625 0.75859375 0.040625 0.02890625
0 0.19140625 0.7453125 0.05078125 0.040625
0 0.2078125 0.7015625 0.053125 0.040625
0 0.1453125 0.6484375 0.0578125 0.040625
0 0.3671875 0.59296875 0.04375 0.0265625
0 0.18046875 0.98984375 0.0453125 0.0203125
0 0.48671875 0.9140625 0.0953125 0.103125
0 0.58515625 0.71328125 0.05078125 0.05546875
0 0.46640625 0.63125 0.0546875 0.103125
0 0.8546875 0.63515625 0.05546875 0.053125