0 0.1546875 0.06953125 0.309375 0.1390625
0 0.0328125 0.40625 0.065625 0.10625
0 0.14453125 0.425 0.0671875 0.06875
0 0.3671875 0.42578125 0.159375 0.0671875
0 0.41875 0.16953125 0.0625 0.1171875
0 0.13984375 0.28203125 0.06015625 0.0484375
0 0.01015625 0.284375 0.0203125 0.06875
0 0.21875 0.2890625 0.08671875 0.11328125
0 0.64453125 0.03984375 0.1828125 0.0796875
0 0.9515625 0.053125 0.096875 0.10625
0 0.92265625 0.4140625 0.053125 0.0578125
0 0.80703125 0.30546875 0.10546875 0.06953125
0 0.65703125 0.27421875 0.0671875 0.0625
0 0.54765625 0.0828125 0.0796875 0.084375
0 0.93203125 0.28125 0.06484375 0.053125
0 0.09453125 0.80234375 0.0578125 0.06484375
0 0.05234375 0.75078125 0.1046875 0.1203125
0 0.04453125 0.58671875 0.0578125 0.06484375
0 0.0203125 0.54453125 0.040625 0.0796875
0 0.434375 0.60078125 0.03125 0.1203125
0 0.31796875 0.64609375 0.053125 0.06015625
0 0.09609375 0.64921875 0.05078125 0.053125
0 0.0359375 0.984375 0.0375 0.03125
0 0.12265625 0.9390625 0.04296875 0.04296875
0 0.940625 0.95390625 0.071875 0.06953125
0 0.9 0.88359375 0.11328125 0.115625
0 0.8125 0.7890625 0.071875 0.0625
0 0.7578125 0.85234375 0.11796875 0.1296875
0 0.6171875 0.94609375 0.06953125 0.06015625
0 0.56796875 0.9046875 0.05546875 0.05078125
0 0.8140625 0.4765625 0.18125 0.034375
0 0.490625 0.57734375 0.08125 0.2359375
0 0.7265625 0.71796875 0.0671875 0.0625