0 0.4703125 0.6828125 0.57421875 0.553125
0 0.61875 0.26328125 0.0890625 0.08671875
0 0.94296875 0.66015625 0.1140625 0.1140625
0 0.5171875 0.10703125 0.15859375 0.15625
0 0.8734375 0.1109375 0.08203125 0.08203125
0 0.89765625 0.1765625 0.06484375 0.0671875
0 0.93359375 0.2171875 0.0671875 0.06484375
0 0.35703125 0.1046875 0.06484375 0.0796875
0 0.66484375 0.0484375 0.0578125 0.06015625
0 0.73203125 0.1078125 0.0671875 0.06484375
0 0.13359375 0.0671875 0.15390625 0.134375
0 0.03984375 0.06484375 0.06484375 0.09140625
0 0.05546875 0.3578125 0.0984375 0.115625
0 0.3578125 0.25390625 0.0578125 0.0453125
0 0.50703125 0.25390625 0.0625 0.0671875
0 0.04453125 0.80625 0.0796875 0.1609375
0 0.23671875 0.83671875 0.08203125 0.09140625
0 0.27890625 0.24375 0.08203125 0.1109375