0 0.1515625 0.21484375 0.303125 0.4296875
0 0.46640625 0.20859375 0.0671875 0.1140625
0 0.93359375 0.4109375 0.0796875 0.0375
0 0.81640625 0.34765625 0.08203125 0.0796875
0 0.68671875 0.38125 0.0625 0.0765625
0 0.6796875 0.16640625 0.1296875 0.14921875
0 0.5828125 0.21328125 0.08671875 0.06484375
0 0.5078125 0.0953125 0.015625 0.0625
0 0.34140625 0.9703125 0.1203125 0.059375
0 0.47265625 0.946875 0.0546875 0.08125
0 0.0265625 0.759375 0.053125 0.053125
0 0.6234375 0.471875 0.09375 0.084375
0 0.640625 0.80625 0.08203125 0.084375
0 0.66640625 0.71015625 0.0796875 0.08203125
0 0.73515625 0.61484375 0.1515625 0.1515625
0 0.8671875 0.5671875 0.1109375 0.1109375
0 0.88515625 0.5015625 0.06015625 0.0625
0 0.8484375 0.47578125 0.0671875 0.0671875
0 0.8484375 0.4453125 0.103125 0.03125
0 0.74453125 0.94296875 0.09375 0.09375
0 0.809375 0.9 0.1109375 0.11328125