0 0.3125 0.15390625 0.09375 0.1234375
0 0.27578125 0.33515625 0.134375 0.14453125
0 0.1296875 0.64375 0.15625 0.13125
0 0.03671875 0.68203125 0.0734375 0.0546875
0 0.0328125 0.15 0.065625 0.23125
0 0.109375 0.20546875 0.1296875 0.1421875
0 0.13984375 0.30859375 0.09609375 0.09609375
0 0.17578125 0.37734375 0.084375 0.084375
0 0.084375 0.34453125 0.103125 0.10078125
0 0.13515625 0.42734375 0.115625 0.11328125
0 0.284375 0.51875 0.0890625 0.0765625
0 0.3453125 0.40390625 0.028125 0.0765625
0 0.346875 0.54765625 0.025 0.0578125
0 0.3984375 0.48828125 0.078125 0.0703125
0 0.54140625 0.44140625 0.10078125 0.08203125
0 0.55 0.359375 0.10078125 0.0984375
0 0.78671875 0.44453125 0.13671875 0.14921875
0 0.88984375 0.234375 0.0890625 0.08203125
0 0.871875 0.18046875 0.07421875 0.08203125
0 0.56484375 0.05234375 0.2140625 0.1046875
0 0.4421875 0.0234375 0.071875 0.046875
0 0.39375 0.1203125 0.06484375 0.0796875
0 0.3703125 0.24765625 0.021875 0.0578125
0 0.47421875 0.6578125 0.07421875 0.0765625
0 0.58359375 0.64921875 0.1078125 0.1203125
0 0.38203125 0.68046875 0.0453125 0.0453125
0 0.99296875 0.3625 0.0140625 0.059375
0 0.628125 0.21640625 0.125 0.115625
0 0.334375 0.80625 0.05 0.096875
0 0.0421875 0.76015625 0.084375 0.1015625
0 0.53828125 0.7796875 0.06953125 0.0890625
0 0.559375 0.90078125 0.0765625 0.08671875
0 0.70625 0.8765625 0.0765625 0.09375
0 0.81953125 0.85546875 0.1109375 0.1203125