0 0.22109375 0.58203125 0.1203125 0.0734375
0 0.0328125 0.53515625 0.065625 0.1671875
0 0.303125 0.21171875 0.13671875 0.178125
0 0.41953125 0.121875 0.1203125 0.13671875
0 0.6 0.0875 0.078125 0.1625
0 0.36953125 0.59375 0.0859375 0.05
0 0.31640625 0.54765625 0.0765625 0.08203125
0 0.42109375 0.56328125 0.09375 0.09609375
0 0.35 0.4828125 0.10546875 0.1078125
0 0.55703125 0.5640625 0.084375 0.0890625
0 0.54375 0.45625 0.09609375 0.09609375
0 0.51484375 0.2515625 0.07421875 0.0796875
0 0.1734375 0.4140625 0.084375 0.071875
0 0.10390625 0.56171875 0.07421875 0.07421875
0 0.08125 0.40078125 0.0578125 0.05546875
0 0.21328125 0.040625 0.0890625 0.08125
0 0.31640625 0.04609375 0.0578125 0.0796875
0 0.36796875 0.03515625 0.0765625 0.0703125
0 0.115625 0.07734375 0.0671875 0.0671875
0 0.0484375 0.334375 0.053125 0.053125
0 0.6859375 0.10859375 0.0890625 0.0890625
0 0.8015625 0.15078125 0.1078125 0.134375
0 0.9109375 0.16015625 0.0671875 0.07421875
0 0.66328125 0.52890625 0.0484375 0.1578125
0 0.91640625 0.28046875 0.07421875 0.071875
0 0.91875 0.33671875 0.0578125 0.0484375
0 0.94453125 0.4671875 0.1109375 0.259375
0 0.925 0.59921875 0.103125 0.0390625
0 0.69921875 0.18828125 0.071875 0.06484375
0 0.95859375 0.084375 0.071875 0.07421875
0 0.93671875 0.0109375 0.0640625 0.021875
0 0.72109375 0.60234375 0.0671875 0.0328125
0 0.04140625 0.82734375 0.0765625 0.08671875
0 0.078125 0.725 0.0796875 0.06953125
0 0.24921875 0.790625 0.15859375 0.1921875
0 0.9484375 0.8453125 0.103125 0.309375
0 0.6734375 0.94609375 0.06015625 0.05546875
0 0.80703125 0.92578125 0.11796875 0.11796875