0 0.29296875 0.5984375 0.0578125 0.021875
0 0.4421875 0.4890625 0.04296875 0.0453125
0 0.46484375 0.3859375 0.0578125 0.04296875
0 0.4796875 0.30546875 0.059375 0.0796875
0 0.378125 0.41328125 0.040625 0.0578125
0 0.14140625 0.290625 0.08671875 0.084375
0 0.11171875 0.5 0.053125 0.0578125
0 0.5015625 0.01875 0.015625 0.0375
0 0.05859375 0.16484375 0.0578125 0.053125
0 0.290625 0.44453125 0.071875 0.06484375
0 0.84453125 0.21171875 0.12734375 0.12734375
0 0.8796875 0.225 0.053125 0.0578125
0 0.74375 0.1640625 0.06484375 0.06484375
0 0.765625 0.10234375 0.07421875 0.07421875
0 0.86015625 0.0484375 0.0796875 0.0796875
0 0.74375 0.0234375 0.06875 0.046875
0 0.88671875 0.01171875 0.0484375 0.0234375
0 0.62109375 0.11328125 0.08203125 0.084375
0 0.6765625 0.175 0.06953125 0.0671875
0 0.54921875 0.17265625 0.07421875 0.07421875
0 0.66796875 0.33828125 0.11796875 0.1203125
0 0.546875 0.3546875 0.0625 0.06953125
0 0.82734375 0.58671875 0.0859375 0.0453125
0 0.8375 0.54609375 0.071875 0.06953125
0 0.83828125 0.5109375 0.06484375 0.06015625
0 0.790625 0.41640625 0.09375 0.09609375
0 0.8375 0.440625 0.0890625 0.09140625
0 0.81953125 0.36328125 0.06953125 0.071875
0 0.809375 0.97265625 0.159375 0.0546875
0 0.653125 0.92265625 0.0484375 0.04296875
0 0.80703125 0.63359375 0.0671875 0.0484375
0 0.63359375 0.65546875 0.1703125 0.0921875
0 0.92265625 0.7546875 0.1546875 0.290625