0 0.29296875 0.053125 0.09140625 0.0625
0 0.44140625 0.01015625 0.0359375 0.0203125
0 0.4515625 0.14453125 0.0484375 0.05078125
0 0.0484375 0.36796875 0.09375 0.09375
0 0.08046875 0.140625 0.05546875 0.06484375
0 0.2515625 0.54453125 0.053125 0.053125
0 0.421875 0.515625 0.05078125 0.06484375
0 0.2609375 0.696875 0.1078125 0.0671875
0 0.125 0.7234375 0.07421875 0.053125
0 0.13828125 0.50703125 0.0625 0.0578125
0 0.88515625 0.03828125 0.0796875 0.0765625
0 0.7390625 0.2375 0.0890625 0.10078125
0 0.81953125 0.16640625 0.071875 0.06953125
0 0.9421875 0.2734375 0.06953125 0.0625
0 0.95234375 0.4609375 0.0953125 0.25
0 0.75390625 0.48984375 0.19453125 0.21640625
0 0.6421875 0.6171875 0.09375 0.10546875
0 0.5609375 0.33984375 0.0625 0.0765625
0 0.88984375 0.75 0.0640625 0.01875
0 0.71328125 0.74375 0.0578125 0.03125
0 0.5421875 0.74140625 0.025 0.0359375
0 0.57265625 0.01640625 0.0546875 0.0328125
0 0.48359375 0.82265625 0.0921875 0.1265625
0 0.14609375 0.77265625 0.0921875 0.0265625
0 0.13203125 0.8859375 0.0890625 0.084375
0 0.5921875 0.96171875 0.09375 0.0765625
0 0.7890625 0.79375 0.0578125 0.06015625
0 0.7828125 0.853125 0.07421875 0.071875
0 0.58359375 0.76953125 0.0734375 0.0203125
0 0.5953125 0.81640625 0.03828125 0.05546875
0 0.92265625 0.96875 0.0765625 0.0625
0 0.7734375 0.9421875 0.0453125 0.05546875