0 0.084375 0.0359375 0.04296875 0.0453125
0 0.06171875 0.1390625 0.0578125 0.04296875
0 0.0375 0.21796875 0.075 0.0796875
0 0.1484375 0.11171875 0.040625 0.0578125
0 0.38515625 0.234375 0.08671875 0.084375
0 0.4140625 0.0265625 0.053125 0.053125
0 0.57265625 0.3953125 0.05078125 0.0484375
0 0.58125 0.53125 0.1 0.05625
0 0.45546875 0.546875 0.0703125 0.025
0 0.01640625 0.51484375 0.0328125 0.0578125
0 0.46796875 0.36015625 0.0578125 0.053125
0 0.2359375 0.08046875 0.071875 0.06484375
0 0.8140625 0.0546875 0.125 0.109375
0 0.73203125 0.071875 0.0578125 0.06484375
0 0.640625 0.90625 0.078125 0.146875
0 0.65703125 0.7875 0.0453125 0.059375
0 0.5375 0.97578125 0.084375 0.0484375
0 0.475 0.95 0.1125 0.1
0 0.375 0.95546875 0.115625 0.0890625
0 0.3171875 0.88671875 0.06015625 0.05546875
0 0.4734375 0.8421875 0.125 0.11796875
0 0.23203125 0.7640625 0.1109375 0.09140625
0 0.14921875 0.60546875 0.084375 0.09140625
0 0.5796875 0.6234375 0.0578125 0.06015625
0 0.3140625 0.56796875 0.053125 0.0171875
0 0.95859375 0.75625 0.0828125 0.10625