0 0.3375 0.69375 0.084375 0.0578125
0 0.165625 0.81875 0.05078125 0.05078125
0 0.20078125 0.75234375 0.03359375 0.0578125
0 0.19140625 0.609375 0.04296875 0.0453125
0 0.87109375 0.77890625 0.06484375 0.06953125
0 0.71640625 0.72734375 0.0578125 0.05078125
0 0.865625 0.603125 0.04296875 0.0453125
0 0.88828125 0.5 0.0578125 0.04296875
0 0.91484375 0.4203125 0.08203125 0.0796875
0 0.8015625 0.52734375 0.040625 0.0578125
0 0.56484375 0.4046875 0.08671875 0.084375
0 0.53515625 0.6140625 0.053125 0.0578125
0 0.37734375 0.24375 0.05078125 0.0484375
0 0.21875 0.2703125 0.0453125 0.0578125
0 0.05546875 0.19609375 0.0890625 0.08671875
0 0.36796875 0.1046875 0.10078125 0.06015625
0 0.49375 0.08046875 0.06953125 0.0484375
0 0.93984375 0.1234375 0.0453125 0.0578125
0 0.48203125 0.27890625 0.0578125 0.053125
0 0.1140625 0.75859375 0.040625 0.04296875
0 0.7140625 0.55859375 0.071875 0.06484375