0 0.44296875 0.54921875 0.06484375 0.06953125
0 0.28828125 0.49765625 0.0578125 0.05078125
0 0.4375 0.3734375 0.04296875 0.0453125
0 0.46015625 0.2703125 0.0578125 0.04296875
0 0.48671875 0.190625 0.08203125 0.0796875
0 0.3734375 0.29765625 0.040625 0.0578125
0 0.13671875 0.175 0.08671875 0.084375
0 0.10703125 0.384375 0.053125 0.0578125
0 0.05390625 0.04921875 0.0578125 0.053125
0 0.2859375 0.32890625 0.071875 0.06484375
0 0.8671875 0.54140625 0.0765625 0.08203125
0 0.815625 0.45546875 0.071875 0.0765625
0 0.72578125 0.5328125 0.06953125 0.0765625
0 0.65703125 0.63125 0.06953125 0.0890625
0 0.6546875 0.415625 0.171875 0.246875
0 0.68125 0.36171875 0.09140625 0.103125
0 0.71484375 0.246875 0.09375 0.10078125
0 0.61015625 0.265625 0.0625 0.0671875
0 0.64609375 0.14296875 0.071875 0.0796875
0 0.60703125 0.0546875 0.0765625 0.10625
0 0.8734375 0.265625 0.071875 0.0890625
0 0.8265625 0.2078125 0.06015625 0.05546875
0 0.815625 0.17421875 0.0453125 0.0484375
0 0.98203125 0.0859375 0.0359375 0.0625
0 0.1015625 0.8359375 0.0796875 0.0796875
0 0.246875 0.93125 0.0796875 0.0796875
0 0.31640625 0.784375 0.1828125 0.1921875
0 0.0578125 0.7234375 0.115625 0.0875