0 0.3640625 0.1921875 0.084375 0.0578125
0 0.534375 0.06640625 0.05 0.0515625
0 0.50078125 0.13359375 0.03359375 0.0578125
0 0.51015625 0.2765625 0.04296875 0.0453125
0 0.00703125 0.1578125 0.0140625 0.05
0 0.16640625 0.271875 0.053125 0.0578125
0 0.01171875 0.3265625 0.0234375 0.065625
0 0.6453125 0.37734375 0.09375 0.0828125
0 0.83203125 0.38671875 0.1015625 0.0640625
0 0.61484375 0.08125 0.1109375 0.128125
0 0.77734375 0.303125 0.20703125 0.22109375
0 0.69453125 0.225 0.11328125 0.1109375
0 0.65703125 0.2921875 0.1109375 0.115625
0 0.61640625 0.21796875 0.084375 0.084375
0 0.74609375 0.19375 0.084375 0.084375
0 0.9140625 0.20078125 0.07421875 0.07421875
0 0.9671875 0.2671875 0.065625 0.08125
0 0.58203125 0.38203125 0.0453125 0.0734375
0 0.98515625 0.3984375 0.0296875 0.040625
0 0.96875 0.0203125 0.0625 0.040625
0 0.74609375 0.0140625 0.0734375 0.028125
0 0.228125 0.77109375 0.125 0.13671875
0 0.15078125 0.5578125 0.3015625 0.278125
0 0.06328125 0.865625 0.0890625 0.115625
0 0.05859375 0.94765625 0.10546875 0.10078125
0 0.01015625 0.95859375 0.0203125 0.0484375
0 0.40078125 0.78671875 0.09140625 0.10078125
0 0.4734375 0.740625 0.07421875 0.09140625
0 0.3375 0.66796875 0.05078125 0.0484375
0 0.45859375 0.61953125 0.0625 0.0796875
0 0.3203125 0.471875 0.0484375 0.04296875
0 0.29609375 0.90234375 0.06015625 0.0578125
0 0.19921875 0.98359375 0.0765625 0.0328125
0 0.5703125 0.49609375 0.021875 0.1015625
0 0.74921875 0.89296875 0.18984375 0.1921875
0 0.9671875 0.559375 0.065625 0.075
0 0.79921875 0.60703125 0.10546875 0.10078125
0 0.66015625 0.58671875 0.08671875 0.08671875
0 0.74375 0.44453125 0.103125 0.0515625
0 0.89453125 0.42734375 0.0796875 0.0171875