0 0.73046875 0.62734375 0.1390625 0.13671875
0 0.85 0.671875 0.084375 0.0796875
0 0.9578125 0.6265625 0.06015625 0.071875
0 0.95625 0.3734375 0.0875 0.103125
0 0.8765625 0.3125 0.06484375 0.0578125
0 0.821875 0.1875 0.08203125 0.1109375
0 0.77265625 0.18984375 0.0484375 0.05078125
0 0.6703125 0.3609375 0.09375 0.09375
0 0.703125 0.4546875 0.06484375 0.0578125
0 0.6078125 0.48046875 0.053125 0.06484375
0 0.52265625 0.37109375 0.0625 0.0625
0 0.4421875 0.44140625 0.08671875 0.1109375
0 0.3703125 0.290625 0.06484375 0.06484375
0 0.27421875 0.49375 0.07421875 0.08671875
0 0.39921875 0.7234375 0.08671875 0.0890625
0 0.4734375 0.75859375 0.08203125 0.0671875
0 0.6984375 0.11875 0.13203125 0.1203125
0 0.43046875 0.07578125 0.21171875 0.1515625