0 0.16328125 0.315625 0.1453125 0.046875
0 0.2984375 0.02109375 0.0625 0.0421875
0 0.07734375 0.07890625 0.09609375 0.09609375
0 0.1203125 0.17734375 0.0671875 0.0578125
0 0.021875 0.2125 0.04375 0.065625
0 0.8890625 0.2578125 0.14921875 0.14921875
0 0.1671875 0.4125 0.06015625 0.05546875
0 0.06015625 0.85 0.0890625 0.0890625
0 0.27421875 0.90703125 0.0484375 0.0484375
0 0.125 0.65703125 0.05078125 0.0484375
0 0.17421875 0.68359375 0.040625 0.0453125
0 0.01484375 0.38046875 0.0296875 0.0421875
0 0.95546875 0.36015625 0.0890625 0.0421875
0 0.965625 0.41328125 0.06875 0.0828125
0 0.9046875 0.409375 0.09375 0.10546875
0 0.85703125 0.42734375 0.0890625 0.09375
0 0.7609375 0.4171875 0.09140625 0.10546875
0 0.5109375 0.42578125 0.0796875 0.06484375
0 0.49765625 0.47421875 0.09375 0.0796875
0 0.5296875 0.50390625 0.0765625 0.06484375
0 0.36875 0.49296875 0.0765625 0.0765625
0 0.36015625 0.58125 0.0609375 0.084375
0 0.35234375 0.63046875 0.0453125 0.0578125
0 0.4953125 0.58125 0.07421875 0.0625
0 0.4875 0.6265625 0.09609375 0.09375
0 0.56484375 0.64609375 0.071875 0.06953125
0 0.81484375 0.6515625 0.196875 0.20703125
0 0.90234375 0.615625 0.07421875 0.07421875
0 0.95078125 0.6796875 0.0984375 0.165625
0 0.93359375 0.7625 0.0796875 0.0890625
0 0.93125 0.83828125 0.06953125 0.0671875
0 0.92109375 0.90859375 0.1578125 0.1828125
0 0.80625 0.953125 0.1875 0.09375
0 0.78203125 0.82890625 0.0796875 0.0890625
0 0.4953125 0.8421875 0.15390625 0.15625
0 0.58046875 0.88125 0.09375 0.09140625
0 0.54453125 0.7609375 0.0625 0.0578125
0 0.603125 0.7609375 0.06015625 0.0625
0 0.65703125 0.51484375 0.053125 0.053125
0 0.7265625 0.71796875 0.06953125 0.06484375
0 0.75234375 0.52421875 0.06484375 0.0671875