0 0.7546875 0.4328125 0.1828125 0.1828125
0 0.87109375 0.38125 0.1078125 0.10546875
0 0.9171875 0.27421875 0.08671875 0.0890625
0 0.74609375 0.0875 0.134375 0.134375
0 0.6421875 0.1046875 0.08203125 0.08203125
0 0.515625 0.0578125 0.125 0.115625
0 0.48203125 0.08671875 0.06484375 0.06484375
0 0.5265625 0.28125 0.125 0.125
0 0.615625 0.32578125 0.08203125 0.08203125
0 0.56484375 0.4109375 0.0765625 0.0765625
0 0.428125 0.3921875 0.08203125 0.08203125
0 0.4171875 0.49765625 0.1296875 0.13203125
0 0.26171875 0.4390625 0.08671875 0.08671875
0 0.33203125 0.6515625 0.10546875 0.1078125
0 0.58203125 0.73046875 0.115625 0.11796875
0 0.66015625 0.7046875 0.10078125 0.0984375
0 0.37890625 0.0875 0.16796875 0.16796875
0 0.15234375 0.2390625 0.24765625 0.240625