0 0.0890625 0.04296875 0.1375 0.0859375
0 0.2375 0.09375 0.09140625 0.09140625
0 0.35546875 0.07578125 0.1390625 0.146875
0 0.3359375 0.259375 0.09375 0.09375
0 0.1609375 0.3296875 0.2625 0.059375
0 0.9359375 0.26015625 0.06953125 0.0578125
0 0.90390625 0.0328125 0.0859375 0.065625
0 0.34140625 0.84453125 0.2953125 0.3109375
0 0.2109375 0.90546875 0.08671875 0.10546875
0 0.15390625 0.8140625 0.0984375 0.1203125
0 0.05859375 0.515625 0.10078125 0.1109375
0 0.3671875 0.45625 0.06015625 0.0671875
0 0.47421875 0.528125 0.0296875 0.053125
0 0.37734375 0.6640625 0.05078125 0.05546875
0 0.4203125 0.61953125 0.0484375 0.053125
0 0.5515625 0.9265625 0.125 0.146875
0 0.5140625 0.771875 0.05 0.103125
0 0.87578125 0.5796875 0.09140625 0.084375
0 0.93828125 0.771875 0.09375 0.09140625
0 0.80625 0.7984375 0.103125 0.10078125
0 0.74140625 0.8546875 0.0671875 0.0671875
0 0.56953125 0.53046875 0.0796875 0.0796875