0 0.36484375 0.1296875 0.1109375 0.1109375
0 0.37421875 0.03203125 0.0734375 0.0640625
0 0.27421875 0.03046875 0.0640625 0.0609375
0 0.21875 0.153125 0.07421875 0.07421875
0 0.1234375 0.10546875 0.1078125 0.125
0 0.08984375 0.26875 0.0765625 0.0765625
0 0.4109375 0.33125 0.078125 0.096875
0 0.64375 0.1828125 0.06484375 0.0796875
0 0.70390625 0.16484375 0.053125 0.06484375
0 0.675 0.2859375 0.0671875 0.0890625
0 0.84921875 0.2921875 0.1703125 0.16328125
0 0.54375 0.23203125 0.1875 0.2953125
0 0.9828125 0.225 0.034375 0.14375
0 0.871875 0.1609375 0.08203125 0.07421875
0 0.9734375 0.11796875 0.053125 0.0859375
0 0.75078125 0.1234375 0.0796875 0.06953125
0 0.0609375 0.67109375 0.121875 0.2234375
0 0.125 0.41875 0.07421875 0.0765625
0 0.31328125 0.38828125 0.0546875 0.0171875
0 0.36328125 0.40703125 0.0453125 0.0546875
0 0.4015625 0.67265625 0.096875 0.1171875
0 0.24140625 0.60390625 0.09375 0.125
0 0.0453125 0.8671875 0.090625 0.146875
0 0.3859375 0.85390625 0.05078125 0.05546875
0 0.4375 0.94296875 0.025 0.0828125
0 0.2515625 0.959375 0.06953125 0.0765625
0 0.8203125 0.40390625 0.103125 0.0484375
0 0.76953125 0.68203125 0.08671875 0.08671875
0 0.60234375 0.76953125 0.12734375 0.1296875
0 0.52734375 0.42265625 0.1078125 0.0859375
0 0.975 0.96015625 0.05 0.0796875
0 0.74921875 0.51171875 0.10078125 0.09375
0 0.825 0.77734375 0.1109375 0.10546875
0 0.72421875 0.8921875 0.06015625 0.06015625