0 0.39921875 0.084375 0.0203125 0.0625
0 0.11953125 0.24921875 0.1296875 0.125
0 0.3828125 0.50078125 0.053125 0.1078125
0 0.52578125 0.54765625 0.1578125 0.0828125
0 0.5796875 0.49765625 0.1734375 0.15390625
0 0.6671875 0.5703125 0.125 0.0375
0 0.759375 0.50859375 0.165625 0.1609375
0 0.865625 0.4984375 0.190625 0.18125
0 0.94453125 0.52421875 0.1109375 0.1296875
0 0.9734375 0.39609375 0.053125 0.1015625
0 0.80625 0.41328125 0.10078125 0.09609375
0 0.478125 0.4265625 0.1109375 0.1078125
0 0.42578125 0.3296875 0.0328125 0.115625
0 0.45078125 0.33515625 0.0828125 0.0984375
0 0.41953125 0.25859375 0.0203125 0.0859375
0 0.46171875 0.25859375 0.09375 0.09140625
0 0.51328125 0.17578125 0.05546875 0.06015625
0 0.56015625 0.19453125 0.0765625 0.0796875
0 0.58671875 0.14921875 0.06953125 0.0671875
0 0.98359375 0.090625 0.0328125 0.128125
0 0.86171875 0.3125 0.20703125 0.22109375
0 0.94375 0.23359375 0.1125 0.1109375
0 0.96328125 0.3015625 0.0734375 0.115625
0 0.98984375 0.2265625 0.0203125 0.084375
0 0.89296875 0.203125 0.084375 0.084375
0 0.725 0.21015625 0.07421875 0.07421875
0 0.66484375 0.27734375 0.0796875 0.08203125
0 0.5875 0.31640625 0.06484375 0.0625
0 0.6421875 0.4171875 0.053125 0.0578125
0 0.41953125 0.05546875 0.0203125 0.0890625
0 0.66484375 0.025 0.0703125 0.05
0 0.89140625 0.01875 0.0734375 0.0375
0 0.165625 0.79453125 0.33125 0.4109375
0 0.35078125 0.75546875 0.1171875 0.1359375
0 0.165625 0.98359375 0.090625 0.0328125
0 0.34296875 0.928125 0.0984375 0.0890625
0 0.38125 0.86484375 0.05625 0.0703125
0 0.88203125 0.7703125 0.0796875 0.0984375
0 0.51640625 0.78359375 0.1078125 0.0890625
0 0.75703125 0.6921875 0.0578125 0.0625
0 0.9109375 0.98515625 0.103125 0.0296875