0 0.765625 0.0234375 0.028125 0.046875
0 0.3859375 0.11171875 0.22109375 0.22109375
0 0.48828125 0.27265625 0.1390625 0.134375
0 0.04765625 0.8015625 0.053125 0.06484375
0 0.4125 0.76640625 0.0578125 0.06015625
0 0.30625 0.7828125 0.05546875 0.06015625
0 0.25703125 0.8203125 0.05078125 0.0484375
0 0.2625 0.9640625 0.090625 0.071875
0 0.571875 0.9671875 0.05546875 0.0625
0 0.52421875 0.975 0.0671875 0.05
0 0.28828125 0.64609375 0.03359375 0.05078125
0 0.3421875 0.5453125 0.040625 0.0484375
0 0.65703125 0.53046875 0.06015625 0.0578125
0 0.7546875 0.74765625 0.05 0.0609375
0 0.51796875 0.73515625 0.05078125 0.0578125
0 0.6046875 0.78203125 0.0453125 0.03828125
0 0.609375 0.815625 0.0453125 0.0453125
0 0.7453125 0.975 0.05625 0.05
0 0.6984375 0.91171875 0.0453125 0.0484375
0 0.3375 0.89609375 0.04296875 0.040625
0 0.1 0.61953125 0.09140625 0.12734375
0 0.53828125 0.64375 0.05546875 0.05546875
0 0.69921875 0.6453125 0.04296875 0.0484375
0 0.8296875 0.97265625 0.09375 0.0546875
0 0.9703125 0.70703125 0.059375 0.1453125
0 0.90390625 0.5140625 0.0359375 0.053125
0 0.8390625 0.66171875 0.05078125 0.0484375