0 0.3375 0.096875 0.08203125 0.0796875
0 0.38359375 0.04453125 0.0984375 0.0890625
0 0.421875 0.29921875 0.05625 0.0984375
0 0.25546875 0.0625 0.0578125 0.0625
0 0.353125 0.20078125 0.0796875 0.06953125
0 0.47578125 0.06484375 0.0515625 0.0578125
0 0.48515625 0.11171875 0.05546875 0.0484375
0 0.5609375 0.2859375 0.0578125 0.06484375
0 0.71875 0.35546875 0.4 0.2671875
0 0.90234375 0.1546875 0.06015625 0.05546875
0 0.8578125 0.07890625 0.0578125 0.06015625
0 0.67890625 0.12734375 0.0671875 0.0796875
0 0.615625 0.140625 0.0484375 0.0578125
0 0.66484375 0.0328125 0.0734375 0.065625
0 0.7609375 0.01875 0.05625 0.0375
0 0.115625 0.7078125 0.23125 0.4375
0 0.23125 0.60546875 0.10546875 0.115625
0 0.2984375 0.8453125 0.09140625 0.08203125
0 0.0640625 0.9171875 0.08203125 0.0796875
0 0.75234375 0.8796875 0.0890625 0.1078125
0 0.81171875 0.93515625 0.0578125 0.0765625
0 0.9765625 0.81484375 0.046875 0.1140625
0 0.53125 0.6484375 0.0765625 0.09140625
0 0.55 0.52578125 0.190625 0.0734375
0 0.64609375 0.50859375 0.0515625 0.0390625
0 0.54609375 0.94453125 0.053125 0.06953125
0 0.57734375 0.8625 0.0796875 0.071875
0 0.8546875 0.640625 0.1703125 0.12265625
0 0.58203125 0.96953125 0.1796875 0.0609375
0 0.7984375 0.7953125 0.240625 0.228125