0 0.7203125 0.3046875 0.1421875 0.134375
0 0.65 0.37421875 0.0453125 0.06015625
0 0.55390625 0.51171875 0.0765625 0.0546875
0 0.63671875 0.1453125 0.0671875 0.06953125
0 0.96484375 0.17890625 0.0703125 0.0578125
0 0.97421875 0.284375 0.0515625 0.06875
0 0.36171875 0.65859375 0.1109375 0.11328125
0 0.4390625 0.65078125 0.08671875 0.0890625
0 0.3234375 0.8625 0.125 0.12734375
0 0.478125 0.80390625 0.04375 0.0796875
0 0.0171875 0.7359375 0.034375 0.090625
0 0.08125 0.72734375 0.1625 0.1796875
0 0.25234375 0.6703125 0.1609375 0.16796875
0 0.65078125 0.56640625 0.0984375 0.0546875
0 0.51875 0.7984375 0.0375 0.0875
0 0.5375 0.90078125 0.075 0.0703125
0 0.70703125 0.8359375 0.15859375 0.1921875