0 0.68828125 0.0265625 0.1078125 0.053125
0 0.64375 0.19609375 0.05 0.1390625
0 0.7640625 0.50234375 0.290625 0.2140625
0 0.86328125 0.484375 0.1078125 0.115625
0 0.859375 0.35234375 0.10078125 0.1078125
0 0.96484375 0.23515625 0.0703125 0.1453125
0 0.91015625 0.12734375 0.0984375 0.10078125
0 0.94765625 0.02734375 0.1046875 0.0546875
0 0.8140625 0.10234375 0.09140625 0.084375
0 0.8328125 0.15390625 0.08671875 0.0796875
0 0.840625 0.21328125 0.07421875 0.0765625
0 0.96640625 0.55390625 0.0671875 0.0953125
0 0.64609375 0.36875 0.0546875 0.16875
0 0.57265625 0.7671875 0.0921875 0.1875
0 0.48671875 0.90078125 0.0671875 0.0671875
0 0.06953125 0.90234375 0.1390625 0.1640625
0 0.03515625 0.76015625 0.0703125 0.0890625
0 0.10625 0.6390625 0.103125 0.059375
0 0.2421875 0.66875 0.07421875 0.06953125
0 0.2453125 0.80546875 0.0625 0.0625
0 0.73203125 0.95078125 0.2265625 0.0984375
0 0.91640625 0.95703125 0.1046875 0.0859375
0 0.9703125 0.97578125 0.059375 0.0390625
0 0.6375 0.91640625 0.0375 0.1203125
0 0.8546875 0.7859375 0.09609375 0.0890625
0 0.95234375 0.6359375 0.0890625 0.053125
0 0.81640625 0.890625 0.08203125 0.08671875