0 0.475 0.484375 0.0984375 0.09609375
0 0.14609375 0.4953125 0.0796875 0.084375
0 0.96171875 0.53203125 0.0578125 0.0140625
0 0.815625 0.315625 0.0984375 0.1078125
0 0.83984375 0.078125 0.09609375 0.125
0 0.9296875 0.12109375 0.140625 0.2078125
0 0.8390625 0.421875 0.0578125 0.05546875
0 0.78359375 0.4234375 0.03359375 0.0625
0 0.15625 0.5609375 0.096875 0.04375
0 0.55078125 0.59609375 0.1390625 0.1140625
0 0.4546875 0.58671875 0.06953125 0.06953125
0 0.5609375 0.8140625 0.18515625 0.15859375
0 0.696875 0.85078125 0.125 0.1734375
0 0.64375 0.95625 0.0890625 0.07421875
0 0.1875 0.94921875 0.103125 0.1015625
0 0.2546875 0.8734375 0.071875 0.0796875
0 0.2515625 0.79140625 0.071875 0.071875
0 0.29609375 0.7140625 0.0671875 0.06484375
0 0.2828125 0.95859375 0.0671875 0.06484375
0 0.4359375 0.81796875 0.05078125 0.05546875
0 0.41171875 0.7578125 0.040625 0.0453125
0 0.80078125 0.6078125 0.0828125 0.071875
0 0.96875 0.96953125 0.0625 0.0609375
0 0.88125 0.88984375 0.05078125 0.05078125
0 0.9625 0.64140625 0.03828125 0.04296875