0 0.646875 0.7875 0.0578125 0.06015625
0 0.8125 0.75625 0.0484375 0.0453125
0 0.5640625 0.57578125 0.0625 0.0578125
0 0.59140625 0.81953125 0.03828125 0.04296875
0 0.428125 0.81875 0.06953125 0.0625
0 0.43984375 0.7453125 0.15859375 0.125
0 0.4125 0.64921875 0.1203125 0.0984375
0 0.25625 0.6 0.09375 0.09140625
0 0.4203125 0.553125 0.05546875 0.05546875
0 0.3921875 0.5359375 0.05078125 0.05546875
0 0.47109375 0.4109375 0.0578125 0.06484375
0 0.88671875 0.4015625 0.0796875 0.0796875
0 0.8734375 0.1765625 0.06484375 0.0796875
0 0.80625 0.17578125 0.0578125 0.05078125
0 0.6984375 0.05625 0.125 0.10078125
0 0.63359375 0.10703125 0.05078125 0.06484375
0 0.61171875 0.22109375 0.071875 0.0796875
0 0.6078125 0.3125 0.03359375 0.05078125
0 0.64765625 0.48828125 0.06015625 0.0671875
0 0.5984375 0.46015625 0.0578125 0.0453125
0 0.8328125 0.85703125 0.07421875 0.06953125
0 0.884375 0.9046875 0.06484375 0.0796875
0 0.125 0.9578125 0.05078125 0.05546875
0 0.1078125 0.86171875 0.040625 0.040625
0 0.06640625 0.72734375 0.0359375 0.040625
0 0.040625 0.57109375 0.0484375 0.0625
0 0.09609375 0.5796875 0.0578125 0.0578125
0 0.24140625 0.4375 0.053125 0.0484375
0 0.37109375 0.46015625 0.053125 0.053125
0 0.4125 0.24375 0.0890625 0.08671875
0 0.3484375 0.303125 0.02890625 0.040625
0 0.3125 0.37734375 0.125 0.13671875
0 0.24765625 0.33203125 0.08203125 0.103125