0 0.32421875 0.2296875 0.0796875 0.0796875
0 0.13125 0.29296875 0.06484375 0.06015625
0 0.45703125 0.45703125 0.084375 0.07421875
0 0.3859375 0.1828125 0.053125 0.05546875
0 0.58203125 0.1578125 0.09375 0.084375
0 0.578125 0.24296875 0.209375 0.1703125
0 0.62734375 0.3484375 0.15859375 0.13203125
0 0.821875 0.37890625 0.12734375 0.1203125
0 0.63203125 0.459375 0.07421875 0.071875
0 0.66796875 0.475 0.0671875 0.06953125
0 0.59375 0.6296875 0.0765625 0.084375
0 0.0984375 0.71015625 0.10546875 0.10546875
0 0.1484375 0.95625 0.090625 0.0875
0 0.23046875 0.9546875 0.07421875 0.0671875
0 0.44609375 0.98203125 0.06484375 0.0359375
0 0.45546875 0.86875 0.0984375 0.10078125
0 0.44453125 0.765625 0.05078125 0.0625
0 0.3703125 0.57109375 0.084375 0.08671875
0 0.43359375 0.5953125 0.0765625 0.0625
0 0.09140625 0.18046875 0.0984375 0.09140625
0 0.03359375 0.13359375 0.0671875 0.103125
0 0.9390625 0.0578125 0.0171875 0.0484375
0 0.9859375 0.3796875 0.0140625 0.0671875
0 0.865625 0.5625 0.06953125 0.0625
0 0.70546875 0.55625 0.06953125 0.0671875
0 0.69140625 0.8109375 0.1203125 0.11328125
0 0.75703125 0.7328125 0.040625 0.053125
0 0.78984375 0.6421875 0.1703125 0.178125
0 0.8734375 0.68359375 0.115625 0.1296875