0 0.48203125 0.01953125 0.0578125 0.0390625
0 0.4 0.22109375 0.0625 0.0578125
0 0.275 0.05703125 0.159375 0.1140625
0 0.2484375 0.14765625 0.1203125 0.0984375
0 0.0921875 0.196875 0.09375 0.09140625
0 0.25625 0.24375 0.05546875 0.05546875
0 0.228125 0.2609375 0.05078125 0.05546875
0 0.30703125 0.38125 0.0578125 0.05625
0 0.48359375 0.30859375 0.06015625 0.0671875
0 0.434375 0.33671875 0.0578125 0.0453125
0 0.07734375 0.359375 0.053125 0.0484375
0 0.20703125 0.33671875 0.053125 0.053125
0 0.1484375 0.3796875 0.125 0.059375
0 0.81796875 0.02421875 0.0796875 0.0484375
0 0.80703125 0.1203125 0.10078125 0.115625
0 0.66171875 0.13359375 0.134375 0.15390625
0 0.63515625 0.2453125 0.0984375 0.115625
0 0.634375 0.37578125 0.09375 0.0671875
0 0.96875 0.1359375 0.0625 0.084375
0 0.275 0.7046875 0.55 0.590625
0 0.90625 0.47265625 0.10546875 0.10546875
0 0.82734375 0.490625 0.071875 0.07421875
0 0.83203125 0.44609375 0.0828125 0.0734375
0 0.56875 0.5546875 0.0375 0.134375
0 0.76484375 0.72734375 0.146875 0.14453125
0 0.8296875 0.75625 0.1078125 0.115625
0 0.78515625 0.809375 0.11328125 0.1109375
0 0.765625 0.93125 0.0671875 0.06953125
0 0.72109375 0.7046875 0.3421875 0.590625