0 0.36171875 0.115625 0.0796875 0.0796875
0 0.3484375 0.340625 0.06484375 0.0796875
0 0.28125 0.34140625 0.0578125 0.05078125
0 0.1734375 0.4546875 0.125 0.090625
0 0.10859375 0.41015625 0.05078125 0.06484375
0 0.08671875 0.29609375 0.071875 0.0796875
0 0.0828125 0.2046875 0.03359375 0.05078125
0 0.121875 0.03125 0.059375 0.0625
0 0.0734375 0.05703125 0.0578125 0.0453125
0 0.6046875 0.06328125 0.0625 0.071875
0 0.5625 0.07890625 0.0671875 0.06484375
0 0.49140625 0.1203125 0.053125 0.05546875
0 0.4578125 0.03984375 0.015625 0.0453125
0 0.459375 0.309375 0.01875 0.059375
0 0.51640625 0.41953125 0.0625 0.06953125
0 0.634375 0.2296875 0.053125 0.06015625
0 0.4078125 0.55859375 0.084375 0.1171875
0 0.165625 0.59765625 0.10078125 0.09375
0 0.03359375 0.66484375 0.0671875 0.0765625
0 0.61875 0.66953125 0.3375 0.3390625
0 0.83125 0.934375 0.125 0.1078125
0 0.8546875 0.8296875 0.24296875 0.2140625
0 0.9421875 0.61640625 0.115625 0.2328125
0 0.69296875 0.9875 0.0453125 0.025
0 0.58828125 0.865625 0.05078125 0.05546875
0 0.63125 0.91015625 0.0484375 0.053125
0 0.98515625 0.75546875 0.0296875 0.0671875
0 0.98046875 0.82421875 0.0390625 0.0609375