0 0.46484375 0.47734375 0.103125 0.1078125
0 0.83125 0.2890625 0.3375 0.45
0 0.36953125 0.0609375 0.1515625 0.121875
0 0.59375 0.15859375 0.12734375 0.14453125
0 0.525 0.25859375 0.0578125 0.071875
0 0.5171875 0.33984375 0.0671875 0.0671875
0 0.52734375 0.57578125 0.290625 0.2640625
0 0.68359375 0.59609375 0.0765625 0.0765625
0 0.7171875 0.75234375 0.08203125 0.084375
0 0.7140625 0.7953125 0.06953125 0.0625
0 0.21484375 0.6109375 0.146875 0.1515625
0 0.23828125 0.209375 0.071875 0.071875
0 0.24609375 0.3296875 0.07421875 0.084375
0 0.3015625 0.29453125 0.09609375 0.09609375
0 0.36640625 0.48671875 0.0890625 0.0890625
0 0.3734375 0.3953125 0.08203125 0.0796875
0 0.146875 0.0359375 0.05546875 0.0578125
0 0.79453125 0.5015625 0.0765625 0.071875
0 0.55546875 0.734375 0.0625 0.0578125
0 0.4703125 0.7203125 0.04296875 0.0453125
0 0.85078125 0.93046875 0.0578125 0.0625
0 0.6984375 0.978125 0.053125 0.04296875
0 0.59765625 0.971875 0.0609375 0.05625
0 0.48671875 0.98046875 0.0578125 0.03828125
0 0.31015625 0.90859375 0.06953125 0.06953125
0 0.2609375 0.9078125 0.0625 0.0625
0 0.24765625 0.8015625 0.04296875 0.053125
0 0.0109375 0.73046875 0.021875 0.05078125
0 0.115625 0.69375 0.0671875 0.0625
0 0.2390625 0.3953125 0.0578125 0.05546875
0 0.2046875 0.4515625 0.06953125 0.06953125
0 0.259375 0.4890625 0.05078125 0.05078125