0 0.128125 0.3265625 0.0984375 0.103125
0 0.475 0.42421875 0.309375 0.2109375
0 0.175 0.52109375 0.05625 0.0171875
0 0.17265625 0.4671875 0.0671875 0.0671875
0 0.1953125 0.23203125 0.28359375 0.2546875
0 0.353125 0.21953125 0.07421875 0.07421875
0 0.39453125 0.0671875 0.0796875 0.08203125
0 0.39296875 0.02578125 0.0703125 0.0515625
0 0.0359375 0.31171875 0.071875 0.0859375
0 0.0359375 0.40390625 0.071875 0.0765625
0 0.45859375 0.3203125 0.07421875 0.06953125
0 0.23125 0.07421875 0.06015625 0.0578125
0 0.14609375 0.08515625 0.04296875 0.04296875
0 0.66328125 0.14453125 0.0671875 0.1140625
0 0.9875 0.30859375 0.025 0.1078125
0 0.98828125 0.39453125 0.0234375 0.0734375
0 0.19453125 0.809375 0.09375 0.09609375
0 0.1328125 0.84140625 0.071875 0.0765625
0 0.05703125 0.90390625 0.0796875 0.07421875
0 0.0046875 0.80546875 0.009375 0.0546875
0 0.11953125 0.6359375 0.0671875 0.07421875
0 0.32421875 0.94375 0.10546875 0.1109375
0 0.165625 0.975 0.06875 0.05
0 0.51015625 0.6828125 0.0796875 0.0796875
0 0.44453125 0.71796875 0.15859375 0.15390625
0 0.46640625 0.55625 0.0890625 0.053125
0 0.61328125 0.928125 0.0328125 0.065625
0 0.28046875 0.76328125 0.13671875 0.14453125
0 0.70546875 0.546875 0.0890625 0.034375
0 0.8234375 0.665625 0.06015625 0.071875
0 0.92421875 0.7359375 0.05546875 0.0578125
0 0.7328125 0.84453125 0.20625 0.2203125