0 0.03125 0.3734375 0.0625 0.071875
0 0.24609375 0.1578125 0.1203125 0.12265625
0 0.1859375 0.0453125 0.09375 0.090625
0 0.28359375 0.06796875 0.0765625 0.071875
0 0.10546875 0.08359375 0.09140625 0.10078125
0 0.3453125 0.521875 0.028125 0.05625
0 0.97109375 0.4375 0.0578125 0.1
0 0.79296875 0.44921875 0.09375 0.0984375
0 0.16328125 0.6109375 0.1734375 0.121875
0 0.040625 0.67109375 0.0578125 0.06484375
0 0.05859375 0.78515625 0.0796875 0.0765625
0 0.27734375 0.84296875 0.05546875 0.053125
0 0.340625 0.93125 0.0375 0.0625