0 0.37421875 0.16640625 0.10546875 0.103125
0 0.5375 0.1671875 0.0984375 0.103125
0 0.55546875 0.26640625 0.0671875 0.1265625
0 0.46875 0.0328125 0.1 0.065625
0 0.2625 0.09453125 0.0625 0.0671875
0 0.640625 0.3140625 0.0875 0.03125
0 0.6484375 0.19296875 0.0671875 0.084375
0 0.88046875 0.19296875 0.1390625 0.134375
0 0.975 0.278125 0.05 0.071875
0 0.46328125 0.8703125 0.05546875 0.053125
0 0.56953125 0.6265625 0.0390625 0.05
0 0.10703125 0.41796875 0.12734375 0.1390625
0 0.24453125 0.50234375 0.08203125 0.0796875
0 0.33046875 0.6140625 0.053125 0.0625
0 0.40546875 0.58515625 0.0484375 0.0484375
0 0.56953125 0.35390625 0.0390625 0.0484375
0 0.09765625 0.628125 0.0484375 0.06953125
0 0.146875 0.6984375 0.05546875 0.05546875
0 0.03046875 0.59296875 0.0609375 0.0890625
0 0.38515625 0.790625 0.1109375 0.0984375
0 0.453125 0.775 0.040625 0.05546875
0 0.11796875 0.940625 0.06484375 0.053125
0 0.078125 0.89375 0.04296875 0.05546875
0 0.30703125 0.98828125 0.0921875 0.0234375
0 0.4625 0.98359375 0.065625 0.0328125
0 0.37421875 0.46015625 0.0484375 0.06015625
0 0.68671875 0.940625 0.05546875 0.071875
0 0.83125 0.6171875 0.115625 0.115625
0 0.93828125 0.5 0.1234375 0.15625
0 0.7109375 0.52265625 0.09609375 0.0796875
0 0.63203125 0.4765625 0.084375 0.07421875
0 0.6 0.48125 0.021875 0.05