0 0.35234375 0.27109375 0.0546875 0.0796875
0 0.2171875 0.2140625 0.07421875 0.0796875
0 0.2125 0.103125 0.084375 0.1109375
0 0.23984375 0.0171875 0.0609375 0.034375
0 0.053125 0.34609375 0.10625 0.1078125
0 0.22734375 0.36953125 0.0734375 0.0609375
0 0.50546875 0.36328125 0.1109375 0.0734375
0 0.27890625 0.6515625 0.2015625 0.503125
0 0.05 0.93359375 0.1 0.1171875
0 0.0515625 0.484375 0.084375 0.16328125
0 0.24453125 0.459375 0.084375 0.09375
0 0.9859375 0.46953125 0.028125 0.0984375
0 0.70546875 0.959375 0.07421875 0.06953125
0 0.61171875 0.95703125 0.0671875 0.07421875
0 0.553125 0.740625 0.165625 0.16328125
0 0.45703125 0.753125 0.09140625 0.0890625
0 0.640625 0.6671875 0.07421875 0.0796875
0 0.396875 0.46015625 0.034375 0.0859375
0 0.70546875 0.68046875 0.05546875 0.05546875
0 0.9125 0.71328125 0.0578125 0.06015625
0 0.96484375 0.62578125 0.0703125 0.0828125
0 0.90625 0.54609375 0.05546875 0.05546875
0 0.41640625 0.9640625 0.053125 0.053125
0 0.390625 0.93046875 0.021875 0.0796875