0 0.884375 0.11875 0.11328125 0.10546875
0 0.9578125 0.60078125 0.0671875 0.0578125
0 0.88125 0.68984375 0.0765625 0.0796875
0 0.84609375 0.60078125 0.053125 0.0578125
0 0.94140625 0.38828125 0.07421875 0.0765625
0 0.94375 0.29453125 0.06484375 0.0578125
0 0.6046875 0.15859375 0.06953125 0.06953125
0 0.546875 0.21015625 0.0984375 0.103125
0 0.490625 0.2359375 0.0453125 0.0625
0 0.5 0.45703125 0.08203125 0.0796875
0 0.35 0.5140625 0.07421875 0.0796875
0 0.3453125 0.625 0.084375 0.1109375
0 0.3734375 0.728125 0.06015625 0.06953125
0 0.57109375 0.73828125 0.09375 0.0984375
0 0.59140625 0.86875 0.06953125 0.084375
0 0.50703125 0.8125 0.0625 0.05546875
0 0.28125 0.8375 0.15859375 0.1421875
0 0.2671875 0.946875 0.04296875 0.05078125
0 0.68125 0.853125 0.0671875 0.084375
0 0.821875 0.93984375 0.06015625 0.0671875
0 0.140625 0.3578125 0.196875 0.15625
0 0.3609375 0.34765625 0.07421875 0.08203125
0 0.3375 0.22578125 0.0671875 0.06015625
0 0.5765625 0.35078125 0.0453125 0.05546875