0 0.0859375 0.2625 0.084375 0.09375
0 0.1140625 0.16875 0.06015625 0.06953125
0 0.31171875 0.15859375 0.09375 0.0984375
0 0.33125 0.03515625 0.06875 0.0703125
0 0.24765625 0.084375 0.0625 0.05546875
0 0.05 0.06484375 0.1 0.1296875
0 0.40859375 0.04375 0.0421875 0.084375
0 0.775 0.0234375 0.134375 0.046875
0 0.71484375 0.0140625 0.0828125 0.028125
0 0.64375 0.11015625 0.08203125 0.08203125
0 0.5375 0.0609375 0.1078125 0.1078125
0 0.8578125 0.284375 0.134375 0.05
0 0.6515625 0.26875 0.134375 0.08125
0 0.603125 0.29453125 0.065625 0.0296875
0 0.78203125 0.1265625 0.103125 0.103125
0 0.26875 0.725 0.0890625 0.08671875
0 0.31640625 0.68828125 0.07421875 0.07421875
0 0.3453125 0.6671875 0.06484375 0.06484375
0 0.41640625 0.66171875 0.0265625 0.0984375
0 0.39453125 0.6328125 0.0703125 0.09375
0 0.35 0.4046875 0.084375 0.09140625
0 0.20625 0.365625 0.09140625 0.09140625
0 0.1078125 0.34296875 0.06875 0.0671875
0 0.03671875 0.32734375 0.0734375 0.0359375
0 0.04765625 0.5796875 0.084375 0.08203125
0 0.2109375 0.98125 0.065625 0.0375
0 0.04375 0.809375 0.0765625 0.0796875
0 0.74765625 0.91328125 0.1109375 0.115625
0 0.571875 0.6515625 0.09375 0.09140625
0 0.71015625 0.6609375 0.0578125 0.0578125
0 0.7859375 0.8375 0.0625 0.0484375
0 0.90625 0.9328125 0.0671875 0.06484375
0 0.9546875 0.75 0.06953125 0.08671875
0 0.88125 0.7953125 0.0625 0.06015625
0 0.74296875 0.60234375 0.04296875 0.03828125