0 0.36953125 0.40546875 0.0984375 0.09609375
0 0.2046875 0.328125 0.0890625 0.0984375
0 0.20625 0.19765625 0.10078125 0.13671875
0 0.2453125 0.07734375 0.071875 0.08671875
0 0.4671875 0.07734375 0.1109375 0.1203125
0 0.4 0.009375 0.075 0.01875
0 0.14609375 0.015625 0.1859375 0.03125
0 0.0375 0.4703125 0.075 0.1375
0 0.20703125 0.50703125 0.0890625 0.0640625
0 0.44921875 0.5203125 0.0546875 0.0375
0 0.75703125 0.12734375 0.1515625 0.15625
0 0.72578125 0.23828125 0.1140625 0.1671875
0 0.725 0.42734375 0.1125 0.1546875
0 0.84453125 0.4546875 0.1890625 0.16875
0 0.95625 0.15859375 0.08203125 0.08203125
0 0.9828125 0.2546875 0.034375 0.09375
0 0.984375 0.03046875 0.03125 0.0609375
0 0.9875 0.49453125 0.025 0.0890625
0 0.98125 0.3671875 0.0375 0.103125
0 0.1859375 0.7296875 0.371875 0.38125
0 0.4015625 0.9234375 0.2625 0.153125
0 0.07578125 0.959375 0.1359375 0.08125
0 0.02265625 0.94921875 0.0453125 0.1015625
0 0.603125 0.7078125 0.071875 0.0796875
0 0.59921875 0.87265625 0.08203125 0.0890625
0 0.428125 0.55859375 0.05625 0.0390625
0 0.4015625 0.58671875 0.0578125 0.05546875
0 0.4640625 0.59765625 0.0578125 0.06484375
0 0.4328125 0.7453125 0.0796875 0.0625
0 0.83203125 0.80859375 0.125 0.125
0 0.96640625 0.82578125 0.0671875 0.1046875
0 0.95 0.95234375 0.1 0.0953125
0 0.71953125 0.9828125 0.0671875 0.034375
0 0.6765625 0.71640625 0.015625 0.0703125