0 0.39921875 0.38046875 0.1390625 0.2296875
0 0.41796875 0.60859375 0.0796875 0.0203125
0 0.303125 0.4078125 0.0765625 0.08203125
0 0.0203125 0.33046875 0.040625 0.0578125
0 0.08046875 0.49375 0.10078125 0.09609375
0 0.1140625 0.13671875 0.06953125 0.06953125
0 0.15546875 0.04375 0.2390625 0.0875
0 0.36796875 0.1515625 0.05546875 0.05078125
0 0.41015625 0.1578125 0.03359375 0.0359375
0 0.07734375 0.28828125 0.0359375 0.040625
0 0.19375 0.26171875 0.04296875 0.0359375
0 0.628125 0.196875 0.1296875 0.11328125
0 0.8375 0.18046875 0.10078125 0.10078125
0 0.665625 0.02578125 0.10625 0.0515625
0 0.578125 0.03203125 0.075 0.0640625
0 0.503125 0.25 0.05546875 0.0359375
0 0.4859375 0.11015625 0.034375 0.0484375
0 0.734375 0.44765625 0.53125 0.3421875
0 0.06640625 0.7578125 0.11796875 0.0984375
0 0.42265625 0.89140625 0.0921875 0.1390625
0 0.884375 0.6953125 0.0671875 0.0625
0 0.8703125 0.98984375 0.05 0.0203125
0 0.81796875 0.80859375 0.06015625 0.0625
0 0.765625 0.80390625 0.0625 0.0796875
0 0.5 0.696875 0.0625 0.084375
0 0.49296875 0.8046875 0.0484375 0.053125
0 0.64765625 0.79296875 0.05546875 0.0578125
0 0.5703125 0.853125 0.0796875 0.08671875
0 0.5671875 0.98125 0.06875 0.0375
0 0.69375 0.959375 0.06875 0.08125