0 0.31484375 0.3578125 0.33671875 0.32421875
0 0.2359375 0.1203125 0.27890625 0.240625
0 0.43359375 0.09609375 0.11796875 0.1203125
0 0.48203125 0.38203125 0.11328125 0.11328125
0 0.78828125 0.56953125 0.103125 0.08671875
0 0.75859375 0.37265625 0.14453125 0.13671875
0 0.08046875 0.8453125 0.1609375 0.12734375
0 0.40234375 0.96640625 0.12265625 0.0671875
0 0.771875 0.896875 0.12734375 0.125
0 0.265625 0.9046875 0.0890625 0.0765625
0 0.02890625 0.4671875 0.0578125 0.08671875
0 0.5984375 0.73203125 0.10078125 0.0984375
0 0.50390625 0.8625 0.3296875 0.275
0 0.56640625 0.98984375 0.0796875 0.0203125
0 0.33046875 0.88125 0.0578125 0.053125
0 0.34375 0.8484375 0.053125 0.053125
0 0.3234375 0.6265625 0.0765625 0.071875
0 0.2796875 0.6046875 0.0484375 0.05078125
0 0.921875 0.42421875 0.08203125 0.08671875
0 0.6921875 0.5875 0.05546875 0.05546875
0 0.55546875 0.5734375 0.06015625 0.05546875
0 0.80859375 0.8234375 0.0625 0.0578125
0 0.8484375 0.80390625 0.07421875 0.07421875