0 0.26484375 0.45234375 0.103125 0.08671875
0 0.23515625 0.25546875 0.14453125 0.13671875
0 0.24765625 0.73828125 0.1265625 0.0421875
0 0.075 0.61484375 0.10078125 0.0984375
0 0.07265625 0.68359375 0.1453125 0.1515625
0 0.3984375 0.30703125 0.08203125 0.08671875
0 0.16875 0.4703125 0.05546875 0.05546875
0 0.03203125 0.45625 0.06015625 0.05546875
0 0.28515625 0.70625 0.0625 0.0578125
0 0.325 0.68671875 0.07421875 0.07421875
0 0.0296875 0.81328125 0.059375 0.0796875
0 0.1640625 0.909375 0.0671875 0.0671875
0 0.23046875 0.97890625 0.0765625 0.0421875
0 0.43671875 0.90390625 0.0453125 0.1265625
0 0.4 0.7875 0.1 0.05625
0 0.50390625 0.9625 0.0890625 0.075
0 0.77578125 0.9921875 0.0671875 0.015625
0 0.73359375 0.76328125 0.1359375 0.0078125
0 0.58828125 0.94765625 0.07421875 0.0765625
0 0.52890625 0.8921875 0.11796875 0.11796875