0 0.1671875 0.12265625 0.25 0.2453125
0 0.296875 0.33515625 0.184375 0.2171875
0 0.13828125 0.41171875 0.08671875 0.0984375
0 0.0265625 0.14375 0.053125 0.09375
0 0.40078125 0.04453125 0.0234375 0.0859375
0 0.4609375 0.29296875 0.134375 0.1921875
0 0.7578125 0.234375 0.1109375 0.11328125
0 0.93359375 0.11484375 0.0578125 0.0671875
0 0.22890625 0.8578125 0.084375 0.0796875
0 0.28046875 0.8828125 0.07421875 0.0671875
0 0.38046875 0.90546875 0.0171875 0.0546875
0 0.83125 0.6171875 0.228125 0.2046875
0 0.69296875 0.56796875 0.0453125 0.05546875
0 0.46171875 0.50546875 0.0796875 0.0734375
0 0.51875 0.609375 0.06484375 0.06953125
0 0.625 0.671875 0.1109375 0.08203125
0 0.52109375 0.77421875 0.0890625 0.0796875
0 0.9140625 0.75390625 0.0625 0.06484375
0 0.83359375 0.79140625 0.06484375 0.053125
0 0.51640625 0.86953125 0.04296875 0.040625