0 0.8140625 0.8125 0.0890625 0.09375
0 0.87734375 0.709375 0.0671875 0.07421875
0 0.921875 0.6921875 0.071875 0.0671875
0 0.98515625 0.64921875 0.0296875 0.0578125
0 0.9640625 0.87734375 0.0625 0.06015625
0 0.96875 0.33984375 0.0625 0.071875
0 0.9 0.16484375 0.06484375 0.0625
0 0.946875 0.11328125 0.0671875 0.05546875
0 0.8453125 0.5359375 0.0578125 0.0625
0 0.6625 0.97578125 0.103125 0.0484375
0 0.759375 0.9984375 0.0625 0.00234375
0 0.896875 0.98671875 0.08203125 0.0265625
0 0.88671875 0.890625 0.0625 0.0671875