0 0.41796875 0.1265625 0.1078125 0.1078125
0 0.3265625 0.178125 0.08203125 0.084375
0 0.2859375 0.171875 0.084375 0.08203125
0 0.209375 0.1734375 0.0671875 0.0671875
0 0.209375 0.09140625 0.0484375 0.053125
0 0.3296875 0.025 0.071875 0.05
0 0.1515625 0.16328125 0.06484375 0.06484375
0 0.08671875 0.2984375 0.07421875 0.07421875
0 0.0453125 0.3546875 0.06484375 0.0671875
0 0.10234375 0.41953125 0.08203125 0.084375
0 0.084375 0.58203125 0.07421875 0.07421875
0 0.0328125 0.60234375 0.06484375 0.06953125
0 0.28125 0.3234375 0.06953125 0.071875
0 0.6140625 0.053125 0.12265625 0.10546875
0 0.54453125 0.0109375 0.0625 0.021875
0 0.39453125 0.0375 0.0765625 0.07421875