0 0.03125 0.1359375 0.0625 0.09375
0 0.0078125 0.4125 0.015625 0.0625
0 0.690625 0.25859375 0.08125 0.1515625
0 0.96328125 0.4046875 0.06953125 0.0671875
0 0.88125 0.33828125 0.05078125 0.0578125
0 0.68671875 0.4625 0.0734375 0.13125
0 0.753125 0.475 0.09375 0.11328125
0 0.07265625 0.85390625 0.1453125 0.2296875
0 0.57734375 0.64375 0.1453125 0.128125
0 0.4296875 0.64296875 0.14375 0.1265625
0 0.22265625 0.64765625 0.08671875 0.0890625
0 0.18515625 0.678125 0.09375 0.08671875
0 0.20078125 0.9375 0.10546875 0.103125
0 0.56953125 0.75859375 0.0765625 0.08203125
0 0.6203125 0.77890625 0.059375 0.0703125
0 0.94765625 0.65078125 0.084375 0.09375
0 0.934375 0.7359375 0.05078125 0.053125
0 0.9625 0.79140625 0.075 0.1203125
0 0.8828125 0.9140625 0.084375 0.0890625
0 0.81484375 0.94375 0.06953125 0.0796875
0 0.7671875 0.678125 0.234375 0.196875