0 0.05703125 0.1875 0.06484375 0.0671875
0 0.15546875 0.0625 0.1203125 0.1203125
0 0.62578125 0.03203125 0.1015625 0.0640625
0 0.69453125 0.01640625 0.0890625 0.0328125
0 0.08984375 0.3640625 0.10078125 0.0984375
0 0.946875 0.49609375 0.071875 0.0265625
0 0.78671875 0.4171875 0.08203125 0.08203125
0 0.88515625 0.2765625 0.2140625 0.2140625
0 0.98203125 0.22109375 0.0359375 0.0859375
0 0.59921875 0.628125 0.2796875 0.2375
0 0.5484375 0.84609375 0.09609375 0.10078125
0 0.046875 0.8265625 0.09375 0.1
0 0.2609375 0.70703125 0.06015625 0.0578125
0 0.94375 0.68359375 0.0765625 0.06484375