0 0.05859375 0.19375 0.08671875 0.08671875
0 0.05546875 0.3734375 0.040625 0.053125
0 0.04921875 0.53359375 0.084375 0.084375
0 0.06953125 0.796875 0.07421875 0.0625
0 0.02265625 0.83203125 0.040625 0.0578125
0 0.1515625 0.9734375 0.05546875 0.03828125
0 0.3765625 0.8765625 0.0796875 0.06484375
0 0.4125 0.9515625 0.071875 0.0796875
0 0.81953125 0.8765625 0.06015625 0.06484375
0 0.7921875 0.76328125 0.0625 0.06484375
0 0.8328125 0.7078125 0.07421875 0.0671875
0 0.8703125 0.60234375 0.0765625 0.09140625
0 0.9484375 0.603125 0.071875 0.05546875
0 0.728125 0.13125 0.165625 0.17578125
0 0.5171875 0.1546875 0.10546875 0.103125
0 0.60234375 0.32578125 0.0578125 0.06015625
0 0.19453125 0.2609375 0.0765625 0.06484375
0 0.8796875 0.21640625 0.05546875 0.09375