0 0.2703125 0.52109375 0.053125 0.0359375
0 0.14375 0.52421875 0.040625 0.0296875
0 0.11953125 0.5109375 0.0453125 0.05078125
0 0.08828125 0.48671875 0.0484375 0.0453125
0 0.346875 0.465625 0.04296875 0.0578125
0 0.0828125 0.23125 0.06015625 0.0578125
0 0.24140625 0.2703125 0.103125 0.1078125
0 0.13203125 0.0234375 0.1046875 0.046875
0 0.25 0.37265625 0.11328125 0.12265625
0 0.88671875 0.04921875 0.0890625 0.0984375
0 0.890625 0.19453125 0.08671875 0.08203125
0 0.95546875 0.22890625 0.040625 0.05546875
0 0.6578125 0.26875 0.0625 0.071875
0 0.459375 0.4140625 0.05078125 0.0453125
0 0.41875 0.51953125 0.1 0.0390625
0 0.27421875 0.6125 0.0625 0.0578125
0 0.18984375 0.87578125 0.053125 0.0671875
0 0.04609375 0.9109375 0.08671875 0.0578125
0 0.06953125 0.9859375 0.0890625 0.028125
0 0.6734375 0.81484375 0.146875 0.15390625
0 0.9625 0.940625 0.075 0.11875
0 0.96953125 0.69453125 0.0609375 0.0890625
0 0.72890625 0.70078125 0.071875 0.071875
0 0.75703125 0.7859375 0.07421875 0.0796875
0 0.47890625 0.93125 0.2203125 0.1375
0 0.5015625 0.65546875 0.14921875 0.1390625
0 0.98984375 0.578125 0.0203125 0.078125