0 0.3359375 0.015625 0.115625 0.03125
0 0.45234375 0.10859375 0.09140625 0.09375
0 0.39609375 0.42578125 0.0921875 0.0671875
0 0.45546875 0.3828125 0.06484375 0.0671875
0 0.3203125 0.4390625 0.06875 0.040625
0 0.07421875 0.43671875 0.0796875 0.0453125
0 0.17109375 0.12265625 0.2515625 0.2453125
0 0.87734375 0.12421875 0.21875 0.21875
0 0.54296875 0.19765625 0.0671875 0.1078125
0 0.35078125 0.46953125 0.0890625 0.0203125
0 0.22109375 0.584375 0.09375 0.08671875
0 0.475 0.95078125 0.06875 0.0984375
0 0.03828125 0.74453125 0.0765625 0.0609375
0 0.33125 0.75625 0.0671875 0.07421875
0 0.628125 0.50390625 0.196875 0.0890625
0 0.54140625 0.69609375 0.0640625 0.1203125
0 0.8234375 0.47109375 0.084375 0.0234375
0 0.8515625 0.56015625 0.1734375 0.17578125
0 0.8703125 0.68671875 0.18046875 0.178125
0 0.91953125 0.81640625 0.1109375 0.1109375
0 0.96328125 0.83125 0.0734375 0.10625
0 0.85859375 0.915625 0.2828125 0.16875