0 0.134375 0.040625 0.084375 0.08125
0 0.19296875 0.0171875 0.0640625 0.034375
0 0.24375 0.1125 0.06484375 0.06953125
0 0.25 0.14765625 0.06953125 0.071875
0 0.26171875 0.18671875 0.06953125 0.06953125
0 0.03125 0.05390625 0.0625 0.0765625
0 0.11171875 0.41796875 0.0890625 0.0890625
0 0.0390625 0.28828125 0.078125 0.1578125
0 0.38046875 0.30546875 0.1171875 0.2859375
0 0.0703125 0.19375 0.140625 0.175
0 0.7546875 0.0625 0.134375 0.125
0 0.86015625 0.15078125 0.14921875 0.15625
0 0.9609375 0.0546875 0.078125 0.109375
0 0.94609375 0.3125 0.1078125 0.15625
0 0.88125 0.48359375 0.084375 0.0703125
0 0.5765625 0.30703125 0.275 0.4234375
0 0.703125 0.20390625 0.1828125 0.1921875
0 0.40234375 0.88671875 0.0734375 0.0890625
0 0.3546875 0.9546875 0.0578125 0.0625
0 0.175 0.94375 0.0890625 0.07421875
0 0.115625 0.94609375 0.05078125 0.06484375
0 0.153125 0.86953125 0.0625 0.0765625
0 0.07890625 0.75234375 0.09375 0.09140625
0 0.2734375 0.76796875 0.11328125 0.11796875
0 0.221875 0.69140625 0.0671875 0.084375
0 0.02578125 0.60546875 0.0515625 0.0546875
0 0.00859375 0.9203125 0.0171875 0.06875
0 0.57109375 0.5546875 0.1328125 0.071875
0 0.79765625 0.6484375 0.0796875 0.06484375
0 0.78046875 0.55078125 0.0796875 0.0640625
0 0.95703125 0.69921875 0.0859375 0.1171875
0 0.79765625 0.82890625 0.07421875 0.0765625
0 0.90390625 0.978125 0.0578125 0.04375
0 0.55859375 0.87890625 0.10546875 0.084375
0 0.5359375 0.809375 0.053125 0.05078125
0 0.49140625 0.97265625 0.1046875 0.0546875
0 0.6859375 0.59765625 0.071875 0.0671875
0 0.9265625 0.5578125 0.103125 0.078125
0 0.87578125 0.61328125 0.06953125 0.071875
0 0.76796875 0.7375 0.053125 0.04296875
0 0.76796875 0.70390625 0.06484375 0.0578125
0 0.696875 0.81796875 0.0484375 0.040625
0 0.74296875 0.9921875 0.0640625 0.015625
0 0.4609375 0.7796875 0.04375 0.084375