0 0.525 0.06640625 0.084375 0.08671875
0 0.584375 0.03125 0.06484375 0.0625
0 0.634375 0.140625 0.06484375 0.06953125
0 0.640625 0.17578125 0.06953125 0.071875
0 0.65234375 0.21484375 0.06953125 0.06953125
0 0.41796875 0.0828125 0.071875 0.0765625
0 0.984375 0.57421875 0.03125 0.10078125
0 0.69609375 0.72265625 0.10078125 0.10078125
0 0.7765625 0.74140625 0.071875 0.07421875
0 0.7984375 0.8578125 0.07421875 0.071875
0 0.73203125 0.94375 0.0765625 0.0796875
0 0.46171875 0.73671875 0.09140625 0.0890625
0 0.6359375 0.665625 0.0796875 0.08203125
0 0.50234375 0.44609375 0.0890625 0.0890625
0 0.390625 0.3171875 0.15625 0.15859375
0 0.18046875 0.19921875 0.12265625 0.1203125
0 0.8546875 0.334375 0.28359375 0.2859375
0 0.31015625 0.63203125 0.16328125 0.16796875
0 0.2140625 0.74296875 0.18515625 0.18515625
0 0.13125 0.5796875 0.09140625 0.09375
0 0.459375 0.96171875 0.19453125 0.0765625
0 0.4890625 0.8890625 0.11796875 0.11796875
0 0.0015625 0.66796875 0.00234375 0.071875
0 0.44609375 0.22265625 0.1703125 0.17578125
0 0.33203125 0.1140625 0.10078125 0.0984375