0 0.228125 0.25625 0.2125 0.1875
0 0.9765625 0.30859375 0.046875 0.0578125
0 0.8078125 0.26796875 0.259375 0.1640625
0 0.59140625 0.32421875 0.0578125 0.0515625
0 0.509375 0.284375 0.0578125 0.06015625
0 0.5453125 0.10859375 0.1421875 0.146875
0 0.63984375 0.0234375 0.0890625 0.046875
0 0.96484375 0.0453125 0.0703125 0.071875
0 0.959375 0.15390625 0.08125 0.1140625
0 0.975 0.22109375 0.05 0.0828125
0 0.440625 0.01875 0.0625 0.0375
0 0.76015625 0.01875 0.0578125 0.0375
0 0.28125 0.9296875 0.0984375 0.0890625
0 0.08984375 0.80625 0.1109375 0.10546875
0 0.12578125 0.6125 0.15625 0.196875
0 0.2875 0.678125 0.0984375 0.09140625
0 0.37578125 0.675 0.0671875 0.065625
0 0.3859375 0.62578125 0.046875 0.0515625
0 0.37265625 0.49375 0.0625 0.06953125
0 0.334375 0.41171875 0.053125 0.071875
0 0.0265625 0.49453125 0.053125 0.0890625
0 0.2234375 0.39375 0.071875 0.06484375
0 0.4375 0.49296875 0.05625 0.1296875
0 0.596875 0.56875 0.12265625 0.1421875
0 0.71484375 0.58828125 0.06015625 0.05078125
0 0.7328125 0.53671875 0.0578125 0.05078125
0 0.85390625 0.40234375 0.0578125 0.06015625
0 0.6890625 0.42734375 0.0578125 0.05546875
0 0.8109375 0.36640625 0.053125 0.0328125
0 0.8109375 0.8921875 0.04296875 0.05078125