0 0.27265625 0.22109375 0.1421875 0.1390625
0 0.40703125 0.1890625 0.0640625 0.1625
0 0.18984375 0.03515625 0.2203125 0.0703125
0 0.834375 0.021875 0.184375 0.04375
0 0.69453125 0.021875 0.0765625 0.04375
0 0.75546875 0.07109375 0.1734375 0.1421875
0 0.74609375 0.08515625 0.071875 0.071875
0 0.76796875 0.16875 0.0984375 0.0984375
0 0.8328125 0.1859375 0.0765625 0.0765625
0 0.96640625 0.240625 0.0671875 0.06875
0 0.7515625 0.303125 0.05 0.0125
0 0.6984375 0.29921875 0.09375 0.0203125
0 0.6953125 0.20859375 0.06015625 0.06015625
0 0.365625 0.5671875 0.146875 0.14375
0 0.30625 0.45 0.18515625 0.1828125
0 0.415625 0.4796875 0.046875 0.159375
0 0.065625 0.35625 0.115625 0.09375
0 0.06875 0.5921875 0.1375 0.178125
0 0.209375 0.64765625 0.0625 0.084375
0 0.4296875 0.77890625 0.01875 0.0640625
0 0.47421875 0.79296875 0.0703125 0.1078125