0 0.4484375 0.365625 0.115625 0.028125
0 0.35078125 0.33046875 0.1421875 0.0984375
0 0.228125 0.271875 0.0796875 0.0796875
0 0.17265625 0.30078125 0.06953125 0.0796875
0 0.1390625 0.11328125 0.2328125 0.22578125
0 0.58046875 0.346875 0.0609375 0.065625
0 0.76015625 0.35 0.0578125 0.04296875
0 0.70625 0.0953125 0.03359375 0.03359375
0 0.66875 0.0140625 0.053125 0.028125
0 0.15 0.9578125 0.15 0.084375
0 0.32578125 0.93828125 0.084375 0.06484375
0 0.42578125 0.96328125 0.08671875 0.071875
0 0.4640625 0.8203125 0.06953125 0.05546875
0 0.4109375 0.5609375 0.084375 0.10546875
0 0.296875 0.46953125 0.0890625 0.05546875
0 0.278125 0.39296875 0.146875 0.0265625
0 0.01484375 0.4203125 0.02890625 0.06953125
0 0.61640625 0.934375 0.1328125 0.13125
0 0.68125 0.684375 0.0765625 0.08203125
0 0.5890625 0.7265625 0.06484375 0.0796875
0 0.66953125 0.771875 0.08671875 0.08671875
0 0.75625 0.9921875 0.084375 0.015625
0 0.92265625 0.41015625 0.0546875 0.0609375
0 0.8390625 0.5828125 0.08203125 0.10546875
0 0.6828125 0.5328125 0.06015625 0.0796875
0 0.6296875 0.5625 0.0984375 0.07421875
0 0.58203125 0.4296875 0.0640625 0.090625
0 0.74296875 0.396875 0.0578125 0.034375
0 0.7875 0.428125 0.06953125 0.0578125
0 0.74375 0.47265625 0.0578125 0.0671875
0 0.97421875 0.8046875 0.0515625 0.0625
0 0.9421875 0.87734375 0.05546875 0.0578125
0 0.8859375 0.83671875 0.0625 0.06015625