0 0.3828125 0.24765625 0.171875 0.2234375
0 0.37421875 0.1171875 0.1828125 0.2328125
0 0.1015625 0.11484375 0.203125 0.2296875
0 0.3609375 0.97265625 0.103125 0.0546875
0 0.23984375 0.840625 0.1203125 0.1296875
0 0.4421875 0.58125 0.0484375 0.0671875
0 0.31796875 0.64140625 0.0578125 0.0671875
0 0.22578125 0.58125 0.06953125 0.0765625
0 0.134375 0.3875 0.09375 0.05625
0 0.09609375 0.4296875 0.06953125 0.0984375
0 0.02109375 0.47734375 0.0421875 0.1640625
0 0.07421875 0.5984375 0.0796875 0.0765625
0 0.01953125 0.62734375 0.0390625 0.0640625
0 0.071875 0.71796875 0.0578125 0.0578125
0 0.0125 0.73046875 0.025 0.0546875
0 0.05859375 0.9109375 0.0671875 0.0671875
0 0.4546875 0.87578125 0.028125 0.0484375
0 0.3671875 0.9109375 0.0359375 0.04296875
0 0.353125 0.8609375 0.04296875 0.0453125
0 0.3328125 0.809375 0.06015625 0.0578125
0 0.88984375 0.38984375 0.0765625 0.0609375
0 0.74453125 0.59609375 0.1078125 0.12265625
0 0.6171875 0.63671875 0.09140625 0.0796875
0 0.55703125 0.734375 0.15859375 0.14453125
0 0.63125 0.9109375 0.1078125 0.10078125
0 0.76484375 0.875 0.0890625 0.10546875
0 0.4921875 0.85625 0.046875 0.10625