0 0.2484375 0.39921875 0.0875 0.0609375
0 0.0328125 0.24296875 0.065625 0.1421875
0 0.13046875 0.19140625 0.09140625 0.09375
0 0.20859375 0.05703125 0.1171875 0.1140625
0 0.24921875 0.27265625 0.0984375 0.103125
0 0.05 0.0390625 0.08125 0.078125
0 0.9390625 0.30625 0.121875 0.125
0 0.63046875 0.29140625 0.11328125 0.0890625
0 0.90625 0.13125 0.06015625 0.040625
0 0.60078125 0.1734375 0.040625 0.04296875
0 0.7390625 0.1578125 0.03359375 0.03828125
0 0.81953125 0.06015625 0.0453125 0.03828125
0 0.91640625 0.053125 0.040625 0.03359375
0 0.715625 0.065625 0.06484375 0.0625
0 0.49453125 0.25859375 0.053125 0.04296875
0 0.38203125 0.45703125 0.0140625 0.0546875
0 0.36015625 0.4421875 0.0578125 0.025
0 0.14453125 0.48203125 0.07421875 0.0671875
0 0.215625 0.4484375 0.053125 0.0375
0 0.165625 0.62890625 0.07421875 0.071875
0 0.3171875 0.68671875 0.06484375 0.0625
0 0.33046875 0.7546875 0.07421875 0.06484375
0 0.28984375 0.975 0.0796875 0.05
0 0.16328125 0.99453125 0.0578125 0.0109375
0 0.07265625 0.9625 0.0796875 0.075
0 0.01328125 0.96171875 0.0265625 0.0765625
0 0.01484375 0.60625 0.0296875 0.04375
0 0.38125 0.8984375 0.015625 0.04375
0 0.4015625 0.6703125 0.025 0.05
0 0.434375 0.8046875 0.090625 0.08125
0 0.50234375 0.87890625 0.084375 0.09609375
0 0.63515625 0.9640625 0.1078125 0.071875
0 0.871875 0.91015625 0.1390625 0.12734375
0 0.97109375 0.8265625 0.0578125 0.10625
0 0.95546875 0.671875 0.0890625 0.084375
0 0.84609375 0.60625 0.1109375 0.09609375
0 0.6375 0.6515625 0.09375 0.09140625
0 0.53203125 0.640625 0.08671875 0.06953125
0 0.41796875 0.54375 0.0578125 0.071875
0 0.6640625 0.44765625 0.09375 0.0359375
0 0.84140625 0.5 0.2171875 0.140625
0 0.98046875 0.465625 0.0390625 0.071875
0 0.54296875 0.70078125 0.0796875 0.06484375