0 0.61640625 0.2546875 0.1671875 0.109375
0 0.66328125 0.14453125 0.0734375 0.1078125
0 0.68671875 0.14296875 0.0265625 0.1171875
0 0.6328125 0.053125 0.134375 0.10625
0 0.5625 0.0875 0.175 0.175
0 0.45546875 0.21015625 0.1921875 0.1984375
0 0.0328125 0.28046875 0.065625 0.0578125
0 0.0859375 0.1515625 0.1109375 0.1109375
0 0.07734375 0.015625 0.0859375 0.03125
0 0.28125 0.03984375 0.284375 0.0796875
0 0.4625 0.55390625 0.1421875 0.1203125
0 0.409375 0.46953125 0.08671875 0.07421875
0 0.2484375 0.3578125 0.09609375 0.08203125
0 0.06328125 0.37734375 0.07421875 0.0796875
0 0.1390625 0.71953125 0.0765625 0.09140625
0 0.07421875 0.7609375 0.0671875 0.071875
0 0.12578125 0.96953125 0.0796875 0.0609375
0 0.0453125 0.96328125 0.08125 0.0734375
0 0.69453125 0.94375 0.0109375 0.040625
0 0.48046875 0.95234375 0.1296875 0.0953125
0 0.38515625 0.9359375 0.0796875 0.09375
0 0.52734375 0.83125 0.084375 0.084375
0 0.4671875 0.85546875 0.06484375 0.0671875
0 0.63984375 0.3484375 0.06953125 0.06015625
0 0.55 0.34375 0.084375 0.06875
0 0.10390625 0.58125 0.06484375 0.0765625
0 0.9796875 0.9453125 0.040625 0.09375
0 0.9640625 0.78671875 0.071875 0.1453125
0 0.84921875 0.653125 0.125 0.09609375
0 0.86328125 0.32890625 0.0859375 0.0390625
0 0.95 0.35703125 0.0453125 0.06015625
0 0.91171875 0.4546875 0.06484375 0.0578125
0 0.98515625 0.55703125 0.0296875 0.0640625
0 0.7578125 0.6046875 0.03125 0.04296875
0 0.78125 0.75 0.053125 0.0453125