0 0.5703125 0.17265625 0.159375 0.2078125
0 0.51640625 0.05703125 0.2046875 0.1140625
0 0.04453125 0.06796875 0.0890625 0.1359375
0 0.153125 0.12421875 0.09140625 0.09375
0 0.22890625 0.2625 0.115625 0.115625
0 0.234375 0.41484375 0.090625 0.0703125
0 0.44453125 0.38125 0.2984375 0.1375
0 0.27421875 0.0484375 0.0984375 0.096875
0 0.0703125 0.275 0.08203125 0.0796875
0 0.9890625 0.4046875 0.021875 0.090625
0 0.86171875 0.3640625 0.040625 0.0453125
0 0.79453125 0.34140625 0.04296875 0.05078125
0 0.14921875 0.6703125 0.0890625 0.0890625
0 0.31875 0.7796875 0.13203125 0.134375
0 0.6234375 0.75078125 0.053125 0.1046875
0 0.178125 0.49375 0.103125 0.0875
0 0.08671875 0.765625 0.11328125 0.1109375
0 0.1859375 0.9 0.0625 0.06484375
0 0.80390625 0.57578125 0.0765625 0.071875
0 0.9125 0.48203125 0.065625 0.0640625
0 0.74296875 0.8765625 0.0578125 0.053125
0 0.72109375 0.6765625 0.06953125 0.071875
0 0.678125 0.66484375 0.05625 0.0890625