0 0.03203125 0.42109375 0.0640625 0.1484375
0 0.06171875 0.09140625 0.1234375 0.1828125
0 0.121875 0.20625 0.14453125 0.21875
0 0.190625 0.3984375 0.17578125 0.18046875
0 0.18828125 0.55703125 0.1453125 0.1234375
0 0.425 0.1515625 0.15 0.28125
0 0.68359375 0.5828125 0.2296875 0.071875
0 0.7203125 0.49140625 0.0578125 0.053125
0 0.8421875 0.0234375 0.075 0.046875
0 0.5421875 0.0484375 0.071875 0.06015625
0 0.54921875 0.103125 0.053125 0.0765625
0 0.63984375 0.1546875 0.0578125 0.06484375
0 0.7515625 0.0734375 0.0796875 0.084375
0 0.8828125 0.3171875 0.06484375 0.084375
0 0.7921875 0.146875 0.1703125 0.25
0 0.03125 0.67578125 0.0625 0.1140625
0 0.0625 0.6359375 0.065625 0.034375
0 0.4 0.69296875 0.06484375 0.0671875
0 0.36640625 0.76640625 0.1109375 0.1078125
0 0.415625 0.8296875 0.15390625 0.1515625
0 0.49140625 0.72578125 0.0171875 0.0703125
0 0.4296875 0.98828125 0.065625 0.0234375
0 0.2328125 0.95234375 0.07421875 0.07421875
0 0.08828125 0.97421875 0.0765625 0.0515625
0 0.0390625 0.965625 0.078125 0.06875
0 0.765625 0.96171875 0.125 0.0765625
0 0.990625 0.87109375 0.01875 0.0578125
0 0.84140625 0.87265625 0.05546875 0.05546875
0 0.86171875 0.72109375 0.11796875 0.1390625