0 0.49296875 0.06953125 0.1140625 0.1390625
0 0.05859375 0.065625 0.1171875 0.121875
0 0.09453125 0.2296875 0.0984375 0.103125
0 0.30546875 0.20703125 0.3203125 0.2859375
0 0.046875 0.29453125 0.09375 0.1109375
0 0.88046875 0.33359375 0.1421875 0.0328125
0 0.96171875 0.3265625 0.0546875 0.046875
0 0.64453125 0.18515625 0.17578125 0.31015625
0 0.81953125 0.0890625 0.0671875 0.084375
0 0.365625 0.97578125 0.06875 0.0484375
0 0.1078125 0.56875 0.08203125 0.0796875
0 0.25234375 0.50859375 0.071875 0.06953125
0 0.29921875 0.50234375 0.0578125 0.0625
0 0.47890625 0.3609375 0.0609375 0.021875
0 0.5109375 0.42109375 0.05546875 0.0484375
0 0.16171875 0.365625 0.0703125 0.03125
0 0.35 0.63515625 0.0453125 0.0484375
0 0.48046875 0.6140625 0.05546875 0.05078125
0 0.03359375 0.71171875 0.053125 0.0625
0 0.3171875 0.725 0.02890625 0.0359375
0 0.28515625 0.75859375 0.03359375 0.04296875
0 0.36796875 0.740625 0.01953125 0.03828125
0 0.1078125 0.7046875 0.03828125 0.0484375
0 0.125 0.91015625 0.0484375 0.0453125
0 0.2078125 0.9640625 0.03359375 0.0359375
0 0.4390625 0.8796875 0.0265625 0.03359375
0 0.4609375 0.984375 0.03125 0.03125
0 0.3921875 0.46640625 0.0453125 0.0453125
0 0.0984375 0.3828125 0.03125 0.03125
0 0.6359375 0.44296875 0.171875 0.1859375
0 0.9046875 0.37890625 0.103125 0.0578125
0 0.9671875 0.984375 0.065625 0.03125
0 0.97734375 0.93359375 0.0453125 0.0765625
0 0.94375 0.80859375 0.06953125 0.0765625
0 0.97265625 0.66640625 0.0546875 0.0890625
0 0.8265625 0.82421875 0.1109375 0.1421875
0 0.74765625 0.35859375 0.0734375 0.0171875