0 0.24140625 0.61484375 0.08671875 0.0890625
0 0.02890625 0.44453125 0.0578125 0.1421875
0 0.12265625 0.39296875 0.09140625 0.09375
0 0.2015625 0.25703125 0.11796875 0.11796875
0 0.2125 0.08984375 0.09375 0.0984375
0 0.33515625 0.1078125 0.1296875 0.215625
0 0.24140625 0.47421875 0.0984375 0.103125
0 0.04296875 0.2390625 0.08203125 0.08203125
0 0.12265625 0.04609375 0.1390625 0.0921875
0 0.70234375 0.4359375 0.13203125 0.1296875
0 0.8453125 0.5515625 0.1421875 0.1421875
0 0.85234375 0.45 0.09375 0.09375
0 0.91875 0.61640625 0.115625 0.0859375
0 0.97421875 0.6203125 0.0515625 0.065625
0 0.6046875 0.6265625 0.103125 0.065625
0 0.765625 0.62578125 0.115625 0.0671875
0 0.5734375 0.575 0.071875 0.071875
0 0.61328125 0.54140625 0.0765625 0.0765625
0 0.4703125 0.57265625 0.12265625 0.1203125
0 0.796875 0.340625 0.11328125 0.11328125
0 0.3796875 0.9328125 0.040625 0.071875
0 0.36640625 0.896875 0.0671875 0.075
0 0.33671875 0.765625 0.1265625 0.18125
0 0.1453125 0.765625 0.290625 0.2125
0 0.02421875 0.8296875 0.0484375 0.084375
0 0.015625 0.884375 0.03125 0.1125
0 0.025 0.96328125 0.05 0.0734375
0 0.1609375 0.96796875 0.065625 0.0640625
0 0.22421875 0.94296875 0.0671875 0.06484375
0 0.696875 0.9578125 0.0671875 0.0625
0 0.79921875 0.97421875 0.0546875 0.0515625
0 0.92265625 0.975 0.05546875 0.04296875
0 0.98515625 0.94609375 0.0296875 0.0609375
0 0.89609375 0.83203125 0.0578125 0.0578125
0 0.7046875 0.74375 0.06015625 0.0484375
0 0.9515625 0.6703125 0.071875 0.021875