0 0.51640625 0.44765625 0.1265625 0.1046875
0 0.0734375 0.45390625 0.121875 0.0921875
0 0.11171875 0.30625 0.0984375 0.103125
0 0.27109375 0.06171875 0.3203125 0.1234375
0 0.3234375 0.3046875 0.31953125 0.33203125
0 0.05546875 0.21015625 0.1109375 0.1703125
0 0.01796875 0.11875 0.0359375 0.190625
0 0.89140625 0.02109375 0.0640625 0.0421875
0 0.91171875 0.09765625 0.084375 0.053125
0 0.98046875 0.43046875 0.0390625 0.0546875
0 0.92890625 0.48671875 0.1140625 0.0265625
0 0.85234375 0.46171875 0.0359375 0.0625
0 0.71640625 0.41484375 0.06953125 0.0671875
0 0.75390625 0.3453125 0.0625 0.040625
0 0.3515625 0.61328125 0.071875 0.071875
0 0.18671875 0.5171875 0.0984375 0.034375
0 0.20546875 0.5828125 0.06015625 0.0765625
0 0.175 0.7265625 0.053125 0.0484375
0 0.2125 0.83046875 0.05078125 0.0578125
0 0.0234375 0.83984375 0.046875 0.0578125
0 0.37265625 0.94765625 0.04296875 0.0578125
0 0.76875 0.79609375 0.378125 0.4078125
0 0.990625 0.93125 0.01875 0.103125
0 0.98203125 0.8171875 0.0359375 0.08125
0 0.921875 0.53203125 0.15625 0.0640625