0 0.9828125 0.74140625 0.03359375 0.14453125
0 0.96875 0.70546875 0.0625 0.103125
0 0.90625 0.42421875 0.1875 0.1921875
0 0.85546875 0.2703125 0.11796875 0.12265625
0 0.88671875 0.23671875 0.11328125 0.12734375
0 0.746875 0.134375 0.303125 0.26875
0 0.7078125 0.2875 0.209375 0.24765625
0 0.73046875 0.4828125 0.21875 0.22578125
0 0.8265625 0.6859375 0.228125 0.29296875
0 0.7125 0.91953125 0.084375 0.08203125
0 0.40390625 0.96640625 0.15390625 0.0671875
0 0.45546875 0.86328125 0.0984375 0.10078125
0 0.4 0.7015625 0.125 0.12734375
0 0.27421875 0.571875 0.10078125 0.1078125
0 0.11171875 0.2515625 0.2234375 0.27421875
0 0.3921875 0.37890625 0.3265625 0.34609375
0 0.603125 0.8265625 0.10546875 0.11328125
0 0.2765625 0.81640625 0.0890625 0.0890625
0 0.146875 0.58671875 0.1515625 0.1828125
0 0.05078125 0.60078125 0.10078125 0.1875