0 0.7125 0.428125 0.10546875 0.11328125
0 0.7171875 0.521875 0.07421875 0.06953125
0 0.76796875 0.6703125 0.084375 0.0796875
0 0.9328125 0.65625 0.0984375 0.10078125
0 0.78125 0.9515625 0.15859375 0.09609375
0 0.7140625 0.8953125 0.0890625 0.0984375
0 0.59140625 0.91796875 0.11796875 0.14453125
0 0.5421875 0.54296875 0.13203125 0.1515625
0 0.62890625 0.54296875 0.07421875 0.084375
0 0.53984375 0.66953125 0.1734375 0.18984375
0 0.08984375 0.646875 0.07421875 0.071875
0 0.3171875 0.39453125 0.0796875 0.07421875
0 0.2234375 0.3546875 0.08203125 0.08203125
0 0.50625 0.1234375 0.071875 0.071875
0 0.640625 0.1578125 0.05546875 0.0484375
0 0.7953125 0.14296875 0.05078125 0.053125
0 0.32421875 0.7765625 0.071875 0.06953125
0 0.4078125 0.76796875 0.06953125 0.084375
0 0.28359375 0.8296875 0.08203125 0.08203125
0 0.4734375 0.86796875 0.08203125 0.0796875
0 0.12890625 0.8484375 0.06953125 0.071875
0 0.5 0.25 0.0796875 0.084375
0 0.40234375 0.2640625 0.06953125 0.08203125
0 0.12265625 0.24375 0.06953125 0.06484375
0 0.11328125 0.146875 0.06953125 0.0671875