0 0.11953125 0.02734375 0.0765625 0.0546875
0 0.02421875 0.01953125 0.0484375 0.0390625
0 0.20703125 0.40859375 0.0640625 0.0609375
0 0.178125 0.4703125 0.0765625 0.071875
0 0.02265625 0.503125 0.0453125 0.03125
0 0.32578125 0.45703125 0.06484375 0.084375
0 0.2921875 0.33515625 0.06015625 0.05078125
0 0.390625 0.3125 0.07421875 0.0671875
0 0.88125 0.47578125 0.0359375 0.0359375
0 0.92265625 0.42421875 0.03828125 0.040625
0 0.90703125 0.37109375 0.03828125 0.05078125
0 0.79296875 0.3640625 0.06484375 0.06953125
0 0.8625 0.178125 0.2046875 0.21640625
0 0.89921875 0.01796875 0.0734375 0.0359375
0 0.74296875 0.01640625 0.0640625 0.0328125
0 0.31875 0.25703125 0.06015625 0.06484375
0 0.353125 0.18359375 0.053125 0.0625
0 0.3234375 0.03515625 0.06015625 0.06484375
0 0.61875 0.38359375 0.04296875 0.0671875
0 0.49609375 0.4234375 0.0625 0.0484375
0 0.73828125 0.4984375 0.0515625 0.040625
0 0.540625 0.32578125 0.04296875 0.04296875
0 0.55390625 0.2515625 0.03828125 0.040625
0 0.98515625 0.0375 0.0296875 0.0625
0 0.0359375 0.8625 0.071875 0.19375
0 0.07265625 0.69140625 0.1453125 0.1609375
0 0.06875 0.5609375 0.125 0.084375
0 0.62734375 0.540625 0.0890625 0.04375
0 0.853125 0.58984375 0.0765625 0.084375
0 0.934375 0.6234375 0.09375 0.09140625
0 0.5 0.9734375 0.0625 0.053125
0 0.5359375 0.89140625 0.053125 0.0578125
0 0.58046875 0.925 0.04296875 0.0453125
0 0.9625 0.95390625 0.0578125 0.0578125
0 0.9671875 0.834375 0.053125 0.0578125
0 0.86015625 0.88125 0.2640625 0.2375
0 0.48515625 0.7125 0.071875 0.07421875
0 0.68359375 0.66484375 0.0578125 0.0671875
0 0.825 0.68828125 0.04296875 0.05546875