0 0.22890625 0.48984375 0.0890625 0.0984375
0 0.2515625 0.3984375 0.06484375 0.0578125
0 0.315625 0.26171875 0.046875 0.0640625
0 0.31171875 0.0375 0.0546875 0.075
0 0.2046875 0.02421875 0.09375 0.0484375
0 0.08515625 0.34453125 0.1078125 0.13203125
0 0.16875 0.3609375 0.06015625 0.07421875
0 0.10625 0.21953125 0.14453125 0.165625
0 0.01171875 0.09765625 0.0234375 0.0734375
0 0.07890625 0.02265625 0.0703125 0.0453125
0 0.73828125 0.40859375 0.05078125 0.0671875
0 0.5875 0.41796875 0.071875 0.06015625
0 0.99140625 0.50625 0.0171875 0.053125
0 0.65859375 0.51796875 0.03828125 0.02890625
0 0.3 0.82890625 0.078125 0.1390625
0 0.146875 0.79765625 0.165625 0.16328125
0 0.20859375 0.95859375 0.1359375 0.0828125
0 0.8375 0.8234375 0.08203125 0.07421875
0 0.94375 0.59609375 0.0625 0.0140625