0 0.578125 0.19453125 0.0625 0.0890625
0 0.4640625 0.21328125 0.096875 0.0734375
0 0.3640625 0.04375 0.146875 0.0875
0 0.16796875 0.15390625 0.06484375 0.06015625
0 0.25 0.12734375 0.0578125 0.07421875
0 0.13828125 0.2140625 0.071875 0.071875
0 0.3359375 0.21484375 0.071875 0.0703125
0 0.6421875 0.03125 0.065625 0.0625
0 0.2953125 0.98203125 0.090625 0.0359375
0 0.03125 0.8359375 0.0625 0.071875
0 0.2203125 0.84453125 0.178125 0.1875
0 0.32734375 0.7140625 0.0984375 0.09609375
0 0.39296875 0.8203125 0.09609375 0.103125
0 0.58671875 0.88125 0.0453125 0.059375
0 0.428125 0.98125 0.05 0.0375
0 0.5484375 0.99140625 0.05625 0.0171875
0 0.5578125 0.821875 0.0625 0.0671875
0 0.59765625 0.809375 0.0234375 0.053125
0 0.58125 0.7390625 0.05625 0.08125
0 0.7140625 0.98046875 0.10625 0.0390625
0 0.89765625 0.91640625 0.103125 0.103125
0 0.98671875 0.88984375 0.0265625 0.0890625
0 0.76796875 0.56328125 0.06015625 0.053125
0 0.63515625 0.33125 0.0515625 0.103125
0 0.6765625 0.79765625 0.09140625 0.09375
0 0.69453125 0.8953125 0.0578125 0.0625