0 0.0234375 0.38359375 0.046875 0.1265625
0 0.11953125 0.0453125 0.1078125 0.090625
0 0.03515625 0.02265625 0.0609375 0.0453125
0 0.0984375 0.15078125 0.14453125 0.165625
0 0.2890625 0.29765625 0.0625 0.0578125
0 0.21015625 0.271875 0.0578125 0.07421875
0 0.31796875 0.3578125 0.06953125 0.06953125
0 0.125 0.35859375 0.06953125 0.0671875
0 0.46328125 0.40625 0.0515625 0.0625
0 0.915625 0.0390625 0.053125 0.0484375
0 0.99140625 0.1375 0.0171875 0.084375
0 0.928125 0.25 0.07421875 0.07421875
0 0.56484375 0.09375 0.08671875 0.08203125
0 0.33984375 0.74921875 0.1515625 0.146875
0 0.40703125 0.709375 0.0796875 0.0890625
0 0.4484375 0.690625 0.08125 0.115625
0 0.45234375 0.63515625 0.0734375 0.0984375
0 0.15859375 0.50859375 0.0859375 0.0578125
0 0.075 0.521875 0.0796875 0.07421875
0 0.1234375 0.94453125 0.121875 0.1109375
0 0.18359375 0.73359375 0.0796875 0.0765625
0 0.8984375 0.5515625 0.203125 0.14375
0 0.696875 0.55703125 0.071875 0.06953125
0 0.64296875 0.63515625 0.08203125 0.08203125
0 0.815625 0.5453125 0.0578125 0.0578125
0 0.7765625 0.621875 0.0625 0.0625
0 0.8359375 0.65078125 0.125 0.125
0 0.98359375 0.596875 0.0328125 0.084375
0 0.89453125 0.728125 0.2109375 0.33125
0 0.83359375 0.784375 0.06953125 0.06953125
0 0.9640625 0.85703125 0.071875 0.0765625
0 0.54296875 0.8984375 0.1078125 0.13125
0 0.525 0.77421875 0.071875 0.1109375
0 0.5578125 0.6796875 0.09375 0.09140625
0 0.61484375 0.76484375 0.0765625 0.07421875
0 0.665625 0.7375 0.0578125 0.0578125
0 0.6828125 0.69296875 0.0578125 0.0578125
0 0.70625 0.746875 0.07421875 0.07421875
0 0.7734375 0.72734375 0.0671875 0.06953125
0 0.7453125 0.8625 0.0671875 0.06953125
0 0.67890625 0.92109375 0.0625 0.06484375