0 0.1546875 0.4140625 0.08203125 0.09140625
0 0.01640625 0.3390625 0.0328125 0.065625
0 0.1703125 0.24765625 0.0625 0.0765625
0 0.11640625 0.1015625 0.05078125 0.0625
0 0.11953125 0.0203125 0.0484375 0.040625
0 0.68515625 0.21328125 0.2328125 0.21171875
0 0.44375 0.03203125 0.146875 0.0640625
0 0.4203125 0.0765625 0.0890625 0.09609375
0 0.46875 0.1890625 0.084375 0.0890625
0 0.39765625 0.24375 0.0765625 0.06484375
0 0.50703125 0.37890625 0.115625 0.134375
0 0.7328125 0.503125 0.115625 0.0125
0 0.37734375 0.43671875 0.1390625 0.1390625
0 0.271875 0.2953125 0.0765625 0.09140625
0 0.2328125 0.19140625 0.028125 0.0890625
0 0.93046875 0.16875 0.0984375 0.1109375
0 0.85546875 0.2625 0.0625 0.06484375
0 0.06171875 0.7421875 0.1234375 0.465625
0 0.975 0.58203125 0.05 0.0640625
0 0.89296875 0.98828125 0.0859375 0.0234375
0 0.60859375 0.753125 0.06484375 0.071875
0 0.5515625 0.51953125 0.08125 0.0203125
0 0.41328125 0.53515625 0.0796875 0.0515625
0 0.28046875 0.625 0.07421875 0.0765625
0 0.24375 0.77265625 0.05 0.0765625
0 0.6078125 0.98359375 0.084375 0.0328125
0 0.440625 0.93828125 0.0625 0.06484375
0 0.60859375 0.6171875 0.1296875 0.165625
0 0.83359375 0.71640625 0.0890625 0.0796875
0 0.9671875 0.7171875 0.06015625 0.06015625