0 0.55546875 0.0234375 0.0921875 0.046875
0 0.60859375 0.1875 0.0203125 0.08125
0 0.484375 0.25703125 0.06015625 0.0578125
0 0.3828125 0.109375 0.08203125 0.06953125
0 0.39296875 0.4578125 0.08671875 0.09609375
0 0.3515625 0.51875 0.09609375 0.0796875
0 0.5953125 0.4703125 0.046875 0.05625
0 0.59921875 0.55390625 0.0390625 0.0546875
0 0.09609375 0.45546875 0.06953125 0.05546875
0 0.78359375 0.29609375 0.3296875 0.3609375
0 0.91015625 0.56640625 0.1796875 0.1671875
0 0.784375 0.61484375 0.103125 0.0703125
0 0.10078125 0.78046875 0.10078125 0.084375
0 0.078125 0.878125 0.1203125 0.1109375
0 0.0140625 0.82578125 0.028125 0.0859375
0 0.39296875 0.9734375 0.0625 0.03828125
0 0.7515625 0.690625 0.265625 0.08125
0 0.67890625 0.928125 0.07421875 0.06953125
0 0.775 0.8734375 0.0671875 0.06953125
0 0.95390625 0.78515625 0.07421875 0.08203125
0 0.90703125 0.975 0.0578125 0.05