0 0.21015625 0.4140625 0.1078125 0.03125
0 0.509375 0.37890625 0.08125 0.1015625
0 0.45859375 0.228125 0.09140625 0.09140625
0 0.26796875 0.296875 0.115625 0.115625
0 0.5078125 0.028125 0.084375 0.05625
0 0.85390625 0.30078125 0.2921875 0.2578125
0 0.97421875 0.2890625 0.0515625 0.153125
0 0.9546875 0.11796875 0.090625 0.1390625
0 0.984375 0.1671875 0.03125 0.125
0 0.7921875 0.1046875 0.09375 0.09375
0 0.7 0.1234375 0.084375 0.08671875
0 0.63359375 0.2015625 0.11328125 0.115625
0 0.596875 0.10703125 0.08671875 0.0890625
0 0.58359375 0.03359375 0.0671875 0.0671875
0 0.5765625 0.2375 0.053125 0.084375
0 0.590625 0.29140625 0.08125 0.1140625
0 0.56015625 0.31640625 0.0203125 0.0828125
0 0.09609375 0.9578125 0.0984375 0.084375
0 0.0421875 0.9109375 0.084375 0.0875
0 0.190625 0.925 0.0890625 0.0890625
0 0.40625 0.98359375 0.1 0.0328125
0 0.3515625 0.8453125 0.09375 0.0984375
0 0.27734375 0.82890625 0.08671875 0.0890625
0 0.21953125 0.79375 0.0890625 0.09609375
0 0.24609375 0.67734375 0.178125 0.178125
0 0.42734375 0.68125 0.11796875 0.11796875
0 0.50078125 0.81796875 0.0765625 0.08203125
0 0.46484375 0.48125 0.07421875 0.071875
0 0.03046875 0.48984375 0.0609375 0.1015625
0 0.07890625 0.603125 0.0890625 0.09140625
0 0.05 0.8375 0.1 0.1375
0 0.8953125 0.6109375 0.209375 0.3625
0 0.79375 0.86875 0.4125 0.2625
0 0.846875 0.47109375 0.084375 0.08203125
0 0.57890625 0.74921875 0.0578125 0.0953125
0 0.63046875 0.65703125 0.0625 0.0578125
0 0.70546875 0.64296875 0.071875 0.0671875
0 0.9296875 0.4640625 0.084375 0.06875
0 0.828125 0.6171875 0.06015625 0.06015625
0 0.9109375 0.64296875 0.06484375 0.071875
0 0.903125 0.59375 0.06015625 0.0578125