0 0.45703125 0.26875 0.0234375 0.09375
0 0.43671875 0.32890625 0.0640625 0.0796875
0 0.2140625 0.26640625 0.0625 0.05546875
0 0.02578125 0.0578125 0.0515625 0.065625
0 0.5265625 0.071875 0.115625 0.125
0 0.73671875 0.2734375 0.0671875 0.06953125
0 0.67890625 0.2171875 0.0796875 0.0765625
0 0.57578125 0.25546875 0.06015625 0.06015625
0 0.5421875 0.34453125 0.06953125 0.0671875
0 0.65 0.371875 0.06953125 0.06484375
0 0.68984375 0.409375 0.053125 0.0484375
0 0.90390625 0.3578125 0.0484375 0.05078125
0 0.10703125 0.4859375 0.0671875 0.053125
0 0.16875 0.5453125 0.14453125 0.13671875
0 0.2359375 0.72265625 0.125 0.1390625
0 0.209375 0.96171875 0.103125 0.0765625
0 0.4125 0.7171875 0.084375 0.08671875
0 0.453125 0.5640625 0.03125 0.075
0 0.03203125 0.68515625 0.0640625 0.0578125
0 0.871875 0.90625 0.13671875 0.14453125
0 0.83671875 0.78125 0.103125 0.09609375
0 0.75390625 0.63125 0.146875 0.16328125
0 0.7421875 0.521875 0.146875 0.125
0 0.61328125 0.65625 0.09140625 0.09140625
0 0.49453125 0.6734375 0.0515625 0.10625
0 0.62890625 0.9765625 0.0796875 0.046875
0 0.728125 0.9875 0.10625 0.025
0 0.9828125 0.88046875 0.034375 0.0609375