0 0.4453125 0.2609375 0.0625 0.08203125
0 0.38125 0.275 0.08671875 0.10078125
0 0.2671875 0.49375 0.09375 0.071875
0 0.06875 0.4265625 0.0578125 0.06953125
0 0.01328125 0.51171875 0.0265625 0.0359375
0 0.04375 0.31015625 0.071875 0.08671875
0 0.1453125 0.28984375 0.0796875 0.07421875
0 0.10625 0.2453125 0.0453125 0.06015625
0 0.021875 0.20078125 0.04375 0.0828125
0 0.490625 0.175 0.053125 0.06015625
0 0.428125 0.17421875 0.0453125 0.05078125
0 0.1578125 0.10234375 0.09609375 0.103125
0 0.4625 0.0703125 0.134375 0.140625
0 0.60859375 0.23203125 0.1578125 0.1765625
0 0.9125 0.253125 0.1203125 0.0984375
0 0.7796875 0.4640625 0.04296875 0.0484375
0 0.546875 0.071875 0.034375 0.0625
0 0.9296875 0.1078125 0.084375 0.05078125
0 0.0390625 0.7109375 0.078125 0.23125
0 0.11640625 0.61875 0.2140625 0.178125
0 0.51875 0.63203125 0.021875 0.0984375
0 0.45703125 0.75390625 0.12265625 0.12265625
0 0.41953125 0.9171875 0.0984375 0.103125
0 0.20703125 0.87578125 0.3203125 0.2484375
0 0.45078125 0.5578125 0.1046875 0.05625
0 0.47421875 0.96328125 0.1109375 0.0734375
0 0.825 0.62890625 0.0984375 0.10078125
0 0.85 0.546875 0.071875 0.034375
0 0.54921875 0.89375 0.0390625 0.0625
0 0.68984375 0.8875 0.053125 0.040625
0 0.853125 0.9328125 0.0453125 0.0484375
0 0.5609375 0.7640625 0.0625 0.075