0 0.2859375 0.0640625 0.290625 0.128125
0 0.059375 0.17421875 0.11875 0.2328125
0 0.0109375 0.28984375 0.021875 0.0984375
0 0.04921875 0.29765625 0.09375 0.09140625
0 0.140625 0.24140625 0.08203125 0.07421875
0 0.1296875 0.29921875 0.0765625 0.071875
0 0.30625 0.4515625 0.059375 0.034375
0 0.36328125 0.44765625 0.0828125 0.0421875
0 0.4609375 0.38203125 0.021875 0.0859375
0 0.50390625 0.42890625 0.0984375 0.0796875
0 0.58359375 0.3046875 0.0796875 0.07421875
0 0.61796875 0.04765625 0.1078125 0.0953125
0 0.015625 0.7453125 0.03125 0.103125
0 0.08125 0.66015625 0.1109375 0.1078125
0 0.1015625 0.70703125 0.0671875 0.06484375
0 0.2171875 0.728125 0.0671875 0.0671875
0 0.2015625 0.83203125 0.0890625 0.08671875
0 0.34140625 0.50390625 0.1078125 0.0703125
0 0.4078125 0.48125 0.084375 0.025
0 0.36484375 0.6625 0.1078125 0.11328125
0 0.4078125 0.709375 0.084375 0.090625
0 0.19765625 0.6078125 0.08671875 0.084375
0 0.0890625 0.86328125 0.06953125 0.0796875
0 0.725 0.88359375 0.55 0.2328125
0 0.71484375 0.6375 0.125 0.11796875
0 0.5640625 0.52890625 0.2125 0.1203125
0 0.8203125 0.47578125 0.09375 0.0140625
0 0.578125 0.65078125 0.0890625 0.0890625