0 0.4703125 0.42734375 0.1375 0.2046875
0 0.328125 0.21171875 0.240625 0.21640625
0 0.16953125 0.4015625 0.0671875 0.06015625
0 0.19609375 0.271875 0.0484375 0.05546875
0 0.02578125 0.24453125 0.0515625 0.0734375
0 0.11796875 0.17421875 0.11328125 0.0890625
0 0.0265625 0.0796875 0.053125 0.084375
0 0.36171875 0.390625 0.09140625 0.0796875
0 0.39921875 0.0671875 0.06484375 0.06953125
0 0.31484375 0.0375 0.0671875 0.0578125
0 0.5890625 0.05390625 0.1 0.1078125
0 0.70546875 0.1796875 0.06484375 0.06484375
0 0.62734375 0.35703125 0.09140625 0.09375
0 0.57421875 0.48828125 0.0703125 0.0828125
0 0.7875 0.5 0.103125 0.059375
0 0.48359375 0.82890625 0.09375 0.09375
0 0.46171875 0.57890625 0.1546875 0.0984375
0 0.33359375 0.6078125 0.0578125 0.06484375
0 0.2109375 0.63203125 0.03828125 0.0484375
0 0.25546875 0.76796875 0.05078125 0.05078125
0 0.1546875 0.853125 0.0890625 0.0765625
0 0.36015625 0.9890625 0.0421875 0.021875
0 0.75546875 0.9609375 0.1109375 0.078125
0 0.95859375 0.98671875 0.0671875 0.0265625
0 0.56171875 0.94296875 0.0453125 0.0546875
0 0.59375 0.56875 0.096875 0.078125
0 0.7796875 0.6890625 0.08671875 0.08671875
0 0.99140625 0.55 0.0171875 0.040625
0 0.97890625 0.80390625 0.0421875 0.0671875