0 0.51484375 0.37265625 0.0890625 0.2203125
0 0.34375 0.2390625 0.06953125 0.06015625
0 0.42890625 0.3671875 0.0484375 0.06015625
0 0.15234375 0.36953125 0.084375 0.103125
0 0.01484375 0.4125 0.0296875 0.065625
0 0.253125 0.4625 0.06875 0.053125
0 0.38984375 0.47734375 0.1234375 0.0234375
0 0.53125 0.1625 0.05625 0.08125
0 0.82890625 0.01953125 0.1234375 0.0390625
0 0.74375 0.06875 0.19375 0.1375
0 0.6578125 0.25546875 0.0765625 0.09375
0 0.77109375 0.2203125 0.0765625 0.09375
0 0.88046875 0.18671875 0.10078125 0.11328125
0 0.965625 0.20859375 0.06484375 0.07421875
0 0.896875 0.3453125 0.084375 0.08203125
0 0.8421875 0.45234375 0.05078125 0.053125
0 0.7125 0.4484375 0.090625 0.08125
0 0.2484375 0.7984375 0.496875 0.403125
0 0.37578125 0.69140625 0.0625 0.0796875
0 0.42109375 0.75 0.0625 0.08671875
0 0.54921875 0.70546875 0.0203125 0.0578125
0 0.2796875 0.853125 0.0625 0.06953125
0 0.0125 0.7015625 0.025 0.0875
0 0.21328125 0.5171875 0.1203125 0.05625
0 0.01796875 0.6 0.0359375 0.059375
0 0.021875 0.553125 0.04375 0.05625
0 0.58515625 0.97109375 0.0515625 0.0578125
0 0.7109375 0.89375 0.071875 0.06484375
0 0.5796875 0.71640625 0.040625 0.0703125
0 0.77421875 0.5375 0.1109375 0.096875
0 0.8609375 0.73125 0.0671875 0.071875
0 0.66796875 0.72578125 0.0890625 0.084375