0 0.190625 0.04921875 0.271875 0.0984375
0 0.26953125 0.309375 0.2578125 0.2
0 0.52578125 0.20703125 0.0671875 0.0671875
0 0.434375 0.33515625 0.05078125 0.06484375
0 0.33046875 0.11640625 0.09609375 0.0890625
0 0.02109375 0.24453125 0.0421875 0.0765625
0 0.96875 0.05 0.0625 0.1
0 0.90703125 0.19140625 0.10078125 0.1109375
0 0.82578125 0.34140625 0.1609375 0.1359375
0 0.67578125 0.3515625 0.10078125 0.0984375
0 0.49140625 0.41484375 0.0421875 0.0109375
0 0.43671875 0.42109375 0.0484375 0.0234375
0 0.41640625 0.45234375 0.053125 0.05546875
0 0.4859375 0.51875 0.0796875 0.0796875
0 0.3375 0.6 0.25 0.25234375
0 0.2171875 0.69296875 0.084375 0.084375
0 0.32265625 0.76953125 0.06015625 0.0578125
0 0.278125 0.79296875 0.06953125 0.0671875
0 0.01171875 0.66171875 0.0234375 0.1140625
0 0.04140625 0.71015625 0.0828125 0.0828125
0 0.0125 0.75546875 0.025 0.0640625
0 0.1765625 0.6171875 0.06484375 0.0671875
0 0.1109375 0.66640625 0.0484375 0.0484375
0 0.74765625 0.45546875 0.05078125 0.0578125
0 0.925 0.56484375 0.08203125 0.0671875
0 0.7296875 0.83828125 0.0796875 0.06484375
0 0.6015625 0.93359375 0.084375 0.1171875
0 0.9546875 0.7703125 0.06015625 0.0625
0 0.803125 0.68359375 0.06015625 0.0671875
0 0.62421875 0.596875 0.040625 0.040625
0 0.6578125 0.63203125 0.04296875 0.0453125