0 0.32734375 0.3546875 0.19921875 0.16796875
0 0.53359375 0.47890625 0.0578125 0.0203125
0 0.471875 0.375 0.0359375 0.0484375
0 0.51875 0.259375 0.10078125 0.0625
0 0.56953125 0.1375 0.0203125 0.065625
0 0.021875 0.31328125 0.04375 0.0578125
0 0.08203125 0.3859375 0.0578125 0.05546875
0 0.21875 0.23671875 0.053125 0.0578125
0 0.28984375 0.18359375 0.0578125 0.04296875
0 0.0296875 0.06015625 0.059375 0.0546875
0 0.57265625 0.04453125 0.0140625 0.0328125
0 0.7125 0.1640625 0.265625 0.328125
0 0.9328125 0.38359375 0.134375 0.2109375
0 0.6203125 0.425 0.071875 0.09375
0 0.58828125 0.4484375 0.0171875 0.071875
0 0.4203125 0.8109375 0.1296875 0.1296875
0 0.0609375 0.81171875 0.121875 0.1359375
0 0.2171875 0.55859375 0.084375 0.084375
0 0.2140625 0.97578125 0.06875 0.0484375
0 0.059375 0.95390625 0.0796875 0.0765625
0 0.48515625 0.70625 0.07421875 0.07421875
0 0.715625 0.871875 0.0765625 0.084375
0 0.65 0.83203125 0.0765625 0.08203125
0 0.59140625 0.76171875 0.0234375 0.0796875
0 0.95546875 0.52734375 0.0890625 0.0765625
0 0.965625 0.72421875 0.06484375 0.06953125
0 0.9734375 0.64921875 0.053125 0.0765625
0 0.91328125 0.69140625 0.0484375 0.05546875