0 0.15859375 0.13671875 0.25703125 0.2453125
0 0.275 0.22578125 0.05546875 0.06015625
0 0.4546875 0.23984375 0.0765625 0.0796875
0 0.37265625 0.14765625 0.11796875 0.103125
0 0.50234375 0.0828125 0.10078125 0.09609375
0 0.084375 0.28828125 0.096875 0.0609375
0 0.121875 0.0078125 0.071875 0.015625
0 0.53515625 0.00859375 0.0515625 0.0171875
0 0.63125 0.2671875 0.0625 0.103125
0 0.7171875 0.06640625 0.05078125 0.05546875
0 0.98046875 0.01015625 0.0390625 0.0203125
0 0.03515625 0.39375 0.0703125 0.15
0 0.13203125 0.5375 0.1296875 0.1203125
0 0.175 0.64765625 0.1734375 0.146875
0 0.29453125 0.7921875 0.053125 0.053125
0 0.57890625 0.88359375 0.0421875 0.0546875
0 0.5046875 0.94609375 0.06953125 0.06953125
0 0.25078125 0.84453125 0.0625 0.06484375
0 0.44609375 0.803125 0.0484375 0.0453125
0 0.89921875 0.96640625 0.1390625 0.0671875
0 0.97578125 0.90546875 0.0484375 0.0578125
0 0.871875 0.4140625 0.0671875 0.0796875