0 0.13515625 0.17734375 0.06015625 0.05078125
0 0.0703125 0.30625 0.03828125 0.053125
0 0.22578125 0.38984375 0.0265625 0.0671875
0 0.11953125 0.434375 0.10546875 0.06953125
0 0.20078125 0.55546875 0.0765625 0.0484375
0 0.42734375 0.35078125 0.12734375 0.12265625
0 0.26015625 0.359375 0.0421875 0.1
0 0.26875 0.28203125 0.059375 0.0765625
0 0.52578125 0.1203125 0.09375 0.0984375
0 0.57734375 0.07578125 0.09140625 0.10078125
0 0.47421875 0.0375 0.0765625 0.075
0 0.34453125 0.034375 0.0859375 0.06875
0 0.6421875 0.01953125 0.115625 0.0390625
0 0.7234375 0.28984375 0.553125 0.5796875
0 0.1546875 0.71875 0.1296875 0.1109375
0 0.21953125 0.7953125 0.0390625 0.053125
0 0.0703125 0.796875 0.09375 0.071875
0 0.028125 0.85625 0.05625 0.09375
0 0.5046875 0.703125 0.271875 0.246875
0 0.46328125 0.89375 0.084375 0.0765625
0 0.33046875 0.9546875 0.0765625 0.08671875
0 0.95625 0.6921875 0.0875 0.225
0 0.33125 0.59375 0.071875 0.028125