0 0.14296875 0.60859375 0.0890625 0.0421875
0 0.0109375 0.60078125 0.021875 0.0578125
0 0.025 0.4140625 0.05 0.075
0 0.140625 0.428125 0.115625 0.11328125
0 0.23828125 0.46796875 0.1109375 0.115625
0 0.23203125 0.2890625 0.13203125 0.14453125
0 0.075 0.31015625 0.103125 0.103125
0 0.09765625 0.21640625 0.07421875 0.084375
0 0.15 0.19765625 0.08203125 0.0890625
0 0.1625 0.11171875 0.10546875 0.10078125
0 0.3921875 0.215625 0.103125 0.125
0 0.41953125 0.06640625 0.0609375 0.0921875
0 0.3328125 0.11796875 0.05546875 0.053125
0 0.0171875 0.09921875 0.034375 0.0484375
0 0.0515625 0.1015625 0.0453125 0.0484375
0 0.36328125 0.053125 0.0453125 0.0484375
0 0.03515625 0.66796875 0.0703125 0.0703125
0 0.409375 0.67578125 0.0671875 0.06484375
0 0.41875 0.7765625 0.0578125 0.05546875
0 0.503125 0.9328125 0.10625 0.134375
0 0.56171875 0.9578125 0.1359375 0.084375
0 0.678125 0.69921875 0.24375 0.1390625
0 0.90234375 0.675 0.1015625 0.090625
0 0.79453125 0.9203125 0.1890625 0.159375
0 0.89921875 0.97265625 0.0921875 0.0546875