0 0.40078125 0.509375 0.05078125 0.053125
0 0.3875 0.44140625 0.0484375 0.04296875
0 0.40078125 0.3921875 0.03359375 0.0453125
0 0.44765625 0.3703125 0.05078125 0.06015625
0 0.2875 0.39453125 0.0484375 0.06015625
0 0.0140625 0.315625 0.028125 0.065625
0 0.053125 0.2796875 0.03125 0.05078125
0 0.00625 0.18828125 0.0125 0.0421875
0 0.0390625 0.16015625 0.05546875 0.05546875
0 0.08515625 0.0421875 0.0734375 0.084375
0 0.23984375 0.265625 0.05078125 0.06953125
0 0.325 0.1625 0.05546875 0.07421875
0 0.45234375 0.18515625 0.06953125 0.084375
0 0.5390625 0.09453125 0.021875 0.0921875
0 0.64609375 0.5125 0.1921875 0.153125
0 0.9765625 0.4125 0.046875 0.040625
0 0.82890625 0.4640625 0.0578125 0.0453125
0 0.85859375 0.40859375 0.0484375 0.03359375
0 0.8203125 0.365625 0.05078125 0.05078125
0 0.58671875 0.39140625 0.0734375 0.1265625
0 0.7328125 0.30625 0.04296875 0.040625
0 0.5734375 0.30078125 0.046875 0.0609375
0 0.58515625 0.23671875 0.04296875 0.05078125
0 0.665625 0.17890625 0.03828125 0.05546875
0 0.984375 0.35 0.03125 0.034375
0 0.9953125 0.3140625 0.009375 0.040625
0 0.95390625 0.290625 0.05078125 0.053125
0 0.9109375 0.271875 0.03359375 0.0453125
0 0.90078125 0.228125 0.071875 0.0671875
0 0.81796875 0.23203125 0.03359375 0.03828125
0 0.86953125 0.17421875 0.04296875 0.0453125
0 0.96953125 0.12265625 0.0578125 0.05546875
0 0.64765625 0.040625 0.0453125 0.06484375
0 0.49140625 0.62890625 0.0984375 0.0796875
0 0.9015625 0.9671875 0.10625 0.065625
0 0.75546875 0.9609375 0.0921875 0.078125