0 0.125 0.06015625 0.1109375 0.1109375
0 0.01953125 0.06328125 0.0390625 0.1234375
0 0.19140625 0.19140625 0.05546875 0.0578125
0 0.17734375 0.26796875 0.05078125 0.0484375
0 0.19140625 0.321875 0.0359375 0.05078125
0 0.24296875 0.34765625 0.05546875 0.0671875
0 0.4140625 0.28515625 0.0265625 0.053125
0 0.0703125 0.31953125 0.053125 0.0671875
0 0.02265625 0.46328125 0.0453125 0.0796875
0 0.10859375 0.553125 0.0609375 0.03125
0 0.246875 0.5375 0.075 0.0625
0 0.86640625 0.02109375 0.0796875 0.0421875
0 0.95859375 0.334375 0.0828125 0.13125
0 0.96015625 0.4546875 0.0796875 0.146875
0 0.0796875 0.6390625 0.159375 0.140625
0 0.3453125 0.82890625 0.14921875 0.1421875
0 0.38515625 0.9265625 0.1296875 0.146875
0 0.24921875 0.9140625 0.15390625 0.15390625
0 0.26640625 0.621875 0.06953125 0.0625
0 0.0125 0.76328125 0.025 0.0546875
0 0.97734375 0.765625 0.0453125 0.071875
0 0.53828125 0.725 0.12265625 0.12265625
0 0.4765625 0.8046875 0.053125 0.09375
0 0.709375 0.89609375 0.0578125 0.0453125
0 0.69375 0.71484375 0.05546875 0.0578125