0 0.446875 0.046875 0.10625 0.09375
0 0.39375 0.2703125 0.071875 0.08671875
0 0.29140625 0.33125 0.12734375 0.1296875
0 0.096875 0.25625 0.12265625 0.1421875
0 0.01640625 0.396875 0.0328125 0.05625
0 0.4390625 0.51640625 0.0890625 0.103125
0 0.59140625 0.23984375 0.084375 0.0765625
0 0.8859375 0.0546875 0.103125 0.103125
0 0.7890625 0.159375 0.07421875 0.0671875
0 0.984375 0.18984375 0.03125 0.0484375
0 0.8 0.303125 0.0484375 0.0578125
0 0.03828125 0.6625 0.0765625 0.065625
0 0.1390625 0.69765625 0.07421875 0.0796875
0 0.153125 0.76328125 0.03828125 0.0484375
0 0.26484375 0.7765625 0.0765625 0.06484375
0 0.2140625 0.8546875 0.06484375 0.071875
0 0.01484375 0.82734375 0.0296875 0.0796875
0 0.0515625 0.9765625 0.05625 0.046875
0 0.09453125 0.9828125 0.0671875 0.034375
0 0.25078125 0.96953125 0.0671875 0.0609375
0 0.33203125 0.86328125 0.053125 0.0671875
0 0.39140625 0.825 0.05546875 0.07421875
0 0.528125 0.89765625 0.021875 0.0671875
0 0.68984375 0.6421875 0.0765625 0.025
0 0.70078125 0.69921875 0.06015625 0.084375
0 0.86171875 0.7109375 0.14453125 0.11328125
0 0.875 0.9 0.08671875 0.12265625