0 0.3390625 0.01484375 0.08125 0.0296875
0 0.0765625 0.13671875 0.153125 0.1671875
0 0.18984375 0.41015625 0.1046875 0.0984375
0 0.73984375 0.3328125 0.5203125 0.253125
0 0.41875 0.4171875 0.059375 0.084375
0 0.18828125 0.74609375 0.071875 0.06484375
0 0.1703125 0.809375 0.0578125 0.0578125
0 0.15546875 0.84609375 0.053125 0.0484375
0 0.065625 0.91640625 0.071875 0.08203125
0 0.121875 0.9140625 0.06953125 0.0765625
0 0.0671875 0.97578125 0.05625 0.0484375
0 0.0109375 0.465625 0.021875 0.0125
0 0.071875 0.47578125 0.05 0.0328125
0 0.334375 0.5296875 0.0578125 0.06484375
0 0.746875 0.86171875 0.315625 0.2765625
0 0.878125 0.94921875 0.24375 0.1015625
0 0.703125 0.5859375 0.09140625 0.09140625
0 0.734375 0.65 0.103125 0.10546875
0 0.43828125 0.68984375 0.0984375 0.1359375
0 0.453125 0.8515625 0.09140625 0.09140625
0 0.46484375 0.9140625 0.0359375 0.040625