0 0.265625 0.09375 0.09140625 0.08671875
0 0.28046875 0.2359375 0.0890625 0.084375
0 0.47734375 0.1859375 0.1734375 0.13203125
0 0.6359375 0.35703125 0.13203125 0.1296875
0 0.89140625 0.45078125 0.1203125 0.0765625
0 0.9328125 0.23203125 0.0453125 0.05078125
0 0.940625 0.3765625 0.0765625 0.0484375
0 0.76640625 0.4015625 0.053125 0.06015625
0 0.63046875 0.046875 0.053125 0.040625
0 0.9890625 0.1125 0.021875 0.0375
0 0.01484375 0.86484375 0.0296875 0.1046875
0 0.0390625 0.6234375 0.078125 0.0875
0 0.0828125 0.57265625 0.0796875 0.0890625
0 0.1328125 0.5046875 0.103125 0.03125
0 0.196875 0.74453125 0.34375 0.5109375
0 0.5203125 0.8796875 0.134375 0.15625
0 0.4796875 0.496875 0.065625 0.015625
0 0.76484375 0.778125 0.09609375 0.09609375
0 0.69609375 0.9671875 0.0828125 0.065625
0 0.9390625 0.84765625 0.0890625 0.07421875
0 0.83515625 0.7109375 0.07421875 0.09140625