0 0.14609375 0.46875 0.2265625 0.2625
0 0.0546875 0.1828125 0.109375 0.215625
0 0.14375 0.0296875 0.040625 0.040625
0 0.215625 0.01875 0.040625 0.0375
0 0.07265625 0.040625 0.053125 0.05546875
0 0.98359375 0.48203125 0.0328125 0.0734375
0 0.9828125 0.30390625 0.034375 0.1421875
0 0.6671875 0.45859375 0.0890625 0.09609375
0 0.59921875 0.42734375 0.1078125 0.10546875
0 0.52109375 0.36484375 0.084375 0.0765625
0 0.56953125 0.25703125 0.08203125 0.09140625
0 0.4203125 0.2890625 0.07421875 0.06953125
0 0.3796875 0.0765625 0.021875 0.103125
0 0.396875 0.21640625 0.05625 0.0953125
0 0.75390625 0.07578125 0.2046875 0.1515625
0 0.084375 0.95703125 0.16875 0.0859375
0 0.09296875 0.8890625 0.0765625 0.084375
0 0.246875 0.9234375 0.153125 0.153125
0 0.17734375 0.75546875 0.1078125 0.1078125
0 0.0953125 0.7140625 0.084375 0.0796875
0 0.46640625 0.6515625 0.1078125 0.053125
0 0.440625 0.7828125 0.071875 0.06953125