0 0.3328125 0.315625 0.28828125 0.29296875
0 0.19140625 0.11015625 0.16328125 0.16328125
0 0.35 0.0625 0.0625 0.0625
0 0.3609375 0.1125 0.0578125 0.0578125
0 0.41015625 0.0578125 0.0625 0.0671875
0 0.3078125 0.1609375 0.07421875 0.07421875
0 0.2921875 0.07578125 0.05546875 0.06015625
0 0.025 0.24375 0.05 0.084375
0 0.56328125 0.14609375 0.0890625 0.2484375
0 0.9796875 0.30078125 0.040625 0.0796875
0 0.965625 0.20546875 0.06875 0.1109375
0 0.878125 0.040625 0.05078125 0.05546875
0 0.73671875 0.03359375 0.06484375 0.0578125
0 0.753125 0.09609375 0.0484375 0.05078125
0 0.61953125 0.0890625 0.05078125 0.0453125
0 0.653125 0.18046875 0.0578125 0.06015625
0 0.7578125 0.24375 0.0625 0.05546875
0 0.61171875 0.328125 0.0578125 0.0671875
0 0.56796875 0.315625 0.053125 0.053125
0 0.571875 0.378125 0.07421875 0.0765625
0 0.4140625 0.99375 0.071875 0.0125
0 0.3734375 0.90625 0.11328125 0.1078125
0 0.21171875 0.7515625 0.3125 0.28125
0 0.05390625 0.70703125 0.0671875 0.0765625
0 0.29296875 0.67734375 0.14453125 0.14921875
0 0.1515625 0.565625 0.215625 0.13125
0 0.49765625 0.63984375 0.0421875 0.0578125
0 0.809375 0.865625 0.08671875 0.0796875
0 0.7390625 0.89375 0.03359375 0.04296875
0 0.81171875 0.97734375 0.08203125 0.04296875
0 0.853125 0.93046875 0.040625 0.040625
0 0.70078125 0.85234375 0.06953125 0.0796875
0 0.58515625 0.859375 0.0796875 0.084375
0 0.54140625 0.8421875 0.0453125 0.065625
0 0.58046875 0.96796875 0.1203125 0.0640625
0 0.60390625 0.69921875 0.1703125 0.1578125
0 0.6984375 0.590625 0.1515625 0.1296875
0 0.78515625 0.60625 0.07421875 0.06484375
0 0.8375 0.678125 0.06484375 0.06484375
0 0.7921875 0.71640625 0.0578125 0.0796875
0 0.7453125 0.75546875 0.05078125 0.05078125
0 0.8953125 0.78515625 0.040625 0.040625
0 0.82734375 0.521875 0.0671875 0.04375
0 0.5921875 0.534375 0.146875 0.06875
0 0.9265625 0.603125 0.146875 0.20625