0 0.6203125 0.7828125 0.0796875 0.08671875
0 0.8078125 0.796875 0.0671875 0.0578125
0 0.9625 0.7609375 0.07421875 0.07421875
0 0.890625 0.6890625 0.0671875 0.06953125
0 0.96640625 0.6390625 0.0671875 0.07421875
0 0.78359375 0.525 0.16328125 0.14921875
0 0.859375 0.42578125 0.10546875 0.103125
0 0.95625 0.3703125 0.0875 0.11875
0 0.921875 0.19375 0.12265625 0.1515625
0 0.7546875 0.19375 0.1703125 0.1703125
0 0.7671875 0.0515625 0.1921875 0.084375
0 0.3171875 0.134375 0.10078125 0.08203125
0 0.3109375 0.3328125 0.06953125 0.0578125
0 0.2859375 0.428125 0.0796875 0.06953125
0 0.3640625 0.5484375 0.0765625 0.0796875
0 0.37734375 0.640625 0.0671875 0.05078125
0 0.21015625 0.5578125 0.08671875 0.115625
0 0.23046875 0.63671875 0.053125 0.0484375
0 0.446875 0.8125 0.05546875 0.06484375
0 0.3765625 0.85546875 0.053125 0.03359375
0 0.3640625 0.8234375 0.0359375 0.05078125
0 0.30546875 0.8578125 0.0578125 0.04296875
0 0.0421875 0.6875 0.0671875 0.06015625
0 0.07109375 0.56640625 0.0671875 0.0671875
0 0.0296875 0.38359375 0.0484375 0.0671875