0 0.7015625 0.73203125 0.103125 0.1078125
0 0.88359375 0.6875 0.08203125 0.0765625
0 0.98671875 0.60546875 0.0265625 0.09375
0 0.92890625 0.56015625 0.08671875 0.08671875
0 0.97109375 0.4890625 0.0578125 0.09140625
0 0.77734375 0.4359375 0.2015625 0.1921875
0 0.81953125 0.31875 0.13203125 0.1296875
0 0.8953125 0.23828125 0.11796875 0.1390625
0 0.80625 0.08515625 0.16328125 0.1703125
0 0.64765625 0.1296875 0.2140625 0.2140625
0 0.615625 0.0296875 0.209375 0.059375
0 0.2140625 0.209375 0.1203125 0.1078125
0 0.26796875 0.39921875 0.084375 0.07421875
0 0.27421875 0.49765625 0.0984375 0.09140625
0 0.3859375 0.5875 0.09609375 0.0984375
0 0.4265625 0.6703125 0.0796875 0.0671875
0 0.24296875 0.64453125 0.11796875 0.13671875
0 0.2859375 0.7125 0.06484375 0.0625
0 0.5453125 0.8140625 0.071875 0.0796875
0 0.49140625 0.8765625 0.06015625 0.0484375
0 0.4703125 0.8484375 0.05078125 0.06015625
0 0.42578125 0.9015625 0.06953125 0.06015625
0 0.12265625 0.81875 0.08203125 0.0796875
0 0.11171875 0.69453125 0.084375 0.084375
0 0.025 0.53359375 0.05 0.0796875