0 0.2671875 0.35625 0.084375 0.046875
0 0.27421875 0.27265625 0.0984375 0.09140625
0 0.3859375 0.1828125 0.09609375 0.0984375
0 0.4265625 0.1 0.0796875 0.0671875
0 0.24296875 0.12578125 0.11796875 0.13671875
0 0.2859375 0.0578125 0.06484375 0.0625
0 0.11171875 0.07578125 0.084375 0.084375
0 0.025 0.23671875 0.05 0.0796875
0 0.59296875 0.31484375 0.09375 0.053125
0 0.56484375 0.23671875 0.053125 0.0578125
0 0.8578125 0.03046875 0.059375 0.0609375
0 0.98984375 0.14765625 0.0203125 0.0671875
0 0.95703125 0.30546875 0.0859375 0.1390625
0 0.71015625 0.21875 0.06953125 0.0625
0 0.3953125 0.9203125 0.153125 0.159375
0 0.465625 0.74921875 0.10625 0.1078125
0 0.090625 0.571875 0.09140625 0.0890625
0 0.028125 0.78125 0.05625 0.096875
0 0.13984375 0.8015625 0.10546875 0.1078125
0 0.2 0.8578125 0.06953125 0.071875
0 0.4078125 0.49609375 0.08203125 0.084375
0 0.7359375 0.5015625 0.13671875 0.13203125
0 0.57265625 0.5125 0.1078125 0.153125
0 0.78984375 0.7671875 0.21171875 0.2046875