0 0.4671875 0.80546875 0.11328125 0.115625
0 0.6234375 0.90859375 0.08671875 0.084375
0 0.7765625 0.9515625 0.10078125 0.09609375
0 0.7484375 0.85546875 0.09375 0.09375
0 0.8390625 0.8484375 0.09375 0.0984375
0 0.7359375 0.66015625 0.21640625 0.21171875
0 0.85078125 0.6109375 0.1421875 0.1421875
0 0.946875 0.6109375 0.10546875 0.14453125
0 0.9640625 0.4375 0.071875 0.1921875
0 0.87109375 0.35703125 0.23046875 0.23046875
0 0.92421875 0.23828125 0.1515625 0.16796875
0 0.51953125 0.0921875 0.12734375 0.1203125
0 0.4171875 0.26171875 0.0890625 0.084375
0 0.3484375 0.3328125 0.103125 0.10078125
0 0.3578125 0.47578125 0.10546875 0.10546875
0 0.32421875 0.5625 0.084375 0.0765625
0 0.2203125 0.41015625 0.13203125 0.1421875
0 0.1984375 0.48828125 0.06953125 0.0671875
0 0.30078125 0.74765625 0.0796875 0.084375
0 0.21875 0.75 0.0625 0.053125
0 0.2234375 0.71484375 0.0578125 0.0625
0 0.1546875 0.71875 0.071875 0.0671875
0 0.0265625 0.43984375 0.053125 0.08671875
0 0.0921875 0.3484375 0.09140625 0.09140625
0 0.146875 0.16953125 0.07421875 0.08203125