0 0.91953125 0.04453125 0.09609375 0.0890625
0 0.853125 0.078125 0.084375 0.08671875
0 0.8421875 0.16328125 0.0671875 0.06015625
0 0.9015625 0.26328125 0.0796875 0.07421875
0 0.6921875 0.33515625 0.3484375 0.30546875
0 0.6671875 0.51328125 0.1109375 0.09375
0 0.37265625 0.01171875 0.0796875 0.0140625
0 0.45078125 0.0609375 0.1078125 0.121875
0 0.390625 0.0640625 0.06484375 0.0796875
0 0.61875 0.03828125 0.0625 0.0625
0 0.7078125 0.0578125 0.09140625 0.08203125
0 0.73828125 0.0046875 0.125 0.009375
0 0.21875 0.0375 0.09140625 0.03828125
0 0.1359375 0.1609375 0.053125 0.053125
0 0.15859375 0.2046875 0.08671875 0.08671875
0 0.13125 0.290625 0.0625 0.06015625
0 0.10234375 0.240625 0.07421875 0.0796875
0 0.08046875 0.31953125 0.04296875 0.0484375
0 0.03359375 0.3234375 0.0671875 0.0796875
0 0.040625 0.78515625 0.04296875 0.071875
0 0.0890625 0.7125 0.0765625 0.0671875
0 0.22734375 0.65390625 0.13671875 0.13671875
0 0.3453125 0.5765625 0.12265625 0.13671875
0 0.2859375 0.97734375 0.071875 0.0453125
0 0.57109375 0.95703125 0.08671875 0.07421875
0 0.72578125 0.803125 0.0765625 0.071875
0 0.9484375 0.8375 0.103125 0.16328125
0 0.76171875 0.709375 0.0578125 0.0578125
0 0.8171875 0.609375 0.0671875 0.07421875
0 0.86640625 0.58671875 0.053125 0.071875
0 0.978125 0.4484375 0.04296875 0.08203125
0 0.52890625 0.2015625 0.0984375 0.071875