0 0.0640625 0.203125 0.0796875 0.0796875
0 0.125 0.2328125 0.0625 0.06953125
0 0.1390625 0.30390625 0.053125 0.0484375
0 0.09765625 0.39453125 0.06015625 0.0578125
0 0.27265625 0.44140625 0.2671875 0.23828125
0 0.30546875 0.59140625 0.084375 0.07421875
0 0.5109375 0.1109375 0.06484375 0.06953125
0 0.45078125 0.1890625 0.0796875 0.10078125
0 0.5 0.1875 0.0484375 0.06484375
0 0.3125 0.18125 0.0484375 0.05078125
0 0.24140625 0.2046875 0.06953125 0.06484375
0 0.2125 0.1078125 0.10078125 0.103125
0 0.63828125 0.13125 0.071875 0.06953125
0 0.67890625 0.07421875 0.040625 0.05078125
0 0.7125 0.25390625 0.03828125 0.040625
0 0.6984375 0.290625 0.06484375 0.06953125
0 0.72578125 0.36328125 0.0484375 0.0484375
0 0.7453125 0.31875 0.0578125 0.0625
0 0.76796875 0.384375 0.03359375 0.03828125
0 0.81015625 0.38359375 0.05546875 0.0625
0 0.8484375 0.04921875 0.0359375 0.040625
0 0.88125 0.6234375 0.0671875 0.07421875
0 0.9515625 0.65625 0.06015625 0.06484375
0 0.9484375 0.70546875 0.05078125 0.05078125
0 0.9578125 0.77734375 0.0578125 0.05546875
0 0.89453125 0.70546875 0.071875 0.084375
0 0.8484375 0.77890625 0.0625 0.0578125
0 0.78828125 0.72109375 0.0578125 0.053125
0 0.671875 0.68046875 0.103125 0.1078125
0 0.571875 0.62265625 0.09140625 0.1109375
0 0.646875 0.9671875 0.05546875 0.0484375
0 0.41328125 0.9640625 0.06484375 0.0578125
0 0.27734375 0.84375 0.0578125 0.0578125
0 0.071875 0.890625 0.125 0.13203125
0 0.24140625 0.7671875 0.04296875 0.0453125
0 0.18984375 0.68515625 0.05078125 0.06015625
0 0.14765625 0.66796875 0.03828125 0.0578125
0 0.0328125 0.5578125 0.06015625 0.0671875
0 0.396875 0.31484375 0.0765625 0.0578125
0 0.87890625 0.25859375 0.03359375 0.0484375