0 0.75859375 0.8296875 0.11328125 0.10546875
0 0.196875 0.8703125 0.13671875 0.125
0 0.25390625 0.77421875 0.0578125 0.0484375
0 0.45546875 0.8015625 0.05546875 0.05546875
0 0.35078125 0.39765625 0.1109375 0.10078125
0 0.478125 0.55859375 0.0796875 0.08203125
0 0.6625 0.19921875 0.13671875 0.125
0 0.796875 0.1859375 0.09375 0.10546875
0 0.5875 0.1421875 0.05546875 0.04296875
0 0.5796875 0.09375 0.05546875 0.0578125
0 0.146875 0.259375 0.05078125 0.05546875
0 0.12734375 0.3265625 0.0890625 0.10546875
0 0.6890625 0.60546875 0.09140625 0.0765625