0 0.0953125 0.02265625 0.084375 0.0453125
0 0.2859375 0.4 0.165625 0.1375
0 0.0625 0.3515625 0.125 0.12734375
0 0.528125 0.40625 0.021875 0.084375
0 0.49453125 0.33125 0.0890625 0.15625
0 0.94140625 0.31015625 0.1171875 0.1203125
0 0.9875 0.20546875 0.025 0.0703125
0 0.984375 0.11953125 0.03125 0.0921875
0 0.634375 0.2609375 0.08671875 0.08203125
0 0.6734375 0.30625 0.071875 0.06953125
0 0.69921875 0.33046875 0.0625 0.06015625
0 0.80390625 0.3546875 0.09140625 0.09609375
0 0.7546875 0.375 0.0890625 0.09140625
0 0.825 0.409375 0.06953125 0.071875
0 0.625 0.0078125 0.0625 0.015625
0 0.1984375 0.58125 0.146875 0.1421875
0 0.20546875 0.66875 0.09375 0.0765625
0 0.0421875 0.75625 0.084375 0.103125
0 0.06875 0.54453125 0.1375 0.1515625
0 0.05859375 0.5015625 0.0953125 0.065625
0 0.01640625 0.9578125 0.0328125 0.084375
0 0.27734375 0.95703125 0.0734375 0.0859375
0 0.38125 0.83359375 0.1109375 0.11328125
0 0.65546875 0.9640625 0.0578125 0.053125
0 0.63359375 0.7265625 0.09609375 0.08671875
0 0.740625 0.8 0.0578125 0.07421875
0 0.78515625 0.84921875 0.06015625 0.0671875
0 0.9734375 0.81484375 0.053125 0.0671875
0 0.984375 0.7390625 0.03125 0.0625