0 0.05078125 0.2890625 0.1015625 0.1
0 0.1609375 0.45 0.05625 0.08125
0 0.3984375 0.3265625 0.0765625 0.084375
0 0.2515625 0.31328125 0.0671875 0.071875
0 0.2546875 0.53984375 0.06015625 0.071875
0 0.40234375 0.5859375 0.0765625 0.028125
0 0.5046875 0.5609375 0.0578125 0.071875
0 0.63515625 0.575 0.0671875 0.05
0 0.7109375 0.44765625 0.0796875 0.0984375
0 0.715625 0.35390625 0.0890625 0.09375
0 0.8296875 0.46796875 0.0453125 0.06484375
0 0.87265625 0.4171875 0.084375 0.08203125
0 0.3796875 0.05 0.0671875 0.06953125
0 0.32578125 0.05234375 0.0453125 0.040625
0 0.7109375 0.1625 0.084375 0.06484375
0 0.78515625 0.2625 0.05078125 0.0625
0 0.09453125 0.88046875 0.1890625 0.2390625
0 0.16796875 0.6234375 0.0421875 0.046875
0 0.015625 0.66640625 0.03125 0.0796875
0 0.41796875 0.946875 0.1515625 0.10625
0 0.2609375 0.90546875 0.14375 0.1640625
0 0.88671875 0.9015625 0.0765625 0.0765625
0 0.93515625 0.9890625 0.0796875 0.021875
0 0.66015625 0.646875 0.09375 0.084375
0 0.44765625 0.625 0.0859375 0.05
0 0.3234375 0.7515625 0.1203125 0.115625
0 0.50234375 0.84921875 0.07421875 0.08671875