0 0.08203125 0.01796875 0.0796875 0.0359375
0 0.2671875 0.35546875 0.13671875 0.125
0 0.4015625 0.36875 0.09375 0.10546875
0 0.1921875 0.4125 0.05546875 0.04296875
0 0.18359375 0.4453125 0.0546875 0.028125
0 0.78984375 0.27890625 0.4203125 0.3609375
0 0.67421875 0.16328125 0.1890625 0.2328125
0 0.59921875 0.25625 0.0390625 0.1375
0 0.98359375 0.0625 0.0328125 0.115625
0 0.31015625 0.9734375 0.1640625 0.053125
0 0.4890625 0.96796875 0.15625 0.0640625
0 0.54140625 0.95390625 0.0765625 0.0921875
0 0.525 0.9140625 0.09375 0.0890625
0 0.2046875 0.95390625 0.103125 0.0921875
0 0.01484375 0.89765625 0.0296875 0.0796875
0 0.0234375 0.83828125 0.046875 0.0578125
0 0.103125 0.8734375 0.10546875 0.1078125
0 0.16484375 0.871875 0.084375 0.09375
0 0.1 0.8046875 0.0765625 0.0796875
0 0.04296875 0.76953125 0.06484375 0.0578125
0 0.1703125 0.79765625 0.08671875 0.084375
0 0.2125 0.7109375 0.053125 0.0578125
0 0.2609375 0.7265625 0.071875 0.07421875
0 0.2828125 0.678125 0.06484375 0.0625
0 0.10234375 0.48125 0.1609375 0.04375
0 0.52578125 0.81171875 0.1078125 0.2046875
0 0.5640625 0.70234375 0.03125 0.0796875
0 0.42421875 0.725 0.06953125 0.06953125
0 0.37109375 0.79609375 0.07421875 0.0765625
0 0.29921875 0.840625 0.0625 0.0578125
0 0.36328125 0.93359375 0.05078125 0.053125
0 0.07421875 0.6078125 0.084375 0.08203125
0 0.3453125 0.5375 0.06484375 0.07421875
0 0.5546875 0.50390625 0.05 0.0765625
0 0.37890625 0.484375 0.0609375 0.05
0 0.01484375 0.55390625 0.0296875 0.0609375
0 0.03515625 0.553125 0.05078125 0.05546875
0 0.63515625 0.5078125 0.1109375 0.096875
0 0.74453125 0.57578125 0.103125 0.10546875
0 0.8125 0.51484375 0.06953125 0.0625
0 0.8359375 0.709375 0.0890625 0.0796875
0 0.8875 0.82109375 0.0890625 0.0765625
0 0.9796875 0.85625 0.040625 0.059375
0 0.91484375 0.94140625 0.1703125 0.1171875
0 0.71328125 0.73125 0.103125 0.084375
0 0.615625 0.79609375 0.071875 0.0953125
0 0.63984375 0.915625 0.1203125 0.16875
0 0.7421875 0.9375 0.0625 0.07421875