0 0.47890625 0.01328125 0.0484375 0.0265625
0 0.58125 0.171875 0.0375 0.071875
0 0.25546875 0.41796875 0.2140625 0.1234375
0 0.04296875 0.41015625 0.0453125 0.053125
0 0.06328125 0.18515625 0.11328125 0.1203125
0 0.184375 0.11328125 0.071875 0.0671875
0 0.26015625 0.021875 0.0453125 0.04375
0 0.3265625 0.040625 0.04296875 0.040625
0 0.48359375 0.24609375 0.0578125 0.0578125
0 0.4609375 0.353125 0.09140625 0.09140625
0 0.45625 0.421875 0.0625 0.0671875
0 0.05390625 0.01640625 0.0421875 0.0328125
0 0.0109375 0.03671875 0.021875 0.0734375
0 0.2984375 0.14921875 0.04296875 0.053125
0 0.69921875 0.1703125 0.11796875 0.10546875
0 0.63515625 0.2390625 0.0703125 0.146875
0 0.97109375 0.39921875 0.0578125 0.0984375
0 0.7734375 0.40703125 0.13203125 0.1421875
0 0.19765625 0.94453125 0.2234375 0.1109375
0 0.534375 0.83515625 0.0671875 0.0796875
0 0.428125 0.85859375 0.06484375 0.071875
0 0.3921875 0.7859375 0.10078125 0.1203125
0 0.3140625 0.6859375 0.06484375 0.06484375
0 0.26640625 0.753125 0.10546875 0.13671875
0 0.13984375 0.8515625 0.0625 0.0625
0 0.0953125 0.80703125 0.0484375 0.053125
0 0.0453125 0.96484375 0.06484375 0.0578125
0 0.575 0.6765625 0.05 0.0875
0 0.58359375 0.6109375 0.0328125 0.053125
0 0.23828125 0.61015625 0.06015625 0.06484375
0 0.640625 0.49765625 0.06875 0.0359375
0 0.94609375 0.48984375 0.0671875 0.0203125
0 0.85390625 0.52734375 0.0859375 0.0953125
0 0.85703125 0.690625 0.0765625 0.07421875
0 0.71875 0.65546875 0.0765625 0.10546875
0 0.78125 0.76875 0.0625 0.05546875
0 0.68046875 0.98125 0.0609375 0.0375
0 0.69609375 0.92109375 0.05546875 0.0453125
0 0.771875 0.96796875 0.06875 0.0640625
0 0.62265625 0.98359375 0.0453125 0.0328125