0 0.63359375 0.8078125 0.05546875 0.053125
0 0.79296875 0.7875 0.0484375 0.06015625
0 0.853125 0.80078125 0.040625 0.0359375
0 0.8578125 0.8390625 0.0578125 0.0578125
0 0.89296875 0.81953125 0.0359375 0.04296875
0 0.9546875 0.8421875 0.05078125 0.053125
0 0.9078125 0.6140625 0.10546875 0.11796875
0 0.87890625 0.72109375 0.05078125 0.05546875
0 0.796875 0.65234375 0.06484375 0.06484375
0 0.69375 0.584375 0.05546875 0.053125
0 0.77734375 0.39765625 0.0796875 0.084375
0 0.81015625 0.36796875 0.0625 0.06015625
0 0.87265625 0.36328125 0.0671875 0.0671875
0 0.946875 0.31015625 0.0578125 0.07421875
0 0.8234375 0.1421875 0.05078125 0.0578125
0 0.74609375 0.05546875 0.18515625 0.1109375
0 0.54296875 0.1046875 0.053125 0.053125
0 0.390625 0.1875 0.2453125 0.228125
0 0.1890625 0.2703125 0.05546875 0.06015625
0 0.13671875 0.35 0.053125 0.05546875
0 0.2515625 0.48828125 0.134375 0.1390625
0 0.38359375 0.53515625 0.084375 0.0796875
0 0.47734375 0.6140625 0.05546875 0.0625
0 0.5375 0.578125 0.05078125 0.0484375
0 0.65234375 0.34609375 0.0671875 0.0671875
0 0.609375 0.24609375 0.1078125 0.1078125
0 0.59140625 0.18046875 0.07421875 0.0796875
0 0.27734375 0.665625 0.053125 0.06484375
0 0.33203125 0.71640625 0.05546875 0.05546875
0 0.19921875 0.65 0.09609375 0.09140625
0 0.553125 0.7546875 0.11328125 0.10078125
0 0.6109375 0.728125 0.0453125 0.053125
0 0.34609375 0.92578125 0.06484375 0.05546875
0 0.30390625 0.89296875 0.0484375 0.05546875
0 0.15390625 0.87265625 0.0578125 0.06015625
0 0.15 0.7765625 0.0796875 0.0765625
0 0.52265625 0.9546875 0.09140625 0.07421875
0 0.65390625 0.91484375 0.06484375 0.0625
0 0.4890625 0.478125 0.053125 0.06015625