0 0.03828125 0.3453125 0.0765625 0.103125
0 0.0828125 0.4359375 0.040625 0.028125
0 0.15078125 0.36328125 0.05546875 0.0578125
0 0.23828125 0.275 0.0484375 0.04296875
0 0.1203125 0.109375 0.0671875 0.071875
0 0.0828125 0.08515625 0.05546875 0.05078125
0 0.02421875 0.09296875 0.0484375 0.0578125
0 0.390625 0.240625 0.04296875 0.040625
0 0.23359375 0.03515625 0.0578125 0.0578125
0 0.3890625 0.41171875 0.059375 0.0765625
0 0.3484375 0.4015625 0.0359375 0.0484375
0 0.4078125 0.13125 0.021875 0.053125
0 0.64453125 0.04296875 0.1921875 0.0859375
0 0.66328125 0.1796875 0.1734375 0.18984375
0 0.846875 0.34453125 0.0890625 0.0890625
0 0.97109375 0.27890625 0.0578125 0.0671875
0 0.96875 0.203125 0.05546875 0.05546875
0 0.2234375 0.95 0.146875 0.1
0 0.2765625 0.8640625 0.0578125 0.0625
0 0.3078125 0.90859375 0.03828125 0.040625
0 0.0078125 0.93203125 0.015625 0.0515625
0 0.0296875 0.828125 0.059375 0.075
0 0.0953125 0.8234375 0.06015625 0.0671875
0 0.13984375 0.76171875 0.071875 0.0625
0 0.2109375 0.66953125 0.03359375 0.0359375
0 0.29453125 0.5828125 0.0890625 0.09609375
0 0.20546875 0.4890625 0.0921875 0.078125
0 0.12421875 0.51875 0.053125 0.0578125
0 0.084375 0.5140625 0.04296875 0.0359375
0 0.38359375 0.60234375 0.040625 0.05546875
0 0.74609375 0.98984375 0.0890625 0.0203125
0 0.62265625 0.928125 0.2453125 0.14375
0 0.4484375 0.9421875 0.059375 0.084375
0 0.69765625 0.828125 0.10078125 0.09140625
0 0.459375 0.76796875 0.07421875 0.0671875
0 0.44765625 0.46953125 0.0578125 0.0390625
0 0.95703125 0.53984375 0.0578125 0.0671875
0 0.80234375 0.646875 0.06015625 0.06484375
0 0.93359375 0.94453125 0.08203125 0.07421875
0 0.509375 0.85234375 0.06015625 0.06953125
0 0.98125 0.93515625 0.0375 0.0640625