0 0.24921875 0.0921875 0.08203125 0.09375
0 0.13359375 0.1453125 0.09140625 0.09140625
0 0.0578125 0.046875 0.04296875 0.06953125
0 0.05234375 0.26796875 0.071875 0.0625
0 0.240625 0.25 0.1609375 0.14453125
0 0.1046875 0.38671875 0.0484375 0.03359375
0 0.36875 0.38359375 0.0625 0.0953125
0 0.3375 0.58125 0.065625 0.05625
0 0.25390625 0.4796875 0.05078125 0.06484375
0 0.02578125 0.5328125 0.0359375 0.0484375
0 0.07109375 0.4515625 0.0265625 0.03359375
0 0.75234375 0.59296875 0.0578125 0.0328125
0 0.77109375 0.2203125 0.05078125 0.04296875
0 0.64296875 0.03515625 0.053125 0.0484375
0 0.37890625 0.84375 0.0421875 0.19375
0 0.321875 0.728125 0.0796875 0.0890625
0 0.0453125 0.84609375 0.090625 0.0984375
0 0.04296875 0.71953125 0.0859375 0.0921875
0 0.82578125 0.92109375 0.05078125 0.05078125
0 0.725 0.8359375 0.0890625 0.0765625
0 0.97890625 0.65625 0.0421875 0.05
0 0.93125 0.6859375 0.04296875 0.0484375
0 0.5171875 0.6546875 0.0484375 0.0453125
0 0.4546875 0.70234375 0.053125 0.05078125