0 0.55859375 0.01015625 0.1203125 0.0203125
0 0.1078125 0.06484375 0.0796875 0.08203125
0 0.02734375 0.2578125 0.0546875 0.103125
0 0.57578125 0.32734375 0.0859375 0.1015625
0 0.6046875 0.17109375 0.028125 0.0578125
0 0.4703125 0.021875 0.03125 0.04296875
0 0.31328125 0.0078125 0.0546875 0.015625
0 0.26015625 0.14296875 0.03359375 0.03828125
0 0.32265625 0.18046875 0.03359375 0.04296875
0 0.9 0.4125 0.071875 0.07421875
0 0.978125 0.09140625 0.04375 0.0609375
0 0.840625 0.05546875 0.134375 0.1109375
0 0.7625 0.14453125 0.05078125 0.0625
0 0.6796875 0.028125 0.096875 0.05625
0 0.66015625 0.47265625 0.05546875 0.05546875
0 0.90625 0.2890625 0.071875 0.06484375
0 0.81640625 0.25390625 0.03828125 0.040625
0 0.41796875 0.571875 0.1328125 0.125
0 0.57265625 0.5359375 0.0921875 0.053125
0 0.4671875 0.76484375 0.1421875 0.13671875
0 0.540625 0.85234375 0.134375 0.12734375
0 0.30390625 0.9015625 0.084375 0.0625
0 0.04140625 0.94140625 0.0796875 0.0765625
0 0.234375 0.578125 0.15625 0.1375
0 0.7875 0.55703125 0.096875 0.0953125
0 0.940625 0.75859375 0.11875 0.2546875
0 0.77109375 0.87578125 0.09140625 0.115625
0 0.63828125 0.81640625 0.0390625 0.0765625