0 0.37734375 0.0171875 0.1609375 0.034375
0 0.5140625 0.09921875 0.0484375 0.03359375
0 0.21796875 0.096875 0.125 0.09609375
0 0.2328125 0.4515625 0.08671875 0.10078125
0 0.31875 0.39296875 0.0453125 0.06015625
0 0.28046875 0.2953125 0.06484375 0.0578125
0 0.36484375 0.1921875 0.05078125 0.06484375
0 0.1265625 0.1453125 0.03125 0.04296875
0 0.15 0.0109375 0.053125 0.021875
0 0.53671875 0.46640625 0.0359375 0.04296875
0 0.59296875 0.2453125 0.0359375 0.0484375
0 0.54765625 0.1640625 0.0265625 0.03359375
0 0.84140625 0.5390625 0.1296875 0.1
0 0.946875 0.5578125 0.10625 0.0625
0 0.82890625 0.42265625 0.06484375 0.0671875
0 0.86640625 0.3640625 0.0578125 0.0578125
0 0.87109375 0.31328125 0.0484375 0.05546875
0 0.8375 0.27734375 0.0671875 0.071875
0 0.67265625 0.27265625 0.040625 0.053125
0 0.9703125 0.3546875 0.059375 0.071875
0 0.9921875 0.12890625 0.015625 0.0890625
0 0.9 0.1046875 0.09375 0.10078125
0 0.84140625 0.01875 0.0765625 0.0375
0 0.55 0.965625 0.084375 0.06875
0 0.575 0.84609375 0.0875 0.1109375
0 0.4578125 0.8890625 0.0890625 0.08671875
0 0.55625 0.69296875 0.07421875 0.07421875
0 0.50234375 0.74140625 0.06015625 0.0578125
0 0.46640625 0.74921875 0.0453125 0.0453125
0 0.58203125 0.6171875 0.0671875 0.05625
0 0.3859375 0.79375 0.12734375 0.12265625
0 0.259375 0.93203125 0.0578125 0.0578125
0 0.3859375 0.68203125 0.06015625 0.06015625
0 0.328125 0.696875 0.0578125 0.0578125
0 0.17421875 0.6390625 0.05078125 0.0484375
0 0.95234375 0.79453125 0.0953125 0.2296875
0 0.76875 0.96953125 0.103125 0.0609375
0 0.634375 0.73359375 0.03125 0.0890625
0 0.81484375 0.6625 0.2078125 0.146875