0 0.37578125 0.22265625 0.09375 0.09609375
0 0.36015625 0.2875 0.0671875 0.06484375
0 0.31328125 0.2453125 0.071875 0.0671875
0 0.44140625 0.3078125 0.0171875 0.084375
0 0.1171875 0.22265625 0.09609375 0.09375
0 0.7453125 0.38359375 0.121875 0.0703125
0 0.91640625 0.39375 0.0984375 0.05
0 0.6109375 0.03515625 0.05546875 0.0671875
0 0.8078125 0.009375 0.03125 0.01875
0 0.87734375 0.31875 0.06953125 0.08671875
0 0.81953125 0.30625 0.07421875 0.09140625
0 0.79296875 0.2125 0.10078125 0.10078125
0 0.565625 0.36015625 0.09375 0.1171875
0 0.4953125 0.20703125 0.090625 0.0890625
0 0.6140625 0.246875 0.053125 0.053125
0 0.94921875 0.17421875 0.040625 0.05078125
0 0.9078125 0.18125 0.040625 0.05078125
0 0.99453125 0.05 0.0109375 0.05
0 0.57109375 0.17890625 0.040625 0.05078125
0 0.1015625 0.54375 0.11796875 0.1203125
0 0.28046875 0.51953125 0.10078125 0.103125
0 0.3328125 0.528125 0.084375 0.09140625
0 0.34375 0.6984375 0.0671875 0.06953125
0 0.278125 0.79453125 0.04296875 0.053125
0 0.23125 0.8234375 0.05078125 0.0625
0 0.32734375 0.8296875 0.03359375 0.053125
0 0.05546875 0.703125 0.06015625 0.06953125
0 0.01875 0.95 0.0375 0.06875
0 0.43125 0.51328125 0.0375 0.0671875
0 0.50546875 0.4703125 0.1109375 0.103125
0 0.69921875 0.43828125 0.1453125 0.0390625
0 0.928125 0.76875 0.10078125 0.10078125
0 0.7515625 0.74765625 0.10546875 0.10546875
0 0.70234375 0.678125 0.209375 0.209375
0 0.63125 0.87421875 0.11796875 0.1203125
0 0.71015625 0.95703125 0.1046875 0.0859375
0 0.67890625 0.99296875 0.0984375 0.0140625
0 0.825 0.98671875 0.103125 0.0265625
0 0.98125 0.55703125 0.0375 0.0984375
0 0.56328125 0.55 0.1875 0.1875