0 0.45546875 0.01171875 0.1015625 0.0234375
0 0.42578125 0.128125 0.12734375 0.13203125
0 0.325 0.19609375 0.06953125 0.0671875
0 0.41640625 0.33671875 0.0796875 0.0796875
0 0.3453125 0.359375 0.1109375 0.1109375
0 0.34453125 0.40546875 0.1109375 0.0484375
0 0.17578125 0.3734375 0.103125 0.0984375
0 0.76171875 0.390625 0.08671875 0.0625
0 0.56796875 0.34921875 0.0765625 0.0921875
0 0.75234375 0.059375 0.06015625 0.084375
0 0.89296875 0.1625 0.09375 0.103125
0 0.2734375 0.51796875 0.0796875 0.08203125
0 0.31328125 0.59296875 0.0671875 0.0578125
0 0.2625 0.60703125 0.084375 0.09609375
0 0.33203125 0.71875 0.0578125 0.0625
0 0.1328125 0.828125 0.0578125 0.0796875
0 0.85078125 0.4421875 0.0703125 0.025
0 0.97890625 0.52578125 0.0421875 0.1296875
0 0.88984375 0.70625 0.1390625 0.1421875
0 0.975 0.915625 0.05 0.075
0 0.88359375 0.9703125 0.0796875 0.059375
0 0.7125 0.96484375 0.090625 0.0703125
0 0.6359375 0.94296875 0.0765625 0.071875
0 0.70703125 0.84375 0.0671875 0.06484375
0 0.625 0.83203125 0.06015625 0.06015625
0 0.56953125 0.53046875 0.0796875 0.0796875
0 0.684375 0.63828125 0.0765625 0.07421875
0 0.9796875 0.73515625 0.040625 0.0640625