0 0.37421875 0.07265625 0.09140625 0.0890625
0 0.97109375 0.03359375 0.0578125 0.0671875
0 0.559375 0.4 0.0765625 0.0765625
0 0.44609375 0.77109375 0.0859375 0.1328125
0 0.284375 0.73203125 0.05546875 0.0765625
0 0.27578125 0.8171875 0.07421875 0.09140625
0 0.3578125 0.93828125 0.1875 0.1234375
0 0.31015625 0.55390625 0.05078125 0.0625
0 0.1125 0.64453125 0.1109375 0.134375
0 0.05234375 0.5921875 0.0484375 0.0484375
0 0.403125 0.60703125 0.0484375 0.0625
0 0.01953125 0.8515625 0.0390625 0.075
0 0.69140625 0.71953125 0.08203125 0.0765625