0 0.01484375 0.3984375 0.0296875 0.08125
0 0.05546875 0.18515625 0.06015625 0.06953125
0 0.1671875 0.140625 0.06953125 0.0796875
0 0.25 0.25625 0.084375 0.09375
0 0.265625 0.33515625 0.09140625 0.09140625
0 0.35390625 0.2234375 0.0484375 0.0625
0 0.3984375 0.2609375 0.084375 0.0796875
0 0.33671875 0.040625 0.0890625 0.08125
0 0.28515625 0.4984375 0.084375 0.0671875
0 0.340625 0.40390625 0.053125 0.06015625
0 0.48515625 0.06640625 0.0296875 0.0796875
0 0.58203125 0.515625 0.1640625 0.146875
0 0.7875 0.5046875 0.053125 0.06015625
0 0.8609375 0.425 0.053125 0.05546875
0 0.76484375 0.24140625 0.12734375 0.1390625
0 0.62734375 0.15703125 0.08203125 0.0796875
0 0.54140625 0.0453125 0.053125 0.0625
0 0.77421875 0.0328125 0.0484375 0.065625
0 0.85703125 0.065625 0.09375 0.0890625
0 0.5109375 0.1984375 0.021875 0.059375
0 0.065625 0.959375 0.0765625 0.0796875
0 0.12734375 0.978125 0.1078125 0.04375
0 0.1859375 0.8171875 0.14453125 0.14453125
0 0.36171875 0.61875 0.1015625 0.059375
0 0.48046875 0.65625 0.0390625 0.053125
0 0.240625 0.9875 0.04375 0.025
0 0.2921875 0.9890625 0.059375 0.021875
0 0.72421875 0.60546875 0.1296875 0.0328125
0 0.61953125 0.64296875 0.1109375 0.1078125