0 0.1234375 0.0609375 0.1109375 0.1109375
0 0.06875 0.12109375 0.11328125 0.11328125
0 0.21171875 0.1234375 0.06953125 0.06953125
0 0.2078125 0.16953125 0.103125 0.0796875
0 0.34921875 0.02578125 0.1109375 0.0515625
0 0.05859375 0.196875 0.0703125 0.025
0 0.4 0.15 0.0375 0.09375
0 0.97109375 0.12578125 0.0578125 0.1671875
0 0.709375 0.1046875 0.58125 0.209375
0 0.52734375 0.06640625 0.06484375 0.06484375
0 0.30390625 0.9125 0.06953125 0.084375
0 0.19921875 0.896875 0.04296875 0.0453125
0 0.01875 0.44140625 0.0375 0.0796875
0 0.19765625 0.24375 0.0796875 0.06875
0 0.63125 0.43515625 0.15859375 0.1515625
0 0.82421875 0.50078125 0.1828125 0.178125
0 0.96640625 0.90078125 0.0671875 0.1328125
0 0.86796875 0.9703125 0.1109375 0.059375
0 0.52890625 0.68046875 0.2203125 0.2359375
0 0.7765625 0.3109375 0.146875 0.12734375
0 0.78984375 0.2578125 0.10546875 0.09609375
0 0.78359375 0.22890625 0.0796875 0.0390625