0 0.1703125 0.5078125 0.0890625 0.09609375
0 0.2703125 0.4984375 0.09140625 0.08671875
0 0.00625 0.390625 0.0125 0.04375
0 0.046875 0.38046875 0.0453125 0.03828125
0 0.02265625 0.2390625 0.0453125 0.0625
0 0.1390625 0.13515625 0.0578125 0.0671875
0 0.1609375 0.228125 0.071875 0.09609375
0 0.27578125 0.18671875 0.071875 0.0453125
0 0.371875 0.153125 0.05546875 0.0671875
0 0.49453125 0.18359375 0.06484375 0.07421875
0 0.56484375 0.05 0.07421875 0.0890625
0 0.41796875 0.4265625 0.06484375 0.0671875
0 0.3515625 0.50078125 0.05078125 0.05546875
0 0.48046875 0.55 0.053125 0.04296875
0 0.6359375 0.2578125 0.034375 0.10625
0 0.7 0.31484375 0.07421875 0.0671875
0 0.91328125 0.2078125 0.125 0.1109375
0 0.79375 0.15625 0.08671875 0.09375
0 0.86640625 0.1140625 0.08671875 0.084375
0 0.53203125 0.978125 0.1421875 0.04375
0 0.346875 0.95625 0.165625 0.0875
0 0.1453125 0.65703125 0.125 0.0765625
0 0.5609375 0.76640625 0.115625 0.2171875
0 0.91171875 0.828125 0.146875 0.18515625
0 0.646875 0.85859375 0.05625 0.0640625
0 0.69453125 0.97890625 0.0734375 0.0421875