0 0.47421875 0.3171875 0.09609375 0.103125
0 0.3796875 0.321875 0.0984375 0.09375
0 0.446875 0.05234375 0.08203125 0.10078125
0 0.33125 0.0296875 0.07421875 0.053125
0 0.2359375 0.02265625 0.059375 0.0453125
0 0.125 0.05625 0.06953125 0.0796875
0 0.23046875 0.2734375 0.06953125 0.071875
0 0.30234375 0.33515625 0.05546875 0.0578125
0 0.01015625 0.3640625 0.0203125 0.0625
0 0.1875 0.3984375 0.05546875 0.0484375
0 0.6734375 0.48046875 0.09375 0.0171875
0 0.85078125 0.3671875 0.0890625 0.0984375
0 0.625 0.37890625 0.1203125 0.1421875
0 0.5734375 0.2484375 0.06875 0.10625
0 0.63203125 0.278125 0.04296875 0.0484375
0 0.92265625 0.1640625 0.0625 0.0671875
0 0.98828125 0.12578125 0.0234375 0.1015625
0 0.96796875 0.0109375 0.0640625 0.021875
0 0.24296875 0.56640625 0.1390625 0.11796875
0 0.303125 0.68125 0.053125 0.0671875
0 0.51015625 0.8265625 0.0578125 0.0625
0 0.5234375 0.55546875 0.03125 0.0671875
0 0.15625 0.9 0.06015625 0.0578125
0 0.2078125 0.8640625 0.0453125 0.03125
0 0.10078125 0.884375 0.0359375 0.0265625
0 0.040625 0.90546875 0.03359375 0.040625
0 0.16796875 0.8390625 0.0453125 0.0359375
0 0.3296875 0.52890625 0.03359375 0.03359375
0 0.40390625 0.5375 0.021875 0.03125
0 0.459375 0.6046875 0.01953125 0.0265625
0 0.5625 0.79375 0.046875 0.23125
0 0.584375 0.940625 0.0359375 0.04296875
0 0.6984375 0.8703125 0.084375 0.0890625
0 0.91328125 0.90078125 0.1109375 0.0984375
0 0.9359375 0.77109375 0.05546875 0.053125
0 0.771875 0.68046875 0.09140625 0.103125
0 0.915625 0.69609375 0.0671875 0.0671875
0 0.8640625 0.621875 0.10546875 0.10546875
0 0.9375 0.50859375 0.084375 0.0390625
0 0.634375 0.57265625 0.053125 0.05078125
0 0.63359375 0.49765625 0.0578125 0.0171875
0 0.55 0.6484375 0.021875 0.04375
0 0.54609375 0.56328125 0.0140625 0.0453125