0 0.025 0.27890625 0.05 0.0984375
0 0.046875 0.0625 0.0671875 0.06484375
0 0.1296875 0.028125 0.0625 0.05625
0 0.3078125 0.24765625 0.06015625 0.05546875
0 0.3546875 0.390625 0.028125 0.08125
0 0.2421875 0.5390625 0.096875 0.1
0 0.29453125 0.575 0.0578125 0.028125
0 0.9015625 0.2328125 0.07421875 0.09609375
0 0.84609375 0.09375 0.0984375 0.09375
0 0.80078125 0.13125 0.0625 0.053125
0 0.665625 0.0921875 0.0625 0.05546875
0 0.6265625 0.20703125 0.0796875 0.071875
0 0.75078125 0.00703125 0.0765625 0.0140625
0 0.72578125 0.2984375 0.05546875 0.07421875
0 0.92578125 0.54609375 0.1390625 0.0859375
0 0.065625 0.64453125 0.13125 0.1109375
0 0.12109375 0.73984375 0.053125 0.06015625
0 0.18046875 0.7625 0.09140625 0.0765625
0 0.30546875 0.74765625 0.10546875 0.103125
0 0.2953125 0.84375 0.06015625 0.0671875
0 0.31640625 0.91484375 0.0671875 0.0796875
0 0.17265625 0.97421875 0.1078125 0.0515625
0 0.09140625 0.89453125 0.08203125 0.0984375
0 0.8328125 0.98515625 0.15 0.0296875
0 0.703125 0.9140625 0.0578125 0.06015625
0 0.6625 0.8625 0.05546875 0.0671875
0 0.4234375 0.721875 0.06015625 0.05546875
0 0.79296875 0.7859375 0.1078125 0.084375
0 0.865625 0.74609375 0.05078125 0.05078125
0 0.9828125 0.80078125 0.034375 0.1546875
0 0.69375 0.628125 0.04296875 0.053125