0 0.02265625 0.11171875 0.0453125 0.0828125
0 0.10078125 0.54609375 0.0578125 0.0453125
0 0.41015625 0.44765625 0.0765625 0.103125
0 0.5390625 0.4359375 0.1921875 0.196875
0 0.6796875 0.45859375 0.08671875 0.09140625
0 0.62109375 0.53359375 0.0546875 0.0703125
0 0.54296875 0.553125 0.0390625 0.03125
0 0.9296875 0.478125 0.0671875 0.0578125
0 0.459375 0.2328125 0.06015625 0.06015625
0 0.3890625 0.03359375 0.096875 0.0671875
0 0.30703125 0.08359375 0.0796875 0.07421875
0 0.18984375 0.1671875 0.1203125 0.246875
0 0.1828125 0.3625 0.0484375 0.05546875
0 0.23359375 0.27265625 0.03125 0.04296875
0 0.28515625 0.384375 0.07421875 0.084375
0 0.20703125 0.48671875 0.053125 0.05546875
0 0.178125 0.478125 0.05546875 0.0625
0 0.37109375 0.55390625 0.0453125 0.0296875
0 0.74609375 0.546875 0.0484375 0.04375
0 0.7828125 0.54609375 0.053125 0.0453125
0 0.32890625 0.66875 0.0796875 0.071875
0 0.7625 0.846875 0.11796875 0.103125
0 0.840625 0.84296875 0.05078125 0.07421875
0 0.9 0.85390625 0.08203125 0.08671875
0 0.92265625 0.8046875 0.0625 0.0796875
0 0.48671875 0.57578125 0.0703125 0.0140625
0 0.478125 0.92109375 0.09140625 0.08671875
0 0.6328125 0.76015625 0.06015625 0.05546875
0 0.21953125 0.72265625 0.053125 0.05078125
0 0.2296875 0.575 0.059375 0.0125