0 0.15078125 0.0375 0.0984375 0.075
0 0.11015625 0.1109375 0.125 0.12734375
0 0.2953125 0.2015625 0.125 0.11796875
0 0.56875 0.01953125 0.08125 0.0390625
0 0.53671875 0.27734375 0.10078125 0.08671875
0 0.971875 0.06328125 0.05625 0.1203125
0 0.83359375 0.09609375 0.2359375 0.1921875
0 0.66328125 0.05234375 0.1046875 0.1046875
0 0.93046875 0.3140625 0.07421875 0.06953125
0 0.37578125 0.91953125 0.06015625 0.07421875
0 0.52890625 0.590625 0.12265625 0.11796875
0 0.5921875 0.4703125 0.034375 0.159375
0 0.40234375 0.49296875 0.10078125 0.08203125
0 0.31875 0.446875 0.0890625 0.0765625
0 0.26875 0.45234375 0.0578125 0.05078125
0 0.8984375 0.4890625 0.13671875 0.125
0 0.84140625 0.58515625 0.0578125 0.0484375
0 0.63984375 0.5578125 0.05546875 0.05546875
0 0.74453125 0.95546875 0.1109375 0.0890625
0 0.6328125 0.8 0.046875 0.08125