0 0.2765625 0.45703125 0.09375 0.084375
0 0.51015625 0.08828125 0.0390625 0.1328125
0 0.34140625 0.015625 0.0796875 0.03125
0 0.0171875 0.12578125 0.034375 0.1109375
0 0.0953125 0.303125 0.0796875 0.0578125
0 0.384375 0.29375 0.0671875 0.071875
0 0.64453125 0.49921875 0.0609375 0.0390625
0 0.8671875 0.3828125 0.0671875 0.07421875
0 0.94765625 0.0640625 0.06015625 0.0578125
0 0.8203125 0.128125 0.06484375 0.0796875
0 0.68984375 0.06640625 0.0625 0.06484375
0 0.7265625 0.01875 0.05 0.0375
0 0.56015625 0.2 0.0578125 0.0796875
0 0.640625 0.24375 0.0484375 0.0578125
0 0.6203125 0.33984375 0.040625 0.0453125
0 0.62421875 0.303125 0.04296875 0.040625
0 0.22109375 0.96328125 0.0890625 0.0734375
0 0.2578125 0.76015625 0.1078125 0.125
0 0.81484375 0.97265625 0.0796875 0.0546875
0 0.90390625 0.94609375 0.06484375 0.0578125
0 0.834375 0.82734375 0.09609375 0.09140625
0 0.653125 0.875 0.0984375 0.115625
0 0.684375 0.78515625 0.06953125 0.06953125
0 0.58359375 0.8140625 0.0671875 0.06953125
0 0.92109375 0.55234375 0.1421875 0.0671875
0 0.984375 0.5875 0.03125 0.059375
0 0.66328125 0.52578125 0.0578125 0.0140625
0 0.6 0.69296875 0.06484375 0.06484375