0 0.02109375 0.16953125 0.0421875 0.1203125
0 0.17890625 0.078125 0.071875 0.0796875
0 0.1734375 0.0171875 0.084375 0.034375
0 0.50546875 0.20390625 0.09140625 0.10078125
0 0.4046875 0.36484375 0.071875 0.053125
0 0.140625 0.35625 0.06015625 0.06484375
0 0.7921875 0.2296875 0.415625 0.459375
0 0.4703125 0.92421875 0.196875 0.1515625
0 0.39921875 0.646875 0.2359375 0.2046875
0 0.1609375 0.7640625 0.0671875 0.05546875
0 0.24296875 0.64921875 0.0453125 0.05546875
0 0.0109375 0.640625 0.021875 0.09375
0 0.07890625 0.5453125 0.0671875 0.071875
0 0.2078125 0.51796875 0.115625 0.08203125
0 0.35546875 0.83671875 0.0890625 0.07421875
0 0.53125 0.534375 0.0625 0.0671875
0 0.46171875 0.47734375 0.0671875 0.0359375
0 0.7734375 0.61484375 0.1734375 0.17578125
0 0.66640625 0.52578125 0.06484375 0.09375
0 0.590625 0.54140625 0.04375 0.1640625
0 0.615625 0.8328125 0.09375 0.115625
0 0.7 0.74921875 0.1109375 0.1078125
0 0.58125 0.74140625 0.025 0.1109375
0 0.959375 0.921875 0.08125 0.15625
0 0.8203125 0.8359375 0.0796875 0.08203125
0 0.90078125 0.8140625 0.0578125 0.071875
0 0.97578125 0.671875 0.0484375 0.053125
0 0.9171875 0.5890625 0.071875 0.0671875
0 0.91171875 0.4875 0.0578125 0.05625