0 0.0328125 0.603125 0.065625 0.084375
0 0.0609375 0.54296875 0.09375 0.09375
0 0.14375 0.5359375 0.12265625 0.125
0 0.1421875 0.34921875 0.11796875 0.11796875
0 0.5078125 0.50234375 0.121875 0.1296875
0 0.5265625 0.24375 0.084375 0.175
0 0.48046875 0.04765625 0.1109375 0.0953125
0 0.52421875 0.0171875 0.0890625 0.034375
0 0.1078125 0.12734375 0.09140625 0.0890625
0 0.32109375 0.29296875 0.09140625 0.09375
0 0.853125 0.1328125 0.134375 0.13671875
0 0.98125 0.175 0.0375 0.115625
0 0.93125 0.27109375 0.06953125 0.08671875
0 0.875 0.30625 0.053125 0.053125
0 0.71015625 0.3984375 0.053125 0.053125
0 0.85703125 0.56328125 0.084375 0.09375
0 0.8703125 0.6484375 0.05078125 0.053125
0 0.82734375 0.68671875 0.1015625 0.0859375
0 0.96015625 0.56328125 0.0796875 0.2515625
0 0.60859375 0.01484375 0.0765625 0.0296875
0 0.15078125 0.8421875 0.1703125 0.165625
0 0.02890625 0.82578125 0.0578125 0.1015625
0 0.14765625 0.96796875 0.0796875 0.0640625
0 0.77734375 0.75234375 0.1046875 0.0453125
0 0.85625 0.86484375 0.2875 0.2703125