0 0.35703125 0.83046875 0.1203125 0.125
0 0.2203125 0.7921875 0.0765625 0.0765625
0 0.259375 0.73828125 0.08671875 0.084375
0 0.23203125 0.66328125 0.1109375 0.11328125
0 0.3953125 0.5953125 0.1109375 0.10546875
0 0.1109375 0.3296875 0.115625 0.1203125
0 0.3140625 0.18125 0.1609375 0.1609375
0 0.2515625 0.08984375 0.0765625 0.0765625
0 0.36875 0.00859375 0.1296875 0.0171875
0 0.5296875 0.18515625 0.0984375 0.10078125
0 0.5609375 0.11328125 0.10546875 0.10078125
0 0.76796875 0.44375 0.125 0.1296875
0 0.9734375 0.26953125 0.053125 0.13203125
0 0.915625 0.53125 0.08671875 0.09140625
0 0.80625 0.55390625 0.08671875 0.09609375
0 0.81953125 0.84140625 0.14921875 0.14453125
0 0.62265625 0.79921875 0.10078125 0.09609375
0 0.60546875 0.5421875 0.08671875 0.0796875
0 0.37265625 0.41796875 0.084375 0.08671875
0 0.5375 0.9953125 0.1109375 0.009375