0 0.75234375 0.75859375 0.134375 0.13671875
0 0.66015625 0.87109375 0.084375 0.084375
0 0.6234375 0.81015625 0.09375 0.09375
0 0.540625 0.803125 0.12265625 0.125
0 0.5421875 0.61640625 0.11796875 0.11796875
0 0.171875 0.7703125 0.1296875 0.1296875
0 0.11171875 0.51171875 0.17578125 0.17578125
0 0.0203125 0.53125 0.040625 0.084375
0 0.203125 0.3078125 0.1109375 0.1109375
0 0.146875 0.24609375 0.11328125 0.11328125
0 0.546875 0.19609375 0.1390625 0.1421875
0 0.69140625 0.0953125 0.09609375 0.0984375
0 0.66796875 0.2078125 0.0984375 0.103125
0 0.93515625 0.3296875 0.1296875 0.14921875
0 0.8296875 0.49140625 0.1078125 0.1078125
0 0.5765625 0.39453125 0.09140625 0.0890625
0 0.36328125 0.56015625 0.09140625 0.09375
0 0.9828125 0.67578125 0.03359375 0.10546875