0 0.39296875 0.3515625 0.0734375 0.071875
0 0.03046875 0.08671875 0.0609375 0.0578125
0 0.08203125 0.128125 0.05078125 0.0453125
0 0.1671875 0.06171875 0.0453125 0.0484375
0 0.29375 0.06640625 0.0578125 0.05078125
0 0.27890625 0.0171875 0.0421875 0.034375
0 0.3984375 0.02109375 0.0453125 0.03828125
0 0.03671875 0.3078125 0.0671875 0.05078125
0 0.0734375 0.41640625 0.05546875 0.053125
0 0.1765625 0.42421875 0.065625 0.0703125
0 0.265625 0.45 0.059375 0.01875
0 0.303125 0.33125 0.053125 0.06484375
0 0.24296875 0.253125 0.0625 0.06484375
0 0.92421875 0.02734375 0.1515625 0.0546875
0 0.9578125 0.12265625 0.084375 0.1296875
0 0.82265625 0.25234375 0.15625 0.22109375
0 0.8890625 0.41015625 0.05546875 0.06953125
0 0.95078125 0.42578125 0.0953125 0.0671875
0 0.521875 0.07578125 0.11875 0.1515625
0 0.3796875 0.7765625 0.1 0.146875
0 0.40078125 0.95703125 0.0578125 0.0859375
0 0.2078125 0.8265625 0.115625 0.1203125
0 0.1953125 0.53671875 0.12734375 0.1296875
0 0.24609375 0.48671875 0.1140625 0.0546875
0 0.9828125 0.5484375 0.034375 0.103125
0 0.9078125 0.6421875 0.103125 0.10546875
0 0.8453125 0.79375 0.06484375 0.0796875
0 0.81796875 0.90625 0.0765625 0.06484375
0 0.55 0.5359375 0.06015625 0.071875
0 0.65078125 0.60625 0.05546875 0.0578125
0 0.49609375 0.71484375 0.1328125 0.2203125
0 0.646875 0.95234375 0.05078125 0.0796875
0 0.50546875 0.91875 0.0625 0.0796875
0 0.9875 0.8890625 0.025 0.053125