0 0.05078125 0.2453125 0.1015625 0.228125
0 0.3328125 0.02578125 0.103125 0.0515625
0 0.41484375 0.06875 0.0890625 0.11875
0 0.02265625 0.35078125 0.0453125 0.0171875
0 0.0875 0.3265625 0.071875 0.065625
0 0.19375 0.33359375 0.075 0.0515625
0 0.13671875 0.2078125 0.0765625 0.0765625
0 0.09921875 0.1921875 0.06484375 0.06484375
0 0.13515625 0.15078125 0.09375 0.09375
0 0.93203125 0.2140625 0.1359375 0.271875
0 0.93671875 0.02890625 0.0578125 0.0578125
0 0.75703125 0.02578125 0.0890625 0.0515625
0 0.69765625 0.025 0.0515625 0.05
0 0.78515625 0.3109375 0.0765625 0.0625
0 0.609375 0.28828125 0.05078125 0.05546875
0 0.51953125 0.21953125 0.1203125 0.1109375
0 0.565625 0.01328125 0.06875 0.0265625
0 0.103125 0.97734375 0.1125 0.0453125
0 0.0375 0.934375 0.075 0.13125
0 0.37890625 0.78828125 0.08203125 0.09375
0 0.35234375 0.478125 0.13203125 0.165625
0 0.06171875 0.61640625 0.05546875 0.0578125
0 0.0375 0.5515625 0.06953125 0.0796875
0 0.17578125 0.78203125 0.125 0.13203125
0 0.21953125 0.43125 0.2234375 0.14375
0 0.47109375 0.8796875 0.0234375 0.06875
0 0.88671875 0.80390625 0.05546875 0.0484375