0 0.37578125 0.5734375 0.07421875 0.06484375
0 0.40234375 0.4359375 0.06484375 0.05078125
0 0.2765625 0.446875 0.2046875 0.228125
0 0.47578125 0.26171875 0.0078125 0.0765625
0 0.440625 0.225 0.0453125 0.05078125
0 0.37109375 0.0734375 0.0484375 0.05078125
0 0.26796875 0.01328125 0.0984375 0.0265625
0 0.04296875 0.55078125 0.06484375 0.053125
0 0.02734375 0.49296875 0.0484375 0.0484375
0 0.159375 0.5 0.05078125 0.04296875
0 0.12734375 0.415625 0.0578125 0.05546875
0 0.0265625 0.35625 0.053125 0.05
0 0.16953125 0.27890625 0.0578125 0.06015625
0 0.2125 0.28984375 0.053125 0.05078125
0 0.209375 0.23203125 0.0765625 0.06953125
0 0.62109375 0.1890625 0.1921875 0.2015625
0 0.55078125 0.3046875 0.1421875 0.159375
0 0.70390625 0.09140625 0.1203125 0.11328125
0 0.7453125 0.55859375 0.146875 0.1015625
0 0.36796875 0.7375 0.2234375 0.209375
0 0.1390625 0.9125 0.0890625 0.08671875
0 0.01796875 0.68203125 0.0359375 0.0828125
0 0.178125 0.646875 0.18125 0.075
0 0.53203125 0.64609375 0.1046875 0.0734375
0 0.778125 0.8328125 0.1078125 0.10546875
0 0.61484375 0.73046875 0.0796875 0.0796875
0 0.56875 0.81484375 0.08671875 0.08671875
0 0.94609375 0.92890625 0.0796875 0.08203125
0 0.978125 0.96171875 0.04375 0.0765625
0 0.70078125 0.93359375 0.103125 0.0984375
0 0.68671875 0.71171875 0.07421875 0.07421875
0 0.6828125 0.75859375 0.0578125 0.0578125
0 0.98046875 0.73125 0.0390625 0.053125
0 0.80234375 0.75625 0.0671875 0.06484375
0 0.75859375 0.7171875 0.06953125 0.06953125
0 0.72265625 0.6609375 0.071875 0.06953125