0 0.5265625 0.1625 0.025 0.1
0 0.0171875 0.340625 0.034375 0.078125
0 0.0546875 0.29453125 0.109375 0.1484375
0 0.11328125 0.146875 0.0890625 0.0890625
0 0.18203125 0.14765625 0.0671875 0.0671875
0 0.20703125 0.25234375 0.06484375 0.06484375
0 0.31015625 0.32578125 0.0765625 0.07421875
0 0.26484375 0.353125 0.0609375 0.053125
0 0.175 0.0140625 0.084375 0.028125
0 0.2578125 0.00859375 0.084375 0.0171875
0 0.51640625 0.01640625 0.0453125 0.0328125
0 0.48125 0.1234375 0.08203125 0.084375
0 0.38515625 0.14765625 0.0890625 0.09140625
0 0.90390625 0.03671875 0.1359375 0.0734375
0 0.84296875 0.03359375 0.0921875 0.0671875
0 0.7875 0.078125 0.08203125 0.08203125
0 0.61015625 0.0609375 0.0671875 0.0671875
0 0.5484375 0.1640625 0.01875 0.084375
0 0.5609375 0.25703125 0.04375 0.1515625
0 0.60234375 0.2421875 0.0765625 0.0765625
0 0.58984375 0.3359375 0.1015625 0.0875
0 0.703125 0.1390625 0.06484375 0.06484375
0 0.77734375 0.321875 0.06953125 0.071875
0 0.78203125 0.3703125 0.0671875 0.01875
0 0.93828125 0.35625 0.1203125 0.046875
0 0.86953125 0.18984375 0.2609375 0.3796875
0 0.41875 0.671875 0.15625 0.12734375
0 0.26015625 0.675 0.09375 0.0796875
0 0.31171875 0.61640625 0.0671875 0.06484375
0 0.1109375 0.571875 0.0890625 0.084375
0 0.0671875 0.42890625 0.0765625 0.08203125
0 0.15546875 0.38828125 0.0765625 0.0171875
0 0.33515625 0.52578125 0.05546875 0.05546875
0 0.14765625 0.7640625 0.1078125 0.09375
0 0.0390625 0.8203125 0.06015625 0.0484375
0 0.134375 0.9484375 0.1375 0.103125
0 0.87890625 0.6359375 0.2421875 0.5125
0 0.628125 0.8875 0.178125 0.225
0 0.7328125 0.5140625 0.1296875 0.13671875
0 0.70234375 0.409375 0.0671875 0.059375
0 0.8375 0.75703125 0.08203125 0.08671875