0 0.2796875 0.01875 0.04375 0.0375
0 0.20703125 0.046875 0.08671875 0.0671875
0 0.2 0.1265625 0.12265625 0.09375
0 0.34609375 0.11953125 0.0484375 0.053125
0 0.34140625 0.18671875 0.04296875 0.04296875
0 0.2296875 0.29453125 0.0671875 0.0578125
0 0.17578125 0.3359375 0.05078125 0.0453125
0 0.090625 0.26953125 0.0453125 0.0484375
0 0.7546875 0.353125 0.115625 0.071875
0 0.82890625 0.2484375 0.103125 0.0890625
0 0.60390625 0.20859375 0.196875 0.19921875
0 0.41796875 0.25546875 0.0359375 0.0734375
0 0.3234375 0.90625 0.0765625 0.084375
0 0.31875 0.63515625 0.0765625 0.05078125
0 0.2171875 0.671875 0.0578125 0.071875
0 0.0859375 0.63984375 0.0671875 0.084375
0 0.025 0.78515625 0.05 0.0984375
0 0.025 0.878125 0.05 0.09375
0 0.16796875 0.3984375 0.0671875 0.01875
0 0.52109375 0.79765625 0.2421875 0.4046875
0 0.67265625 0.55546875 0.26171875 0.228125
0 0.47109375 0.4484375 0.05546875 0.0578125
0 0.8734375 0.809375 0.071875 0.0796875
0 0.86953125 0.64453125 0.08203125 0.0890625
0 0.69921875 0.9640625 0.05546875 0.05078125
0 0.671875 0.93046875 0.0578125 0.05546875
0 0.734375 0.91953125 0.0578125 0.06484375
0 0.703125 0.771875 0.0796875 0.0625