0 0.45859375 0.02578125 0.0859375 0.0515625
0 0.38203125 0.15703125 0.053125 0.06015625
0 0.29453125 0.1953125 0.103125 0.0796875
0 0.2859375 0.290625 0.146875 0.1109375
0 0.46015625 0.28125 0.0578125 0.0625
0 0.45546875 0.36171875 0.053125 0.05078125
0 0.321875 0.4875 0.08203125 0.06953125
0 0.25625 0.53671875 0.06015625 0.053125
0 0.1546875 0.45859375 0.05546875 0.0578125
0 0.01875 0.4640625 0.0375 0.059375
0 0.0234375 0.4015625 0.046875 0.05
0 0.0296875 0.25234375 0.059375 0.0578125
0 0.38046875 0.67265625 0.0703125 0.0546875
0 0.06328125 0.67265625 0.0734375 0.0546875
0 0.96640625 0.39375 0.0671875 0.11875
0 0.8546875 0.1921875 0.1203125 0.115625
0 0.83515625 0.05234375 0.1546875 0.1046875
0 0.721875 0.0203125 0.15 0.040625
0 0.68515625 0.29140625 0.1109375 0.115625
0 0.6984375 0.35234375 0.071875 0.0765625
0 0.68671875 0.4125 0.07421875 0.0765625
0 0.85703125 0.36953125 0.0765625 0.08203125
0 0.90390625 0.30703125 0.084375 0.08203125
0 0.92578125 0.6359375 0.08671875 0.09140625
0 0.8203125 0.57265625 0.24296875 0.25
0 0.9703125 0.4671875 0.059375 0.071875
0 0.98671875 0.51015625 0.0265625 0.0796875
0 0.68203125 0.69375 0.0515625 0.0125
0 0.56953125 0.59453125 0.0609375 0.0734375
0 0.58125 0.16953125 0.071875 0.07421875
0 0.1921875 0.71875 0.134375 0.0375
0 0.08515625 0.73984375 0.1703125 0.0796875
0 0.3234375 0.9578125 0.10625 0.084375
0 0.1546875 0.89765625 0.1609375 0.16796875
0 0.50625 0.7859375 0.065625 0.171875
0 0.78984375 0.75703125 0.3984375 0.1140625
0 0.796875 0.809375 0.09375 0.09609375
0 0.9578125 0.759375 0.084375 0.11875
0 0.68515625 0.940625 0.1515625 0.11875
0 0.5734375 0.90859375 0.06875 0.1109375
0 0.5515625 0.84375 0.025 0.0625
0 0.571875 0.81796875 0.065625 0.0671875
0 0.58046875 0.7515625 0.0828125 0.103125