0 0.2421875 0.55546875 0.053125 0.0265625
0 0.15546875 0.540625 0.0671875 0.05625
0 0.21953125 0.49375 0.053125 0.0625
0 0.18828125 0.42265625 0.0453125 0.06015625
0 0.35546875 0.221875 0.09609375 0.1109375
0 0.36484375 0.13984375 0.0453125 0.053125
0 0.2203125 0.1546875 0.06953125 0.0671875
0 0.21484375 0.278125 0.053125 0.0625
0 0.278125 0.0859375 0.10078125 0.0765625
0 0.33359375 0.02265625 0.0546875 0.0453125
0 0.44296875 0.0390625 0.0140625 0.053125
0 0.384375 0.36328125 0.0484375 0.05078125
0 0.36875 0.5453125 0.03828125 0.0359375
0 0.43828125 0.27734375 0.0234375 0.0484375
0 0.0609375 0.00703125 0.040625 0.0140625
0 0.02109375 0.55390625 0.0390625 0.0296875
0 0.0140625 0.48671875 0.028125 0.0390625
0 0.446875 0.45625 0.00625 0.05625
0 0.43203125 0.16171875 0.03359375 0.0359375
0 0.496875 0.3609375 0.09375 0.290625
0 0.47265625 0.23515625 0.0453125 0.0609375
0 0.5203125 0.29921875 0.07421875 0.0765625
0 0.5015625 0.3984375 0.06015625 0.06484375
0 0.46640625 0.53125 0.0328125 0.075
0 0.5953125 0.515625 0.0765625 0.09140625
0 0.61953125 0.42109375 0.0484375 0.0453125
0 0.6578125 0.3484375 0.09140625 0.1109375
0 0.70703125 0.41015625 0.06015625 0.07421875
0 0.78046875 0.38515625 0.1109375 0.125
0 0.84140625 0.3546875 0.0796875 0.0796875
0 0.9234375 0.3546875 0.0671875 0.071875
0 0.58828125 0.0265625 0.0609375 0.053125
0 0.55703125 0.0671875 0.06484375 0.071875
0 0.75546875 0.0265625 0.0765625 0.053125
0 0.865625 0.0953125 0.04296875 0.0484375
0 0.80703125 0.10703125 0.05078125 0.053125
0 0.81484375 0.16015625 0.05546875 0.0578125
0 0.8875 0.1171875 0.06015625 0.0625
0 0.88515625 0.1765625 0.05078125 0.053125
0 0.865625 0.47265625 0.26875 0.1921875
0 0.715625 0.1734375 0.053125 0.053125
0 0.7203125 0.9625 0.15625 0.075
0 0.64765625 0.6625 0.1875 0.1875
0 0.94140625 0.81328125 0.1171875 0.1609375
0 0.9546875 0.90078125 0.090625 0.1171875
0 0.99140625 0.70390625 0.0171875 0.0828125
0 0.709375 0.84921875 0.146875 0.146875