0 0.52421875 0.025 0.0296875 0.05
0 0.47265625 0.03828125 0.0796875 0.06953125
0 0.04609375 0.05078125 0.0921875 0.0609375
0 0.01953125 0.18203125 0.0390625 0.1890625
0 0.07109375 0.15 0.07421875 0.0765625
0 0.1625 0.09140625 0.06484375 0.06015625
0 0.33671875 0.015625 0.0484375 0.03125
0 0.3125 0.0546875 0.03828125 0.040625
0 0.365625 0.0546875 0.0359375 0.0359375
0 0.14609375 0.2484375 0.071875 0.084375
0 0.0328125 0.3140625 0.065625 0.0625
0 0.13828125 0.359375 0.0625 0.05546875
0 0.22890625 0.36015625 0.0796875 0.06953125
0 0.175 0.421875 0.06484375 0.06484375
0 0.21796875 0.46796875 0.0578125 0.0421875
0 0.4171875 0.25703125 0.05078125 0.06484375
0 0.30234375 0.24609375 0.0625 0.053125
0 0.01953125 0.40625 0.0390625 0.040625
0 0.42578125 0.0875 0.040625 0.0359375
0 0.5015625 0.1328125 0.053125 0.05078125
0 0.22265625 0.12265625 0.05078125 0.04296875
0 0.359375 0.3203125 0.0453125 0.0453125
0 0.38359375 0.3828125 0.040625 0.04296875
0 0.96484375 0.43671875 0.0703125 0.1046875
0 0.69609375 0.35390625 0.0796875 0.09140625
0 0.75078125 0.22265625 0.08203125 0.08203125
0 0.64375 0.17578125 0.12265625 0.11796875
0 0.34140625 0.965625 0.1265625 0.06875
0 0.32265625 0.5265625 0.0890625 0.075
0 0.23515625 0.625 0.09609375 0.0984375
0 0.440625 0.98203125 0.065625 0.0359375
0 0.0796875 0.8890625 0.159375 0.221875
0 0.08359375 0.65859375 0.06015625 0.06953125
0 0.15234375 0.56484375 0.05078125 0.05078125
0 0.79375 0.5390625 0.06953125 0.0796875
0 0.82734375 0.63671875 0.071875 0.06484375
0 0.559375 0.5921875 0.040625 0.071875
0 0.55625 0.68515625 0.034375 0.0671875
0 0.59296875 0.81796875 0.0578125 0.0765625
0 0.596875 0.9359375 0.1109375 0.103125
0 0.73359375 0.8828125 0.115625 0.13203125
0 0.9546875 0.5765625 0.090625 0.175