0 0.35234375 0.03125 0.0671875 0.0625
0 0.38671875 0.08984375 0.06015625 0.06015625
0 0.3375 0.12734375 0.084375 0.084375
0 0.01328125 0.31875 0.0265625 0.11796875
0 0.03359375 0.46484375 0.0671875 0.21171875
0 0.05078125 0.38828125 0.084375 0.08671875
0 0.10078125 0.29921875 0.06953125 0.06953125
0 0.2140625 0.1625 0.0484375 0.0453125
0 0.21171875 0.2078125 0.0453125 0.0453125
0 0.25625 0.18515625 0.040625 0.040625
0 0.1578125 0.4421875 0.08671875 0.0890625
0 0.0828125 0.54921875 0.084375 0.08203125
0 0.1984375 0.540625 0.0671875 0.06484375
0 0.275 0.5046875 0.084375 0.084375
0 0.5953125 0.00703125 0.0796875 0.0140625
0 0.55546875 0.0359375 0.05546875 0.05546875
0 0.69453125 0.00390625 0.0625 0.00703125
0 0.6359375 0.04453125 0.04296875 0.04296875
0 0.459375 0.1 0.0359375 0.03359375
0 0.5109375 0.1421875 0.04296875 0.04296875
0 0.56640625 0.15390625 0.0484375 0.0484375
0 0.584375 0.1984375 0.053125 0.05546875
0 0.51171875 0.26171875 0.0796875 0.0796875
0 0.6578125 0.35 0.25 0.25234375
0 0.77265625 0.4484375 0.084375 0.084375
0 0.66328125 0.5203125 0.0625 0.0578125
0 0.70703125 0.54453125 0.06953125 0.06484375
0 0.25703125 0.5796875 0.071875 0.07421875
0 0.31875 0.6109375 0.0671875 0.0671875
0 0.30390625 0.84765625 0.13203125 0.13203125
0 0.34140625 0.90859375 0.0625 0.0625
0 0.44140625 0.8140625 0.08671875 0.08671875
0 0.37734375 0.72578125 0.071875 0.07421875
0 0.43515625 0.8953125 0.11796875 0.11328125
0 0.42890625 0.97109375 0.06953125 0.0578125
0 0.49296875 0.98203125 0.06953125 0.0359375
0 0.984375 0.42890625 0.03125 0.11328125
0 0.946875 0.4734375 0.08203125 0.08203125
0 0.98046875 0.521875 0.03828125 0.06484375
0 0.38828125 0.3390625 0.06484375 0.0671875
0 0.6828125 0.09140625 0.04296875 0.04296875
0 0.76328125 0.06875 0.05078125 0.05078125
0 0.728125 0.10234375 0.0359375 0.0359375
0 0.2859375 0.3765625 0.0671875 0.06484375
0 0.578125 0.99140625 0.0765625 0.0171875
0 0.2046875 0.7671875 0.0625 0.0625
0 0.11796875 0.63125 0.0484375 0.0484375
0 0.31953125 0.18984375 0.04296875 0.04296875
0 0.40390625 0.196875 0.0578125 0.0578125
0 0.16484375 0.3015625 0.053125 0.053125
0 0.2078125 0.859375 0.05078125 0.05078125
0 0.6515625 0.83671875 0.06015625 0.06015625
0 0.36796875 0.41796875 0.053125 0.053125
0 0.415625 0.46171875 0.0484375 0.0484375
0 0.8171875 0.3734375 0.06484375 0.0671875
0 0.8796875 0.4265625 0.0484375 0.0484375
0 0.09765625 0.74609375 0.053125 0.05546875
0 0.27890625 0.93359375 0.0453125 0.0453125