0 0.025 0.74375 0.05 0.05
0 0.24921875 0.73671875 0.06484375 0.0578125
0 0.42734375 0.71484375 0.0828125 0.1078125
0 0.31796875 0.42421875 0.0625 0.071875
0 0.371875 0.36953125 0.0625 0.06953125
0 0.43671875 0.284375 0.0578125 0.0671875
0 0.01953125 0.125 0.0390625 0.09375
0 0.04140625 0.33359375 0.053125 0.0578125
0 0.01796875 0.26484375 0.0359375 0.0640625
0 0.08515625 0.29140625 0.03828125 0.0484375
0 0.4578125 0.09765625 0.021875 0.0703125
0 0.4390625 0.60859375 0.059375 0.0703125
0 0.3765625 0.6296875 0.0578125 0.0578125
0 0.58828125 0.0953125 0.2390625 0.190625
0 0.7328125 0.03203125 0.09375 0.0640625
0 0.85546875 0.3359375 0.1609375 0.16796875
0 0.90625 0.21875 0.13203125 0.1078125
0 0.68359375 0.4421875 0.12265625 0.1296875
0 0.66328125 0.359375 0.05078125 0.06484375
0 0.5046875 0.540625 0.071875 0.0625
0 0.56953125 0.484375 0.13203125 0.1390625
0 0.775 0.5890625 0.1078125 0.10546875
0 0.97734375 0.653125 0.0453125 0.06875
0 0.9140625 0.740625 0.08125 0.05625
0 0.66640625 0.69453125 0.2828125 0.1484375
0 0.5125 0.721875 0.0875 0.09375
0 0.95390625 0.06796875 0.040625 0.0484375
0 0.9953125 0.13671875 0.009375 0.0453125
0 0.47578125 0.20390625 0.0140625 0.0671875
0 0.87734375 0.50078125 0.0578125 0.0578125
0 0.23359375 0.93203125 0.1828125 0.1359375
0 0.37265625 0.92421875 0.1390625 0.1421875
0 0.3390625 0.97109375 0.134375 0.0578125
0 0.0140625 0.89609375 0.028125 0.1109375
0 0.78515625 0.9203125 0.1390625 0.14921875
0 0.6125 0.8421875 0.10078125 0.125
0 0.5984375 0.79296875 0.115625 0.0484375
0 0.53359375 0.7765625 0.0578125 0.015625
0 0.95234375 0.88671875 0.0953125 0.1078125
0 0.9046875 0.9921875 0.05625 0.015625
0 0.83984375 0.790625 0.0671875 0.04375