0 0.3125 0.021875 0.075 0.04375
0 0.22890625 0.0234375 0.0765625 0.046875
0 0.02265625 0.1421875 0.0453125 0.134375
0 0.1171875 0.30546875 0.05078125 0.06015625
0 0.253125 0.41796875 0.053125 0.0234375
0 0.34375 0.20546875 0.0125 0.0578125
0 0.32578125 0.13671875 0.0484375 0.0640625
0 0.63984375 0.0875 0.2765625 0.175
0 0.803125 0.02421875 0.09375 0.0484375
0 0.92265625 0.31953125 0.1546875 0.1671875
0 0.9546875 0.20234375 0.090625 0.1078125
0 0.753125 0.3953125 0.121875 0.06875
0 0.73359375 0.34375 0.05078125 0.06484375
0 0.6390625 0.4140625 0.13125 0.03125
0 0.3984375 0.41875 0.071875 0.021875
0 0.42265625 0.30625 0.0625 0.0625
0 0.48828125 0.09140625 0.09140625 0.0984375
0 0.5234375 0.18828125 0.06015625 0.0671875
0 0.053125 0.86640625 0.09140625 0.0796875
0 0.03359375 0.80078125 0.0671875 0.0921875
0 0.1484375 0.98828125 0.075 0.0234375
0 0.2625 0.8953125 0.0765625 0.08203125
0 0.0390625 0.98359375 0.065625 0.0328125
0 0.3265625 0.7703125 0.046875 0.06875
0 0.3859375 0.4734375 0.071875 0.0875
0 0.4890625 0.57734375 0.278125 0.2828125
0 0.6578125 0.703125 0.0671875 0.09609375
0 0.76796875 0.56640625 0.06953125 0.0796875
0 0.68828125 0.98984375 0.1078125 0.0203125
0 0.45234375 0.9390625 0.2046875 0.121875
0 0.6 0.4625 0.0625 0.065625