0 0.325 0.03515625 0.09375 0.0703125
0 0.08125 0.0390625 0.0671875 0.0625
0 0.38984375 0.22890625 0.05546875 0.06015625
0 0.9875 0.21171875 0.025 0.0828125
0 0.62734375 0.03125 0.0796875 0.0625
0 0.72890625 0.01875 0.1234375 0.0375
0 0.734375 0.11875 0.08203125 0.084375
0 0.703125 0.13125 0.09140625 0.09375
0 0.88828125 0.15 0.0765625 0.0796875
0 0.925 0.08125 0.06953125 0.06953125
0 0.06640625 0.59765625 0.0765625 0.103125
0 0.1953125 0.609375 0.1921875 0.196875
0 0.3359375 0.58671875 0.08671875 0.09140625
0 0.278125 0.50859375 0.05546875 0.0765625
0 0.2 0.4859375 0.03828125 0.04296875
0 0.19296875 0.375 0.0578125 0.0578125
0 0.1625 0.27578125 0.071875 0.0140625
0 0.0546875 0.34609375 0.03828125 0.0453125
0 0.021875 0.3453125 0.04375 0.05625
0 0.4921875 0.3265625 0.075 0.115625
0 0.115625 0.8125 0.06015625 0.06015625
0 0.046875 0.98828125 0.09375 0.0234375
0 0.028125 0.484375 0.0453125 0.04296875
0 0.403125 0.49140625 0.0484375 0.0578125
0 0.4390625 0.490625 0.053125 0.06015625
0 0.984375 0.8859375 0.03125 0.11875
0 0.91796875 0.77890625 0.1109375 0.0765625
0 0.703125 0.78359375 0.0890625 0.084375
0 0.79296875 0.90390625 0.084375 0.07421875
0 0.565625 0.70703125 0.071875 0.0796875
0 0.58359375 0.41953125 0.0984375 0.10546875
0 0.665625 0.29609375 0.103125 0.0546875
0 0.93125 0.3234375 0.08125 0.109375
0 0.825 0.41796875 0.05078125 0.06953125