0 0.62265625 0.075 0.0328125 0.084375
0 0.55703125 0.10234375 0.0578125 0.0671875
0 0.28359375 0.25 0.1296875 0.11875
0 0.0390625 0.02734375 0.078125 0.0546875
0 0.9671875 0.159375 0.065625 0.11875
0 0.95625 0.23984375 0.0875 0.0609375
0 0.87734375 0.27890625 0.0890625 0.0609375
0 0.8765625 0.02890625 0.071875 0.0578125
0 0.60546875 0.828125 0.0671875 0.1125
0 0.5875 0.72265625 0.103125 0.1734375
0 0.49921875 0.64140625 0.11796875 0.11796875
0 0.3859375 0.521875 0.0796875 0.0796875
0 0.309375 0.5375 0.11796875 0.115625
0 0.228125 0.52265625 0.10546875 0.1078125
0 0.3015625 0.6859375 0.125 0.12265625
0 0.22734375 0.7078125 0.0984375 0.10078125
0 0.596875 0.49921875 0.084375 0.0921875
0 0.5015625 0.50078125 0.09375 0.09609375
0 0.4796875 0.4578125 0.0765625 0.0796875
0 0.33671875 0.4109375 0.0671875 0.0671875
0 0.35390625 0.33984375 0.0703125 0.0609375
0 0.62578125 0.96875 0.0265625 0.0625
0 0.49375 0.95546875 0.08671875 0.0890625
0 0.396875 0.8953125 0.1109375 0.1078125
0 0.4328125 0.821875 0.0765625 0.0796875
0 0.103125 0.8 0.115625 0.115625
0 0.05234375 0.75390625 0.1046875 0.1046875
0 0.071875 0.690625 0.084375 0.084375
0 0.0421875 0.5625 0.084375 0.13125
0 0.16640625 0.9515625 0.1140625 0.096875
0 0.821875 0.9578125 0.10625 0.084375
0 0.9453125 0.940625 0.06953125 0.0796875
0 0.86328125 0.603125 0.09609375 0.09140625
0 0.690625 0.45625 0.084375 0.10546875