0 0.2546875 0.0828125 0.08203125 0.07421875
0 0.1796875 0.1109375 0.0625 0.07421875
0 0.1640625 0.2515625 0.0578125 0.0796875
0 0.025 0.32421875 0.0453125 0.06953125
0 0.39609375 0.38671875 0.0453125 0.0453125
0 0.459375 0.2796875 0.08125 0.165625
0 0.6890625 0.3921875 0.125 0.034375
0 0.6921875 0.3453125 0.06953125 0.0796875
0 0.61640625 0.24765625 0.0671875 0.07421875
0 0.671875 0.178125 0.0671875 0.05078125
0 0.53125 0.07421875 0.08671875 0.11796875
0 0.64140625 0.021875 0.1140625 0.04375
0 0.7796875 0.09609375 0.0578125 0.0796875
0 0.86328125 0.18046875 0.05078125 0.0796875
0 0.3109375 0.58359375 0.215625 0.2828125
0 0.37265625 0.72578125 0.0921875 0.0953125
0 0.109375 0.834375 0.10546875 0.09609375
0 0.2484375 0.8140625 0.08671875 0.084375
0 0.16328125 0.65546875 0.103125 0.0890625
0 0.121875 0.45234375 0.1 0.0859375
0 0.0265625 0.63515625 0.053125 0.0671875
0 0.48515625 0.98828125 0.0421875 0.0234375
0 0.7015625 0.9265625 0.228125 0.146875
0 0.97734375 0.8546875 0.0453125 0.103125
0 0.8640625 0.74765625 0.053125 0.05078125
0 0.8640625 0.65234375 0.0578125 0.06015625
0 0.77265625 0.82421875 0.03828125 0.04296875
0 0.76171875 0.7390625 0.04296875 0.0453125
0 0.69609375 0.7484375 0.0890625 0.09140625
0 0.58515625 0.88828125 0.05078125 0.0671875
0 0.43828125 0.90859375 0.0390625 0.0796875
0 0.4828125 0.90390625 0.0578125 0.0671875
0 0.5578125 0.7484375 0.21640625 0.25234375
0 0.62265625 0.63671875 0.053125 0.0484375
0 0.47109375 0.6515625 0.0578125 0.05546875
0 0.44296875 0.41640625 0.0359375 0.0140625
0 0.89921875 0.46015625 0.0796875 0.0796875
0 0.96171875 0.46640625 0.0578125 0.0625
0 0.91015625 0.5671875 0.06953125 0.0625
0 0.8140625 0.52890625 0.0578125 0.053125
0 0.78828125 0.58046875 0.03828125 0.04296875
0 0.79921875 0.62578125 0.04296875 0.03828125
0 0.7484375 0.59453125 0.053125 0.05546875
0 0.7046875 0.64921875 0.0453125 0.05546875
0 0.65234375 0.52265625 0.0453125 0.053125
0 0.67421875 0.4359375 0.040625 0.05078125