0 0.62734375 0.02265625 0.14453125 0.0453125
0 0.5015625 0.01796875 0.125 0.0359375
0 0.3484375 0.10546875 0.103125 0.10078125
0 0.2609375 0.08984375 0.0984375 0.09609375
0 0.1625 0.21640625 0.15859375 0.15859375
0 0.0765625 0.3203125 0.153125 0.228125
0 0.0328125 0.4515625 0.06484375 0.12265625
0 0.00859375 0.58046875 0.0171875 0.08671875
0 0.084375 0.5921875 0.071875 0.071875
0 0.4515625 0.22734375 0.12265625 0.1203125
0 0.5359375 0.19921875 0.10546875 0.1078125
0 0.646875 0.31015625 0.10546875 0.1109375
0 0.81484375 0.2765625 0.08671875 0.09140625
0 0.95078125 0.4375 0.0984375 0.11796875
0 0.91328125 0.5359375 0.084375 0.08671875
0 0.81953125 0.84609375 0.134375 0.125
0 0.43125 0.88359375 0.165625 0.16796875
0 0.30078125 0.88203125 0.115625 0.11796875
0 0.5484375 0.60078125 0.09609375 0.09609375
0 0.10234375 0.77890625 0.0671875 0.07421875
0 0.2015625 0.5515625 0.084375 0.08203125
0 0.13359375 0.6 0.103125 0.103125