0 0.6625 0.234375 0.075 0.115625
0 0.96015625 0.03046875 0.0625 0.06015625
0 0.9765625 0.09140625 0.046875 0.1328125
0 0.83828125 0.44609375 0.0796875 0.0859375
0 0.71171875 0.0765625 0.0234375 0.065625
0 0.759375 0.07734375 0.06953125 0.0765625
0 0.70625 0.14609375 0.0125 0.0578125
0 0.89140625 0.2328125 0.06015625 0.0578125
0 0.6546875 0.91640625 0.090625 0.1671875
0 0.4046875 0.934375 0.2125 0.13125
0 0.45 0.8625 0.2046875 0.21640625
0 0.5125 0.71015625 0.1828125 0.18984375
0 0.42578125 0.6375 0.11796875 0.115625
0 0.3125 0.79140625 0.19921875 0.2046875
0 0.1578125 0.74609375 0.19921875 0.2015625
0 0.1953125 0.8484375 0.390625 0.303125
0 0.07890625 0.5140625 0.0796875 0.05
0 0.58046875 0.55546875 0.2390625 0.1328125
0 0.6109375 0.63046875 0.1078125 0.1203125
0 0.92890625 0.51953125 0.084375 0.06015625