0 0.13984375 0.0171875 0.1046875 0.034375
0 0.36171875 0.16875 0.12265625 0.125
0 0.45 0.3265625 0.059375 0.084375
0 0.1625 0.18671875 0.22578125 0.25
0 0.059375 0.3046875 0.11875 0.16875
0 0.02578125 0.10234375 0.0515625 0.0984375
0 0.86484375 0.375 0.0796875 0.028125
0 0.67734375 0.38203125 0.0578125 0.0140625
0 0.73125 0.1421875 0.03359375 0.03359375
0 0.9671875 0.07578125 0.04296875 0.0484375
0 0.76875 0.0515625 0.053125 0.0484375
0 0.2203125 0.6 0.1296875 0.13203125
0 0.1109375 0.51484375 0.0890625 0.07421875
0 0.0265625 0.4453125 0.053125 0.1125
0 0.06953125 0.9421875 0.1296875 0.115625
0 0.5609375 0.73671875 0.1625 0.2671875
0 0.74453125 0.89375 0.1390625 0.13671875
0 0.9109375 0.77578125 0.1203125 0.1203125
0 0.8453125 0.68515625 0.1078125 0.1078125
0 0.559375 0.453125 0.159375 0.128125
0 0.65546875 0.5625 0.1609375 0.1609375