0 0.16953125 0.85234375 0.134375 0.11328125
0 0.078125 0.73671875 0.09609375 0.09375
0 0.11796875 0.66953125 0.09140625 0.0890625
0 0.03125 0.53515625 0.0625 0.08203125
0 0.12734375 0.446875 0.11796875 0.11796875
0 0.146875 0.21171875 0.2015625 0.2546875
0 0.03125 0.40859375 0.0625 0.09609375
0 0.01171875 0.471875 0.0234375 0.084375
0 0.2609375 0.52734375 0.10078125 0.09609375
0 0.30390625 0.490625 0.084375 0.0796875
0 0.22265625 0.40859375 0.08203125 0.08203125
0 0.2015625 0.35078125 0.09140625 0.09375
0 0.478125 0.3609375 0.09609375 0.0984375
0 0.70078125 0.31640625 0.5984375 0.63203125
0 0.4 0.14453125 0.09140625 0.0890625
0 0.225 0.009375 0.053125 0.01875
0 0.84140625 0.8421875 0.11796875 0.134375
0 0.953125 0.7046875 0.04296875 0.06953125
0 0.7703125 0.68984375 0.09375 0.0890625
0 0.6828125 0.7390625 0.09609375 0.09375
0 0.51796875 0.5875 0.115625 0.11796875
0 0.45703125 0.5375 0.08203125 0.084375
0 0.4484375 0.68046875 0.12265625 0.12265625
0 0.31640625 0.68515625 0.08203125 0.0765625
0 0.27265625 0.74296875 0.09140625 0.0890625
0 0.34140625 0.7859375 0.0765625 0.071875
0 0.49609375 0.97109375 0.1515625 0.0578125
0 0.775 0.97734375 0.07421875 0.0453125
0 0.54296875 0.7515625 0.08671875 0.08671875