0 0.51640625 0.1390625 0.2359375 0.2640625
0 0.06328125 0.0703125 0.1265625 0.121875
0 0.059375 0.22578125 0.11875 0.1171875
0 0.29140625 0.01015625 0.0734375 0.0203125
0 0.221875 0.2015625 0.14453125 0.1609375
0 0.9625 0.16484375 0.075 0.0703125
0 0.79921875 0.0296875 0.0609375 0.059375
0 0.7234375 0.16484375 0.028125 0.0640625
0 0.85625 0.175 0.06015625 0.05078125
0 0.90078125 0.07265625 0.05078125 0.0484375
0 0.4796875 0.82421875 0.09609375 0.1109375
0 0.43359375 0.73203125 0.0890625 0.11328125
0 0.328125 0.8125 0.0890625 0.10546875
0 0.6078125 0.47109375 0.125 0.1390625
0 0.33671875 0.47578125 0.11328125 0.1390625
0 0.31015625 0.625 0.13671875 0.146875
0 0.04609375 0.67109375 0.0921875 0.1203125
0 0.02890625 0.55546875 0.0578125 0.1171875
0 0.053125 0.9484375 0.0625 0.05546875
0 0.77109375 0.64765625 0.1109375 0.1296875
0 0.71953125 0.54453125 0.0203125 0.0859375
0 0.74296875 0.49453125 0.0671875 0.0921875
0 0.896875 0.3203125 0.0875 0.040625
0 0.9359375 0.85703125 0.0484375 0.06953125
0 0.7546875 0.81484375 0.0765625 0.084375
0 0.90703125 0.55 0.0625 0.06484375