0 0.44921875 0.4703125 0.1390625 0.11875
0 0.03203125 0.4171875 0.0640625 0.13125
0 0.07421875 0.06796875 0.1421875 0.1359375
0 0.421875 0.15859375 0.084375 0.0890625
0 0.17890625 0.45 0.1484375 0.159375
0 0.553125 0.08515625 0.06875 0.1390625
0 0.70390625 0.028125 0.1078125 0.05625
0 0.7 0.40546875 0.18046875 0.17578125
0 0.8125 0.4703125 0.13125 0.11875
0 0.6078125 0.421875 0.0671875 0.06484375
0 0.57734375 0.4609375 0.07421875 0.07421875
0 0.91171875 0.0578125 0.115625 0.1109375
0 0.05390625 0.8796875 0.1078125 0.121875
0 0.0921875 0.94296875 0.103125 0.0984375
0 0.353125 0.8796875 0.33125 0.240625
0 0.1421875 0.97890625 0.08125 0.0421875
0 0.08984375 0.9875 0.0890625 0.025
0 0.2953125 0.65390625 0.11328125 0.103125
0 0.753125 0.54296875 0.084375 0.0265625
0 0.97109375 0.65078125 0.0578125 0.0703125
0 0.903125 0.665625 0.0484375 0.0453125
0 0.95 0.7328125 0.0484375 0.053125
0 0.91796875 0.8890625 0.06484375 0.071875
0 0.84765625 0.94296875 0.0984375 0.09609375
0 0.8 0.853125 0.0671875 0.05546875
0 0.771875 0.828125 0.04296875 0.0453125
0 0.67734375 0.80625 0.06484375 0.06484375
0 0.64609375 0.86171875 0.06015625 0.0625
0 0.9921875 0.9484375 0.015625 0.05625
0 0.7796875 0.96015625 0.0453125 0.05078125