0 0.025 0.52421875 0.05 0.0515625
0 0.03125 0.36171875 0.0578125 0.0453125
0 0.815625 0.51171875 0.090625 0.0765625
0 0.70859375 0.05546875 0.1515625 0.1109375
0 0.50859375 0.12265625 0.12265625 0.13203125
0 0.384375 0.046875 0.05 0.09375
0 0.31484375 0.55703125 0.0515625 0.0140625
0 0.32734375 0.909375 0.0640625 0.071875
0 0.26640625 0.95234375 0.07421875 0.0671875
0 0.225 0.94765625 0.0484375 0.0453125
0 0.50234375 0.98046875 0.0890625 0.0390625
0 0.4796875 0.91875 0.06484375 0.0578125
0 0.4015625 0.7828125 0.07421875 0.06484375
0 0.40859375 0.57265625 0.0734375 0.0453125
0 0.64609375 0.86484375 0.1078125 0.13203125
0 0.5625 0.88125 0.06015625 0.07421875
0 0.625 0.73984375 0.14453125 0.165625
0 0.89609375 0.9671875 0.06953125 0.0625
0 0.98125 0.97578125 0.0375 0.0484375
0 0.815625 0.59296875 0.0625 0.0578125
0 0.73671875 0.61875 0.0578125 0.07421875
0 0.84375 0.55859375 0.06875 0.0171875
0 0.65078125 0.5578125 0.0703125 0.015625