0 0.39296875 0.0453125 0.0984375 0.090625
0 0.35546875 0.0421875 0.0359375 0.0453125
0 0.5046875 0.04453125 0.0484375 0.05078125
0 0.5515625 0.08203125 0.034375 0.0515625
0 0.49765625 0.234375 0.08671875 0.09140625
0 0.2375 0.40703125 0.0671875 0.0578125
0 0.25546875 0.34921875 0.05546875 0.053125
0 0.26796875 0.3171875 0.05078125 0.04296875
0 0.353125 0.25234375 0.0671875 0.07421875
0 0.3 0.253125 0.06484375 0.06953125
0 0.34921875 0.1921875 0.053125 0.05546875
0 0.12109375 0.096875 0.0484375 0.0796875
0 0.00625 0.14765625 0.0125 0.0671875
0 0.97265625 0.51796875 0.0546875 0.0234375
0 0.79921875 0.503125 0.0453125 0.0453125
0 0.8046875 0.41953125 0.1203125 0.12265625
0 0.98125 0.48359375 0.0375 0.0515625
0 0.68046875 0.46171875 0.134375 0.1203125
0 0.99140625 0.134375 0.0171875 0.0875
0 0.80078125 0.21171875 0.053125 0.05546875
0 0.80078125 0.1375 0.06953125 0.06484375
0 0.709375 0.10625 0.05546875 0.0578125
0 0.6953125 0.35234375 0.12265625 0.115625
0 0.79921875 0.07109375 0.0578125 0.05546875
0 0.9671875 0.321875 0.065625 0.06875
0 0.95703125 0.1171875 0.0453125 0.040625
0 0.60078125 0.309375 0.0640625 0.08125
0 0.5828125 0.22578125 0.028125 0.0515625
0 0.5765625 0.0890625 0.015625 0.071875
0 0.046875 0.590625 0.09375 0.09375
0 0.221875 0.98203125 0.134375 0.0359375
0 0.16640625 0.91328125 0.2328125 0.1734375
0 0.0609375 0.81015625 0.121875 0.3796875
0 0.246875 0.7265625 0.0890625 0.09609375
0 0.31640625 0.81796875 0.0890625 0.09609375
0 0.3828125 0.90703125 0.11328125 0.11796875
0 0.4625 0.940625 0.07421875 0.0765625
0 0.4859375 0.8015625 0.0890625 0.08671875
0 0.50390625 0.6921875 0.05546875 0.05546875
0 0.55234375 0.57578125 0.0328125 0.0921875
0 0.40546875 0.6125 0.0984375 0.10078125
0 0.7671875 0.790625 0.10078125 0.1109375
0 0.6953125 0.87890625 0.071875 0.07421875
0 0.73359375 0.921875 0.0765625 0.0796875
0 0.66640625 0.9671875 0.0671875 0.065625
0 0.59609375 0.9390625 0.0546875 0.075
0 0.98359375 0.55546875 0.0328125 0.0515625
0 0.91484375 0.61171875 0.04296875 0.06015625
0 0.753125 0.64765625 0.06953125 0.071875
0 0.62265625 0.665625 0.1078125 0.165625
0 0.8890625 0.875 0.0578125 0.0578125