0 0.5296875 0.37421875 0.12734375 0.125
0 0.4953125 0.39140625 0.053125 0.0578125
0 0.5453125 0.15703125 0.11796875 0.1203125
0 0.59375 0.05234375 0.03125 0.0703125
0 0.2375 0.1078125 0.08671875 0.08203125
0 0.2765625 0.153125 0.071875 0.06953125
0 0.30234375 0.17734375 0.0625 0.06015625
0 0.40703125 0.2015625 0.09140625 0.09609375
0 0.3578125 0.221875 0.0890625 0.09140625
0 0.428125 0.25625 0.06953125 0.071875
0 0.38828125 0.515625 0.1015625 0.0875
0 0.26015625 0.43828125 0.0765625 0.09140625
0 0.1125 0.45 0.08671875 0.08671875
0 0.02109375 0.45625 0.0421875 0.071875
0 0.01640625 0.21015625 0.0328125 0.0765625
0 0.03359375 0.01171875 0.0671875 0.0234375
0 0.97265625 0.484375 0.0546875 0.15
0 0.95390625 0.14765625 0.0921875 0.1734375
0 0.95625 0.02265625 0.0875 0.0453125
0 0.1734375 0.9046875 0.271875 0.190625
0 0.053125 0.69296875 0.0625 0.06015625
0 0.07109375 0.5984375 0.0671875 0.071875
0 0.13046875 0.78671875 0.0484375 0.05078125
0 0.1578125 0.703125 0.053125 0.053125
0 0.221875 0.72421875 0.10546875 0.1078125
0 0.30703125 0.88671875 0.0625 0.0765625
0 0.46796875 0.93828125 0.09140625 0.09375
0 0.40546875 0.9203125 0.071875 0.0796875
0 0.36015625 0.75078125 0.2640625 0.29296875
0 0.315625 0.62734375 0.06015625 0.0578125
0 0.4640625 0.66875 0.0671875 0.06484375
0 0.5640625 0.76796875 0.090625 0.1109375
0 0.60078125 0.58046875 0.0171875 0.0421875
0 0.14140625 0.58359375 0.05078125 0.0484375
0 0.196875 0.57578125 0.0625 0.0328125
0 0.23125 0.6234375 0.05546875 0.0625
0 0.8265625 0.87109375 0.0796875 0.0765625
0 0.75625 0.82578125 0.125 0.12734375
0 0.8609375 0.59921875 0.0796875 0.0765625
0 0.975 0.60546875 0.05 0.0921875
0 0.69296875 0.9890625 0.0546875 0.021875