0 0.459375 0.2796875 0.13671875 0.13671875
0 0.49375 0.2984375 0.0578125 0.06015625
0 0.3609375 0.2171875 0.06953125 0.06953125
0 0.3890625 0.1578125 0.08203125 0.08203125
0 0.49296875 0.11328125 0.084375 0.084375
0 0.37734375 0.0625 0.07421875 0.07421875
0 0.2671875 0.0140625 0.0875 0.028125
0 0.3921875 0.021875 0.084375 0.04296875
0 0.5265625 0.06640625 0.053125 0.053125
0 0.2390625 0.1515625 0.0890625 0.0890625
0 0.28828125 0.22109375 0.07421875 0.071875
0 0.1578125 0.203125 0.0796875 0.0796875
0 0.26171875 0.38828125 0.12734375 0.12734375
0 0.134375 0.3921875 0.06953125 0.07421875
0 0.05625 0.43515625 0.09375 0.0984375
0 0.4 0.68359375 0.09140625 0.0890625
0 0.415625 0.6234375 0.0765625 0.0765625
0 0.421875 0.5875 0.0671875 0.06484375
0 0.38125 0.4828125 0.10078125 0.10078125
0 0.428125 0.5140625 0.09609375 0.09609375
0 0.4171875 0.4328125 0.0765625 0.0765625
0 0.6703125 0.31640625 0.1078125 0.10546875
0 0.671875 0.47578125 0.084375 0.09609375
0 0.79921875 0.3265625 0.10546875 0.1109375
0 0.7921875 0.14765625 0.146875 0.134375
0 0.90859375 0.41484375 0.08203125 0.08671875
0 0.9671875 0.415625 0.06484375 0.071875
0 0.8859375 0.35078125 0.0765625 0.0796875
0 0.95078125 0.26171875 0.0765625 0.0796875
0 0.76953125 0.59765625 0.09375 0.09375
0 0.834375 0.68046875 0.06953125 0.07421875
0 0.90390625 0.73828125 0.09140625 0.09375
0 0.91953125 0.765625 0.04296875 0.0625
0 0.9484375 0.71015625 0.0484375 0.06484375
0 0.97421875 0.64140625 0.0515625 0.0765625
0 0.63203125 0.83671875 0.08671875 0.084375
0 0.6203125 0.9671875 0.11796875 0.06484375
0 0.1 0.821875 0.053125 0.05078125
0 0.165625 0.84765625 0.0671875 0.0671875
0 0.41328125 0.9328125 0.0796875 0.08203125