0 0.334375 0.1703125 0.0578125 0.0796875
0 0.08671875 0.190625 0.09609375 0.06484375
0 0.01875 0.21640625 0.0375 0.0796875
0 0.08515625 0.38203125 0.071875 0.08203125
0 0.06171875 0.03203125 0.0734375 0.0640625
0 0.40703125 0.51171875 0.0640625 0.0578125
0 0.29609375 0.51640625 0.08203125 0.07421875
0 0.0890625 0.49140625 0.0578125 0.05078125
0 0.8796875 0.03515625 0.240625 0.0703125
0 0.91640625 0.009375 0.0765625 0.01875
0 0.9671875 0.0109375 0.065625 0.021875
0 0.9890625 0.10625 0.021875 0.071875
0 0.71953125 0.06015625 0.09375 0.09140625
0 0.578125 0.0140625 0.125 0.028125
0 0.23671875 0.85390625 0.0765625 0.07421875
0 0.1515625 0.6953125 0.06953125 0.06953125
0 0.12265625 0.771875 0.06015625 0.0625
0 0.0625 0.7375 0.06953125 0.0671875
0 0.9296875 0.97109375 0.140625 0.0578125
0 0.79140625 0.9671875 0.0578125 0.065625
0 0.56171875 0.8453125 0.06953125 0.0625