0 0.02890625 0.34375 0.0578125 0.0625
0 0.228125 0.234375 0.0578125 0.0796875
0 0.4578125 0.21328125 0.0625 0.0640625
0 0.46484375 0.03125 0.0484375 0.0625
0 0.47578125 0.37265625 0.0265625 0.0671875
0 0.8078125 0.14921875 0.084375 0.0890625
0 0.8625 0.09140625 0.0578125 0.0484375
0 0.72265625 0.30390625 0.071875 0.0671875
0 0.365625 0.77421875 0.06953125 0.06484375
0 0.4390625 0.69609375 0.08203125 0.08203125
0 0.2328125 0.871875 0.071875 0.06953125
0 0.1546875 0.85859375 0.146875 0.13671875
0 0.23515625 0.99140625 0.0828125 0.0171875
0 0.45859375 0.98125 0.0609375 0.0375
0 0.4046875 0.42734375 0.0625 0.0359375
0 0.28359375 0.59140625 0.084375 0.053125
0 0.01953125 0.86484375 0.0390625 0.1296875
0 0.63125 0.56328125 0.284375 0.3078125
0 0.57578125 0.9515625 0.1734375 0.096875
0 0.9640625 0.940625 0.071875 0.11875
0 0.9671875 0.7640625 0.065625 0.09375
0 0.98359375 0.5078125 0.0328125 0.05625
0 0.86484375 0.48828125 0.11796875 0.11796875