0 0.4703125 0.834375 0.115625 0.115625
0 0.55078125 0.80859375 0.0890625 0.0890625
0 0.525 0.76328125 0.12734375 0.12734375
0 0.65234375 0.7328125 0.08671875 0.08671875
0 0.5890625 0.5140625 0.09609375 0.09609375
0 0.4265625 0.3265625 0.11328125 0.11328125
0 0.37890625 0.24140625 0.11796875 0.11796875
0 0.5609375 0.18984375 0.1078125 0.1078125
0 0.2984375 0.4234375 0.10078125 0.10078125
0 0.228125 0.66015625 0.10078125 0.10078125
0 0.0625 0.58984375 0.09140625 0.09140625
0 0.08984375 0.51171875 0.09609375 0.09609375
0 0.11328125 0.39296875 0.11328125 0.11328125
0 0.28828125 0.85078125 0.0796875 0.0796875
0 0.4640625 0.97578125 0.0984375 0.0484375
0 0.90234375 0.40234375 0.084375 0.084375
0 0.88203125 0.32421875 0.08671875 0.08671875
0 0.80546875 0.24140625 0.1109375 0.1109375
0 0.640625 0.1140625 0.07421875 0.07421875