0 0.15078125 0.2953125 0.09609375 0.06484375
0 0.24453125 0.32109375 0.0890625 0.0796875
0 0.15234375 0.48671875 0.071875 0.08203125
0 0.175 0.1359375 0.07421875 0.0671875
0 0.32578125 0.03203125 0.0828125 0.0640625
0 0.1484375 0.59609375 0.0578125 0.05078125
0 0.85859375 0.46640625 0.2828125 0.3453125
0 0.628125 0.60390625 0.159375 0.0703125
0 0.50703125 0.5234375 0.0765625 0.115625
0 0.828125 0.05546875 0.134375 0.1109375
0 0.73671875 0.0859375 0.10078125 0.103125
0 0.69765625 0.36484375 0.0890625 0.0890625
0 0.6359375 0.434375 0.08671875 0.084375
0 0.85859375 0.2984375 0.1078125 0.1078125
0 0.275 0.72109375 0.13671875 0.13671875
0 0.421875 0.88671875 0.09375 0.1390625
0 0.2265625 0.86171875 0.06953125 0.06953125
0 0.01171875 0.82421875 0.0234375 0.1109375
0 0.30859375 0.94375 0.08203125 0.08203125
0 0.11015625 0.9484375 0.084375 0.084375
0 0.10625 0.984375 0.084375 0.03125
0 0.86875 0.9578125 0.09375 0.084375