0 0.2859375 0.24140625 0.0796875 0.08203125
0 0.24609375 0.31640625 0.0671875 0.0578125
0 0.296875 0.33046875 0.084375 0.09609375
0 0.22734375 0.4421875 0.0578125 0.0625
0 0.4265625 0.5515625 0.0578125 0.0796875
0 0.67421875 0.571875 0.09609375 0.06484375
0 0.76796875 0.59765625 0.0890625 0.0796875
0 0.67578125 0.76328125 0.071875 0.08203125
0 0.6984375 0.4125 0.07421875 0.0671875
0 0.58046875 0.19453125 0.06953125 0.071875
0 0.74765625 0.12890625 0.06484375 0.06484375
0 0.7828125 0.203125 0.06484375 0.071875
0 0.85 0.303125 0.08203125 0.0765625
0 0.40390625 0.10234375 0.0578125 0.053125
0 0.19453125 0.046875 0.05546875 0.05078125
0 0.1734375 0.11875 0.0765625 0.0625
0 0.2828125 0.853125 0.0578125 0.0625
0 0.35234375 0.89296875 0.06484375 0.0578125
0 0.46484375 0.89765625 0.08203125 0.07421875
0 0.671875 0.87265625 0.0578125 0.05078125