0 0.84609375 0.8953125 0.071875 0.1109375
0 0.8296875 0.75390625 0.11796875 0.11328125
0 0.7234375 0.553125 0.11328125 0.12265625
0 0.8609375 0.52734375 0.08203125 0.0765625
0 0.39453125 0.00703125 0.12265625 0.0140625
0 0.228125 0.4703125 0.1203125 0.125
0 0.3578125 0.51796875 0.0984375 0.103125
0 0.11875 0.55390625 0.16796875 0.17578125
0 0.6078125 0.70703125 0.1296875 0.13671875
0 0.490625 0.8078125 0.0796875 0.084375
0 0.6625 0.94609375 0.0671875 0.06484375
0 0.9171875 0.1765625 0.0796875 0.06953125
0 0.85234375 0.14921875 0.06015625 0.06015625
0 0.5625 0.0171875 0.08203125 0.03359375
0 0.51796875 0.13828125 0.071875 0.06953125
0 0.47265625 0.2390625 0.06484375 0.07421875
0 0.384375 0.3109375 0.0765625 0.0890625
0 0.5515625 0.4265625 0.0796875 0.08671875