0 0.90859375 0.29921875 0.08203125 0.10546875
0 0.8078125 0.41328125 0.0796875 0.0796875
0 0.64296875 0.53828125 0.06953125 0.09375
0 0.74140625 0.61875 0.0578125 0.053125
0 0.1421875 0.9046875 0.084375 0.0796875
0 0.21875 0.39296875 0.0765625 0.09140625
0 0.34140625 0.40859375 0.06015625 0.0796875
0 0.165625 0.27421875 0.10546875 0.1296875
0 0.6140625 0.35703125 0.0796875 0.103125
0 0.5625 0.21875 0.05078125 0.0625
0 0.75390625 0.17578125 0.0453125 0.0453125
0 0.7796875 0.09140625 0.04296875 0.03125
0 0.76328125 0.03515625 0.053125 0.0484375
0 0.64453125 0.9484375 0.0578125 0.053125
0 0.5828125 0.9390625 0.03828125 0.04296875
0 0.2921875 0.94921875 0.0578125 0.06015625
0 0.3140625 0.8015625 0.05078125 0.0484375
0 0.31875 0.696875 0.0359375 0.0578125
0 0.27890625 0.59609375 0.04296875 0.071875
0 0.45703125 0.57109375 0.0484375 0.0671875