0 0.053125 0.4265625 0.10546875 0.125
0 0.18046875 0.50625 0.0984375 0.0984375
0 0.3734375 0.578125 0.09375 0.1109375
0 0.30390625 0.68515625 0.06953125 0.0671875
0 0.95390625 0.7828125 0.0921875 0.1
0 0.73828125 0.31640625 0.0984375 0.1109375
0 0.625 0.36640625 0.08203125 0.09375
0 0.75390625 0.1859375 0.1390625 0.15625
0 0.3484375 0.3953125 0.1078125 0.12265625
0 0.359375 0.2484375 0.0671875 0.07421875
0 0.16328125 0.26328125 0.0578125 0.0578125
0 0.11328125 0.18984375 0.05078125 0.040625
0 0.11328125 0.13125 0.06484375 0.06015625
0 0.49140625 0.96875 0.071875 0.0625
0 0.5484375 0.94453125 0.05078125 0.053125
0 0.8296875 0.8703125 0.07421875 0.07421875
0 0.765625 0.7359375 0.0625 0.06015625
0 0.73046875 0.6359375 0.053125 0.0671875
0 0.740625 0.52734375 0.0625 0.08203125
0 0.5625 0.55546875 0.06484375 0.0796875