0 0.1046875 0.36328125 0.0765625 0.09140625
0 0.22734375 0.37890625 0.06015625 0.0796875
0 0.0515625 0.24453125 0.103125 0.1296875
0 0.440625 0.1890625 0.0375 0.0625
0 0.20390625 0.65859375 0.0359375 0.0421875
0 0.16484375 0.56640625 0.04296875 0.071875
0 0.34296875 0.54140625 0.0484375 0.0671875
0 0.7296875 0.50625 0.540625 0.346875
0 0.5703125 0.63046875 0.209375 0.0984375
0 0.93671875 0.54765625 0.1265625 0.1265625
0 0.8515625 0.5125 0.14921875 0.15390625
0 0.98046875 0.64140625 0.0390625 0.0765625
0 0.71328125 0.2171875 0.5078125 0.434375
0 0.49375 0.22109375 0.06875 0.1609375
0 0.5421875 0.46796875 0.14921875 0.14453125
0 0.21953125 0.865625 0.3734375 0.26875
0 0.26953125 0.70078125 0.1765625 0.0421875
0 0.6796875 0.825 0.0796875 0.06953125
0 0.69140625 0.88984375 0.0765625 0.0625
0 0.746875 0.95 0.06484375 0.06953125