0 0.390625 0.49921875 0.09375 0.084375
0 0.30546875 0.64609375 0.11328125 0.125
0 0.17890625 0.65234375 0.11328125 0.1109375
0 0.0953125 0.68671875 0.08125 0.0640625
0 0.2765625 0.3421875 0.0796875 0.09140625
0 0.3125 0.290625 0.05078125 0.0625
0 0.32578125 0.23125 0.05546875 0.06015625
0 0.4640625 0.33984375 0.0578125 0.06484375
0 0.47890625 0.41484375 0.0609375 0.0609375
0 0.465625 0.13828125 0.0875 0.1921875
0 0.28828125 0.02109375 0.0578125 0.0421875
0 0.0890625 0.05390625 0.14375 0.1078125
0 0.05625 0.209375 0.05078125 0.0578125
0 0.0328125 0.30859375 0.065625 0.0671875
0 0.13125 0.41015625 0.053125 0.0578125
0 0.5265625 0.61171875 0.034375 0.0765625
0 0.55 0.60703125 0.0578125 0.05078125
0 0.8765625 0.33125 0.10546875 0.115625
0 0.87265625 0.23203125 0.08203125 0.11328125
0 0.84375 0.596875 0.05078125 0.0890625
0 0.825 0.05234375 0.11875 0.1046875
0 0.68125 0.01796875 0.071875 0.0359375
0 0.45546875 0.8671875 0.1078125 0.125
0 0.3953125 0.8109375 0.05546875 0.04296875
0 0.3875 0.7625 0.05546875 0.0578125
0 0.90546875 0.95078125 0.0984375 0.0984375
0 0.89921875 0.84765625 0.103125 0.0984375