0 0.08203125 0.4484375 0.09609375 0.0984375
0 0.2984375 0.58984375 0.09609375 0.09375
0 0.38671875 0.75390625 0.11796875 0.1390625
0 0.51796875 0.759375 0.11796875 0.12265625
0 0.6046875 0.81015625 0.08671875 0.09375
0 0.515625 0.9375 0.0671875 0.0578125
0 0.4359375 0.9578125 0.05078125 0.05078125
0 0.3921875 0.9171875 0.0578125 0.06015625
0 0.4171875 0.415625 0.084375 0.10078125
0 0.37890625 0.3578125 0.053125 0.06953125
0 0.365625 0.2921875 0.0578125 0.0671875
0 0.22109375 0.41328125 0.0578125 0.071875
0 0.203125 0.49765625 0.0671875 0.0671875
0 0.04453125 0.1734375 0.06484375 0.0796875
0 0.1703125 0.18984375 0.1875 0.2140625
0 0.0640625 0.36640625 0.0625 0.0578125
0 0.021875 0.3390625 0.04296875 0.06484375
0 0.08046875 0.0109375 0.115625 0.021875
0 0.24140625 0.00390625 0.040625 0.00703125
0 0.4046875 0.05078125 0.0578125 0.0625
0 0.6109375 0.0875 0.14921875 0.13203125
0 0.69921875 0.0109375 0.103125 0.021875
0 0.96171875 0.1765625 0.0765625 0.1109375
0 0.77421875 0.13828125 0.05546875 0.04296875
0 0.6453125 0.26796875 0.053125 0.0625
0 0.67578125 0.37890625 0.0796875 0.07421875
0 0.5671875 0.49140625 0.05546875 0.06484375
0 0.7390625 0.828125 0.06484375 0.0671875
0 0.1296875 0.72265625 0.053125 0.0625