0 0.7328125 0.05078125 0.10546875 0.08671875
0 0.63671875 0.20078125 0.12734375 0.12734375
0 0.4953125 0.20546875 0.12734375 0.11328125
0 0.40390625 0.2515625 0.0890625 0.0875
0 0.496875 0.365625 0.071875 0.046875
0 0.5828125 0.3765625 0.053125 0.025
0 0.63203125 0.35 0.0625 0.05546875
0 0.91328125 0.171875 0.05546875 0.0578125
0 0.0984375 0.6140625 0.196875 0.340625
0 0.1265625 0.503125 0.1109375 0.10546875
0 0.05625 0.98671875 0.090625 0.0265625
0 0.053125 0.921875 0.10625 0.128125
0 0.08671875 0.95078125 0.07421875 0.0796875
0 0.30234375 0.98671875 0.0546875 0.0265625
0 0.31015625 0.95703125 0.0921875 0.0859375
0 0.3484375 0.91328125 0.021875 0.0640625
0 0.34140625 0.96015625 0.0359375 0.0796875
0 0.33203125 0.61171875 0.0546875 0.1421875
0 0.0640625 0.78671875 0.09375 0.08671875
0 0.5125 0.90390625 0.21875 0.1921875
0 0.6265625 0.98515625 0.0625 0.0296875
0 0.6265625 0.91015625 0.0796875 0.08671875
0 0.67421875 0.80859375 0.08203125 0.08671875
0 0.7609375 0.7390625 0.06484375 0.06953125
0 0.75234375 0.64453125 0.084375 0.09140625
0 0.8640625 0.640625 0.0578125 0.0484375
0 0.78125 0.5453125 0.06953125 0.0671875
0 0.6875 0.56640625 0.103125 0.08671875
0 0.49765625 0.47109375 0.1078125 0.11328125
0 0.4078125 0.93515625 0.096875 0.1296875
0 0.9125 0.928125 0.09375 0.103125
0 0.853125 0.9015625 0.10078125 0.09375
0 0.38046875 0.8546875 0.0421875 0.06875
0 0.375 0.7890625 0.03125 0.0625
0 0.4390625 0.578125 0.0453125 0.0484375
0 0.384375 0.48828125 0.05 0.0671875
0 0.94140625 0.50703125 0.1171875 0.2359375
0 0.5828125 0.74140625 0.0625 0.05546875
0 0.5890625 0.6453125 0.06015625 0.06015625
0 0.5578125 0.5828125 0.06015625 0.0578125