0 0.0109375 0.28828125 0.021875 0.0484375
0 0.78671875 0.20859375 0.16796875 0.18984375
0 0.47734375 0.24296875 0.0953125 0.1140625
0 0.57734375 0.246875 0.07421875 0.0625
0 0.675 0.22890625 0.0578125 0.0625
0 0.9046875 0.3359375 0.0625 0.046875
0 0.40390625 0.79296875 0.0515625 0.1234375
0 0.24453125 0.8328125 0.13671875 0.10546875
0 0.24453125 0.96171875 0.0625 0.06015625
0 0.42265625 0.62421875 0.0140625 0.0640625
0 0.38984375 0.58203125 0.0796875 0.0828125
0 0.32734375 0.51796875 0.0890625 0.084375
0 0.03125 0.76953125 0.0625 0.0765625
0 0.08828125 0.83671875 0.08203125 0.0671875
0 0.08515625 0.934375 0.0765625 0.06484375
0 0.240625 0.384375 0.06875 0.05
0 0.04375 0.6578125 0.06484375 0.0578125
0 0.18203125 0.63359375 0.04296875 0.0359375
0 0.903125 0.9546875 0.125 0.090625
0 0.56015625 0.959375 0.1640625 0.08125
0 0.46796875 0.98046875 0.0515625 0.0390625
0 0.66171875 0.85703125 0.053125 0.0578125
0 0.82890625 0.85859375 0.05546875 0.05546875
0 0.80859375 0.70703125 0.11796875 0.1390625
0 0.503125 0.76875 0.1390625 0.1390625
0 0.4796875 0.6609375 0.1 0.090625
0 0.54296875 0.49375 0.2046875 0.26875
0 0.84453125 0.44375 0.06953125 0.0625
0 0.6984375 0.5109375 0.05078125 0.0625