0 0.16796875 0.971875 0.1421875 0.05625
0 0.04921875 0.9125 0.0890625 0.08671875
0 0.015625 0.80078125 0.03125 0.0671875
0 0.0734375 0.5484375 0.12734375 0.1296875
0 0.13359375 0.63828125 0.09140625 0.10546875
0 0.1359375 0.77890625 0.1296875 0.1421875
0 0.203125 0.89921875 0.071875 0.07421875
0 0.27265625 0.91953125 0.08203125 0.09609375
0 0.328125 0.9125 0.0796875 0.084375
0 0.428125 0.94453125 0.0796875 0.09609375
0 0.69453125 0.984375 0.07421875 0.03125
0 0.72109375 0.9484375 0.0890625 0.0671875
0 0.69375 0.91015625 0.071875 0.05546875
0 0.86171875 0.9578125 0.06953125 0.06953125
0 0.9015625 0.87265625 0.071875 0.0765625
0 0.91328125 0.82109375 0.0453125 0.053125
0 0.75 0.8375 0.071875 0.053125
0 0.7671875 0.7921875 0.08671875 0.084375
0 0.68984375 0.7546875 0.0671875 0.0625
0 0.4265625 0.68984375 0.178125 0.1875
0 0.32421875 0.70703125 0.06953125 0.0671875
0 0.25234375 0.6203125 0.1515625 0.146875
0 0.3265625 0.546875 0.06953125 0.08203125
0 0.3484375 0.4703125 0.06484375 0.06015625
0 0.1671875 0.4625 0.06484375 0.06484375
0 0.0625 0.40390625 0.06015625 0.0578125
0 0.009375 0.31875 0.01875 0.084375
0 0.0375 0.33046875 0.0625 0.0578125
0 0.03125 0.21875 0.0625 0.115625
0 0.05078125 0.1140625 0.10078125 0.13203125
0 0.00625 0.05078125 0.01171875 0.09609375
0 0.1421875 0.1703125 0.071875 0.084375
0 0.25703125 0.10546875 0.0671875 0.07421875
0 0.2984375 0.17890625 0.071875 0.09375
0 0.60234375 0.03828125 0.10078125 0.0765625
0 0.546875 0.06953125 0.0765625 0.10078125
0 0.48671875 0.1359375 0.0578125 0.05546875
0 0.47265625 0.22109375 0.0671875 0.05546875
0 0.34140625 0.34140625 0.21171875 0.25234375
0 0.52265625 0.321875 0.165625 0.18515625
0 0.50390625 0.5140625 0.071875 0.08203125
0 0.8125 0.56953125 0.1390625 0.1390625
0 0.73046875 0.50859375 0.084375 0.08203125
0 0.740625 0.640625 0.0578125 0.05078125
0 0.678125 0.6265625 0.05546875 0.05546875
0 0.9515625 0.32578125 0.09609375 0.0765625
0 0.8796875 0.3125 0.09375 0.1078125
0 0.68359375 0.296875 0.09140625 0.115625
0 0.56015625 0.86875 0.0484375 0.0453125
0 0.5359375 0.6421875 0.06484375 0.0578125
0 0.4625 0.83671875 0.06015625 0.06015625