0 0.04296875 0.69140625 0.0859375 0.1515625
0 0.01328125 0.56640625 0.0265625 0.115625
0 0.01953125 0.453125 0.03828125 0.0890625
0 0.196875 0.30859375 0.16796875 0.16796875
0 0.1875 0.41015625 0.12734375 0.1296875
0 0.1078125 0.515625 0.178125 0.18046875
0 0.08671875 0.64296875 0.09375 0.09609375
0 0.125 0.6984375 0.115625 0.11796875
0 0.16953125 0.725 0.10546875 0.1078125
0 0.22265625 0.80546875 0.115625 0.11796875
0 0.38671875 0.97578125 0.08671875 0.0484375
0 0.4328125 0.96171875 0.103125 0.0765625
0 0.43515625 0.93046875 0.084375 0.08203125
0 0.60703125 0.98515625 0.0953125 0.0296875
0 0.646875 0.978125 0.0625 0.04296875
0 0.51796875 0.9078125 0.08203125 0.0796875
0 0.55625 0.884375 0.1109375 0.1109375
0 0.52265625 0.8125 0.084375 0.084375
0 0.3703125 0.615625 0.23828125 0.23828125
0 0.2875 0.56953125 0.0890625 0.0890625
0 0.28515625 0.4640625 0.19453125 0.19453125
0 0.38125 0.4515625 0.09609375 0.0984375
0 0.44140625 0.4078125 0.08203125 0.08203125
0 0.3140625 0.29921875 0.084375 0.084375
0 0.27265625 0.19609375 0.0765625 0.0765625
0 0.26171875 0.08515625 0.1078125 0.1078125
0 0.2984375 0.12734375 0.0765625 0.0765625
0 0.33515625 0.05078125 0.15625 0.10078125
0 0.43203125 0.025 0.1484375 0.05
0 0.46640625 0.0671875 0.0984375 0.10078125
0 0.5875 0.08515625 0.09140625 0.09140625
0 0.57421875 0.1625 0.10546875 0.1109375
0 0.88125 0.22265625 0.12734375 0.12734375
0 0.81875 0.22265625 0.115625 0.1203125
0 0.7359375 0.23828125 0.071875 0.071875
0 0.6765625 0.29296875 0.0796875 0.0796875
0 0.5109375 0.3078125 0.30078125 0.3078125
0 0.65234375 0.396875 0.22578125 0.23046875
0 0.52734375 0.52890625 0.0984375 0.10078125
0 0.71875 0.74375 0.18046875 0.1828125
0 0.69609375 0.6515625 0.1078125 0.1078125
0 0.625 0.75625 0.06953125 0.06953125
0 0.5875 0.71015625 0.071875 0.071875
0 0.9515625 0.6421875 0.09609375 0.1109375
0 0.9171875 0.59140625 0.13203125 0.134375
0 0.78515625 0.46875 0.134375 0.13671875
0 0.36328125 0.8234375 0.06015625 0.06015625
0 0.47734375 0.640625 0.0796875 0.0796875
0 0.31015625 0.74375 0.0765625 0.0765625