0 0.3921875 0.35859375 0.175 0.0609375
0 0.4640625 0.18828125 0.03125 0.0671875
0 0.42890625 0.09296875 0.1015625 0.1859375
0 0.29765625 0.06328125 0.1765625 0.1265625
0 0.31875 0.2390625 0.07421875 0.0890625
0 0.0328125 0.2984375 0.065625 0.153125
0 0.0796875 0.23125 0.0890625 0.0890625
0 0.06796875 0.36953125 0.0609375 0.0390625
0 0.13359375 0.36015625 0.0578125 0.0578125
0 0.1265625 0.0296875 0.096875 0.059375
0 0.28515625 0.36796875 0.0671875 0.0421875
0 0.509375 0.26171875 0.059375 0.0765625
0 0.625 0.08984375 0.08203125 0.08671875
0 0.69375 0.06953125 0.05546875 0.05078125
0 0.8609375 0.3671875 0.06875 0.04375
0 0.76875 0.3046875 0.05078125 0.05546875
0 0.82109375 0.16640625 0.053125 0.0484375
0 0.9109375 0.12578125 0.06484375 0.0578125
0 0.93828125 0.05703125 0.0890625 0.0765625
0 0.884375 0.3 0.05546875 0.05078125
0 0.56875 0.37578125 0.040625 0.0265625
0 0.59140625 0.2265625 0.06953125 0.06484375
0 0.265625 0.65078125 0.0984375 0.1109375
0 0.02890625 0.87421875 0.0578125 0.1546875
0 0.2 0.4109375 0.065625 0.04375
0 0.32109375 0.428125 0.05078125 0.05078125
0 0.19375 0.96640625 0.06015625 0.05078125
0 0.33671875 0.78125 0.0484375 0.03359375
0 0.390625 0.90078125 0.0484375 0.03359375
0 0.6890625 0.921875 0.159375 0.15625
0 0.7921875 0.98359375 0.065625 0.0328125
0 0.846875 0.959375 0.053125 0.0671875
0 0.8875 0.92109375 0.040625 0.05078125
0 0.846875 0.82109375 0.0484375 0.04296875
0 0.66015625 0.41875 0.0640625 0.059375
0 0.7203125 0.40625 0.053125 0.034375
0 0.6921875 0.5125 0.0671875 0.0890625
0 0.86640625 0.51875 0.1703125 0.16328125
0 0.5671875 0.59375 0.175 0.409375
0 0.98203125 0.8953125 0.0359375 0.121875
0 0.88828125 0.40625 0.0828125 0.034375