0 0.44609375 0.0125 0.0328125 0.025
0 0.53203125 0.0484375 0.053125 0.07421875
0 0.77890625 0.06328125 0.0890625 0.0984375
0 0.64765625 0.02109375 0.0484375 0.0421875
0 0.96015625 0.1546875 0.0796875 0.10625
0 0.88984375 0.02265625 0.0484375 0.0453125
0 0.615625 0.209375 0.115625 0.11796875
0 0.5578125 0.30625 0.15625 0.146875
0 0.44453125 0.35234375 0.0296875 0.0546875
0 0.67265625 0.33828125 0.053125 0.05078125
0 0.75 0.14140625 0.103125 0.05546875
0 0.75 0.2203125 0.09609375 0.06484375
0 0.79765625 0.19296875 0.0453125 0.0359375
0 0.78359375 0.32265625 0.05078125 0.03828125
0 0.73359375 0.3671875 0.0328125 0.025
0 0.35234375 0.4859375 0.14921875 0.165625
0 0.03359375 0.84765625 0.0671875 0.0671875
0 0.24453125 0.740625 0.125 0.1109375
0 0.37890625 0.66328125 0.1015625 0.1140625
0 0.06875 0.434375 0.0796875 0.071875
0 0.0125 0.40703125 0.025 0.0546875
0 0.125 0.6890625 0.08671875 0.09375
0 0.19765625 0.646875 0.08671875 0.084375
0 0.3984375 0.91875 0.0625 0.06875
0 0.71484375 0.72109375 0.5703125 0.5578125
0 0.9125 0.73671875 0.0984375 0.103125
0 0.928125 0.821875 0.10078125 0.11328125
0 0.71640625 0.8328125 0.09375 0.09609375
0 0.50859375 0.515625 0.084375 0.10078125
0 0.859375 0.4515625 0.178125 0.14375
0 0.5671875 0.421875 0.096875 0.084375
0 0.61015625 0.4 0.0734375 0.040625