0 0.14609375 0.5578125 0.0796875 0.021875
0 0.2890625 0.53125 0.1 0.075
0 0.2984375 0.453125 0.10078125 0.0984375
0 0.50234375 0.515625 0.0734375 0.10625
0 0.31328125 0.09921875 0.2140625 0.1984375
0 0.19140625 0.0984375 0.071875 0.084375
0 0.1421875 0.2140625 0.06484375 0.0796875
0 0.01328125 0.25625 0.0265625 0.10625
0 0.0234375 0.3859375 0.046875 0.071875
0 0.08203125 0.44609375 0.0671875 0.0578125
0 0.08671875 0.39296875 0.0625 0.053125
0 0.1046875 0.34140625 0.05078125 0.0578125
0 0.3765625 0.31015625 0.125 0.115625
0 0.58828125 0.2859375 0.0984375 0.125
0 0.86875 0.1328125 0.1515625 0.14921875
0 0.98125 0.1 0.0375 0.125
0 0.528125 0.634375 0.021875 0.125
0 0.51015625 0.63359375 0.0578125 0.0734375
0 0.103125 0.6828125 0.20625 0.228125
0 0.1421875 0.83828125 0.18046875 0.17578125
0 0.12265625 0.92578125 0.1515625 0.14453125
0 0.30546875 0.76640625 0.12734375 0.13203125
0 0.31640625 0.8265625 0.09609375 0.09609375
0 0.50703125 0.89921875 0.0640625 0.1078125
0 0.28984375 0.97578125 0.0796875 0.0484375
0 0.28203125 0.60859375 0.1328125 0.0796875
0 0.425 0.58828125 0.08125 0.0390625
0 0.97265625 0.92734375 0.0546875 0.1453125
0 0.82265625 0.6984375 0.07421875 0.07421875
0 0.83125 0.8765625 0.0765625 0.0796875
0 0.6453125 0.85859375 0.0765625 0.0765625
0 0.6125 0.5765625 0.096875 0.015625