0 0.2453125 0.109375 0.0796875 0.06953125
0 0.10234375 0.15703125 0.10078125 0.08203125
0 0.09375 0.2390625 0.10078125 0.0984375
0 0.25 0.478125 0.06484375 0.0796875
0 0.4125 0.43515625 0.09375 0.10546875
0 0.37890625 0.30625 0.0671875 0.071875
0 0.4625 0.21171875 0.075 0.0796875
0 0.31015625 0.24609375 0.0671875 0.0578125
0 0.30546875 0.29921875 0.0625 0.053125
0 0.2875 0.35078125 0.05078125 0.0578125
0 0.48671875 0.38046875 0.0265625 0.0484375
0 0.0390625 0.38125 0.078125 0.115625
0 0.97734375 0.16953125 0.0453125 0.0546875
0 0.78203125 0.2421875 0.05546875 0.0625
0 0.7328125 0.24140625 0.04296875 0.04296875
0 0.6609375 0.26015625 0.0671875 0.06953125
0 0.52578125 0.10546875 0.0515625 0.0796875
0 0.55859375 0.01484375 0.0796875 0.0296875
0 0.784375 0.06796875 0.0359375 0.0453125
0 0.93359375 0.4921875 0.06015625 0.0671875
0 0.54765625 0.49453125 0.0765625 0.06484375
0 0.596875 0.340625 0.0578125 0.0578125
0 0.9609375 0.378125 0.0578125 0.05546875
0 0.903125 0.3640625 0.0453125 0.0453125
0 0.4203125 0.721875 0.159375 0.1875
0 0.41796875 0.840625 0.0765625 0.084375
0 0.26328125 0.80078125 0.15390625 0.16328125
0 0.33359375 0.96015625 0.1078125 0.0796875
0 0.415625 0.9875 0.084375 0.025
0 0.0296875 0.92109375 0.059375 0.1078125
0 0.0671875 0.865625 0.06953125 0.071875
0 0.47109375 0.565625 0.0578125 0.053125
0 0.2875 0.5609375 0.18125 0.04375
0 0.06484375 0.66953125 0.06484375 0.0625
0 0.21015625 0.58203125 0.0578125 0.05546875
0 0.7375 0.5765625 0.103125 0.075
0 0.88125 0.54765625 0.053125 0.0171875
0 0.903125 0.7828125 0.08671875 0.09140625
0 0.875 0.7203125 0.0625 0.06015625
0 0.8359375 0.77421875 0.06953125 0.06015625
0 0.97109375 0.66796875 0.0578125 0.0765625
0 0.64765625 0.846875 0.0890625 0.0890625