0 0.38828125 0.53828125 0.0234375 0.0359375
0 0.0375 0.49765625 0.075 0.1109375
0 0.18203125 0.40390625 0.10078125 0.103125
0 0.26171875 0.3703125 0.14453125 0.24296875
0 0.2953125 0.11796875 0.0625 0.0765625
0 0.19140625 0.17109375 0.0625 0.0765625
0 0.090625 0.221875 0.08203125 0.09140625
0 0.01484375 0.2171875 0.0296875 0.059375
0 0.04375 0.08125 0.06953125 0.0625
0 0.571875 0.48515625 0.0671875 0.0765625
0 0.78515625 0.246875 0.1296875 0.13203125
0 0.9171875 0.18125 0.165625 0.175
0 0.7125 0.1328125 0.103125 0.09609375
0 0.6578125 0.0703125 0.09140625 0.08671875
0 0.61875 0.06171875 0.06015625 0.0578125
0 0.34296875 0.76328125 0.1140625 0.1203125
0 0.1015625 0.6640625 0.125 0.14453125
0 0.18828125 0.61640625 0.1171875 0.1140625
0 0.25703125 0.971875 0.0609375 0.05625
0 0.31171875 0.921875 0.071875 0.0578125
0 0.834375 0.59921875 0.05546875 0.053125
0 0.896875 0.6390625 0.06015625 0.0453125
0 0.859375 0.675 0.0578125 0.053125
0 0.7125 0.6765625 0.0890625 0.09375
0 0.9859375 0.88203125 0.028125 0.0796875
0 0.77734375 0.91796875 0.146875 0.14921875
0 0.74296875 0.81328125 0.084375 0.0765625
0 0.4984375 0.89296875 0.0578125 0.06015625
0 0.55546875 0.6671875 0.06953125 0.0796875
0 0.4890625 0.628125 0.0671875 0.0671875