0 0.1046875 0.0703125 0.0453125 0.0359375
0 0.32421875 0.02578125 0.0734375 0.0515625
0 0.37734375 0.02265625 0.0515625 0.0453125
0 0.46484375 0.11171875 0.0703125 0.1109375
0 0.32265625 0.20546875 0.10078125 0.103125
0 0.24296875 0.2390625 0.14453125 0.24296875
0 0.05703125 0.23671875 0.1140625 0.3296875
0 0.209375 0.49140625 0.0625 0.0765625
0 0.31328125 0.43828125 0.0625 0.0765625
0 0.4140625 0.3875 0.08203125 0.09140625
0 0.48671875 0.390625 0.0265625 0.059375
0 0.4609375 0.528125 0.06953125 0.0625
0 0.5234375 0.45078125 0.046875 0.2171875
0 0.68203125 0.4484375 0.2328125 0.221875
0 0.76328125 0.4609375 0.07421875 0.09375
0 0.846875 0.5359375 0.15625 0.046875
0 0.96796875 0.54453125 0.0640625 0.0296875
0 0.9671875 0.44453125 0.065625 0.0484375
0 0.84296875 0.3828125 0.06015625 0.0578125
0 0.52421875 0.25546875 0.0484375 0.0484375
0 0.578125 0.221875 0.08203125 0.071875
0 0.5296875 0.11171875 0.059375 0.0796875
0 0.57265625 0.15078125 0.0796875 0.0578125
0 0.57265625 0.028125 0.0859375 0.05625
0 0.878125 0.21328125 0.0578125 0.053125
0 0.8875 0.16796875 0.0578125 0.05546875
0 0.94296875 0.2203125 0.0453125 0.03828125
0 0.84921875 0.1328125 0.0578125 0.040625
0 0.7734375 0.040625 0.09375 0.08125
0 0.98125 0.05 0.0375 0.09375
0 0.95 0.06640625 0.06484375 0.06484375
0 0.98984375 0.36796875 0.0203125 0.0703125
0 0.51875 0.66875 0.0375 0.084375
0 0.665625 0.9421875 0.084375 0.08671875
0 0.86875 0.9875 0.071875 0.025
0 0.971875 0.93984375 0.05625 0.0765625
0 0.87109375 0.81328125 0.07421875 0.08671875
0 0.78828125 0.67890625 0.084375 0.07421875
0 0.675 0.62578125 0.05546875 0.0796875