0 0.29296875 0.13046875 0.08671875 0.071875
0 0.20234375 0.34609375 0.0984375 0.08203125
0 0.53671875 0.1203125 0.0671875 0.08203125
0 0.5265625 0.41875 0.075 0.040625
0 0.37578125 0.3890625 0.06015625 0.05078125
0 0.44765625 0.3359375 0.0578125 0.0625
0 0.61328125 0.1921875 0.0671875 0.115625
0 0.60703125 0.0328125 0.0546875 0.065625
0 0.5921875 0.36640625 0.025 0.0578125
0 0.9109375 0.37109375 0.04296875 0.04296875
0 0.74765625 0.3828125 0.10078125 0.06484375
0 0.27421875 0.5515625 0.0578125 0.0578125
0 0.2640625 0.615625 0.05078125 0.040625
0 0.13671875 0.61171875 0.05546875 0.0578125
0 0.0515625 0.60703125 0.05078125 0.040625
0 0.12109375 0.6953125 0.0359375 0.03359375
0 0.09140625 0.7734375 0.09375 0.0984375
0 0.38203125 0.96171875 0.0671875 0.071875
0 0.22109375 0.7734375 0.1109375 0.0890625
0 0.02734375 0.9703125 0.040625 0.0453125
0 0.17265625 0.871875 0.10078125 0.08671875
0 0.54296875 0.45703125 0.0734375 0.0359375
0 0.16015625 0.4546875 0.0578125 0.03125
0 0.253125 0.9421875 0.0578125 0.0671875
0 0.8015625 0.6359375 0.384375 0.353125
0 0.6921875 0.7546875 0.1109375 0.08671875
0 0.78203125 0.88203125 0.06953125 0.0671875
0 0.78828125 0.9640625 0.0671875 0.0671875
0 0.634375 0.96875 0.08203125 0.053125