0 0.61328125 0.4171875 0.0484375 0.096875
0 0.98984375 0.3859375 0.0203125 0.1
0 0.978125 0.22734375 0.04375 0.0859375
0 0.90546875 0.22578125 0.06015625 0.06015625
0 0.078125 0.678125 0.0578125 0.071875
0 0.209375 0.64609375 0.0671875 0.084375
0 0.284375 0.79140625 0.0796875 0.0984375
0 0.2890625 0.88515625 0.0890625 0.09375
0 0.403125 0.77109375 0.0453125 0.06484375
0 0.44609375 0.821875 0.084375 0.08203125
0 0.4140625 0.553125 0.08671875 0.09140625
0 0.3578125 0.97265625 0.05 0.0546875
0 0.57578125 0.6140625 0.0265625 0.084375
0 0.6015625 0.7765625 0.025 0.071875
0 0.60859375 0.60546875 0.0390625 0.1359375
0 0.89375 0.76875 0.08671875 0.09375
0 0.953125 0.7421875 0.09375 0.103125
0 0.978125 0.5828125 0.04375 0.0875