0 0.33125 0.12265625 0.18984375 0.178125
0 0.39375 0.21328125 0.1125 0.1140625
0 0.4125 0.32734375 0.075 0.0890625
0 0.21484375 0.3296875 0.06484375 0.07421875
0 0.26640625 0.25234375 0.0671875 0.0671875
0 0.2796875 0.321875 0.0765625 0.0796875
0 0.03359375 0.140625 0.0625 0.071875
0 0.06875 0.0828125 0.08671875 0.08671875
0 0.053125 0.33203125 0.10625 0.1359375
0 0.04453125 0.41484375 0.0796875 0.0703125
0 0.0125 0.41484375 0.025 0.0703125
0 0.36015625 0.70703125 0.1796875 0.1984375
0 0.43046875 0.61796875 0.0390625 0.1078125
0 0.10546875 0.9515625 0.2109375 0.096875
0 0.121875 0.85 0.071875 0.0765625
0 0.165625 0.83203125 0.08203125 0.06953125
0 0.22734375 0.5796875 0.09140625 0.084375
0 0.24453125 0.45625 0.0609375 0.0125
0 0.403125 0.46015625 0.05625 0.0203125
0 0.975 0.640625 0.05 0.08125
0 0.8953125 0.4734375 0.071875 0.046875
0 0.97421875 0.47265625 0.0515625 0.0453125
0 0.484375 0.4734375 0.06875 0.046875
0 0.7578125 0.79609375 0.484375 0.4078125