0 0.41015625 0.034375 0.1671875 0.06875
0 0.51484375 0.06328125 0.10078125 0.0890625
0 0.57265625 0.1640625 0.0546875 0.071875
0 0.371875 0.2421875 0.05078125 0.06484375
0 0.3953125 0.15 0.05546875 0.05546875
0 0.43671875 0.2109375 0.0625 0.06484375
0 0.02578125 0.23046875 0.0515625 0.0890625
0 0.10859375 0.12890625 0.0484375 0.0625
0 0.121875 0.0609375 0.07421875 0.06953125
0 0.190625 0.31171875 0.1203125 0.1078125
0 0.23515625 0.396875 0.06015625 0.0796875
0 0.16875 0.41171875 0.0765625 0.05546875
0 0.0265625 0.50234375 0.053125 0.0328125
0 0.646875 0.47265625 0.07421875 0.0671875
0 0.6171875 0.0984375 0.034375 0.0625
0 0.68515625 0.07109375 0.071875 0.08203125
0 0.93359375 0.13984375 0.1328125 0.1921875
0 0.896875 0.43671875 0.20625 0.1640625
0 0.61171875 0.259375 0.0234375 0.075
0 0.6390625 0.1828125 0.05546875 0.0625
0 0.57265625 0.81171875 0.0546875 0.0796875
0 0.56875 0.69375 0.0625 0.284375
0 0.15859375 0.625 0.09375 0.09375
0 0.3515625 0.740625 0.05546875 0.05546875
0 0.43828125 0.8234375 0.05546875 0.0625
0 0.5078125 0.80078125 0.0453125 0.053125
0 0.54765625 0.95546875 0.05546875 0.05546875
0 0.18125 0.82734375 0.09140625 0.10546875
0 0.275 0.78984375 0.1515625 0.17578125
0 0.12109375 0.9328125 0.0625 0.10078125
0 0.0609375 0.84375 0.07421875 0.14453125
0 0.17890625 0.5375 0.0546875 0.0375
0 0.12734375 0.53828125 0.0328125 0.0390625
0 0.61640625 0.93671875 0.0328125 0.1265625
0 0.71171875 0.69375 0.06015625 0.0625
0 0.9890625 0.91875 0.021875 0.06875
0 0.959375 0.884375 0.06953125 0.06953125
0 0.9453125 0.80390625 0.053125 0.05078125