0 0.4921875 0.54609375 0.134375 0.1421875
0 0.4375 0.64609375 0.084375 0.0984375
0 0.38203125 0.69765625 0.071875 0.09609375
0 0.30078125 0.62890625 0.071875 0.07421875
0 0.04375 0.70625 0.0875 0.10625
0 0.403125 0.35234375 0.16796875 0.13671875
0 0.50703125 0.28984375 0.10078125 0.0890625
0 0.5484375 0.1890625 0.021875 0.071875
0 0.3640625 0.1109375 0.05078125 0.06484375
0 0.3875 0.203125 0.05546875 0.05546875
0 0.42890625 0.1421875 0.0625 0.06484375
0 0.021875 0.12265625 0.04375 0.0890625
0 0.10078125 0.22421875 0.0484375 0.0625
0 0.1140625 0.2921875 0.07421875 0.06953125
0 0.18203125 0.04765625 0.1203125 0.0953125
0 0.85703125 0.18671875 0.23828125 0.240625
0 0.934375 0.52578125 0.13125 0.2359375
0 0.671875 0.521875 0.15625 0.14921875
0 0.7046875 0.59609375 0.0984375 0.103125
0 0.8140625 0.65078125 0.09375 0.09609375
0 0.7953125 0.7296875 0.08125 0.059375
0 0.9515625 0.728125 0.096875 0.0625
0 0.61328125 0.18359375 0.1078125 0.1078125
0 0.66484375 0.32265625 0.1078125 0.1078125
0 0.35703125 0.98046875 0.0734375 0.0390625
0 0.06015625 0.9703125 0.1203125 0.059375
0 0.5875 0.78828125 0.05625 0.0578125
0 0.81328125 0.978125 0.0890625 0.04375
0 0.9609375 0.865625 0.07421875 0.07421875
0 0.6703125 0.97421875 0.06875 0.0515625