0 0.7296875 0.3578125 0.18515625 0.1875
0 0.7453125 0.25 0.11796875 0.12265625
0 0.73671875 0.18046875 0.1078125 0.11328125
0 0.63828125 0.18984375 0.09375 0.09609375
0 0.63828125 0.0203125 0.0765625 0.040625
0 0.4828125 0.02734375 0.209375 0.0546875
0 0.7359375 0.05390625 0.0671875 0.053125
0 0.546875 0.46015625 0.19921875 0.196875
0 0.58515625 0.56484375 0.125 0.12265625
0 0.57421875 0.68046875 0.09609375 0.09609375
0 0.58203125 0.83984375 0.08203125 0.084375
0 0.6703125 0.915625 0.1296875 0.12734375
0 0.7796875 0.890625 0.1109375 0.1109375
0 0.4890625 0.97734375 0.165625 0.0453125
0 0.37890625 0.62734375 0.07421875 0.0765625
0 0.44921875 0.5671875 0.071875 0.071875
0 0.4421875 0.63828125 0.084375 0.084375
0 0.1265625 0.421875 0.11328125 0.115625
0 0.25703125 0.396875 0.071875 0.07421875
0 0.30625 0.35078125 0.09375 0.09375
0 0.2078125 0.5828125 0.14921875 0.14921875
0 0.1890625 0.67421875 0.0890625 0.09375
0 0.13359375 0.64921875 0.08671875 0.084375
0 0.00390625 0.65390625 0.00703125 0.12265625
0 0.19453125 0.240625 0.1421875 0.14453125
0 0.2796875 0.10546875 0.1421875 0.146875
0 0.29296875 0.0140625 0.0984375 0.028125
0 0.8375 0.5734375 0.10546875 0.10546875
0 0.88125 0.7046875 0.09609375 0.0984375