0 0.53515625 0.2671875 0.15390625 0.15859375
0 0.459375 0.196875 0.09609375 0.10546875
0 0.4 0.1671875 0.084375 0.10078125
0 0.353125 0.24609375 0.0796875 0.08203125
0 0.203125 0.12734375 0.08203125 0.09609375
0 0.0109375 0.22578125 0.021875 0.12734375
0 0.08671875 0.2328125 0.1734375 0.1828125
0 0.29453125 0.071875 0.09140625 0.08203125
0 0.51171875 0.46015625 0.1734375 0.1609375
0 0.6140625 0.48828125 0.1078125 0.103125
0 0.6984375 0.5578125 0.08203125 0.08203125
0 0.8265625 0.63828125 0.0671875 0.07421875
0 0.93515625 0.609375 0.11328125 0.10546875
0 0.9640625 0.51171875 0.071875 0.09140625
0 0.92890625 0.8140625 0.1390625 0.14453125
0 0.5484375 0.68046875 0.06015625 0.06953125
0 0.540625 0.5921875 0.06015625 0.0625
0 0.5921875 0.6359375 0.06953125 0.071875
0 0.2484375 0.76328125 0.09375 0.0984375
0 0.303125 0.64921875 0.05546875 0.0671875
0 0.29453125 0.5875 0.0796875 0.0796875
0 0.41953125 0.7875 0.12734375 0.125
0 0.478125 0.85 0.071875 0.084375
0 0.42890625 0.8796875 0.0765625 0.0671875
0 0.3296875 0.98671875 0.1078125 0.0265625
0 0.146875 0.6140625 0.11796875 0.125
0 0.0890625 0.47734375 0.115625 0.12734375
0 0.01171875 0.3984375 0.0234375 0.125
0 0.76171875 0.2984375 0.09140625 0.0890625
0 0.88828125 0.33515625 0.0796875 0.084375