0 0.5203125 0.2203125 0.13203125 0.12734375
0 0.44140625 0.06640625 0.13203125 0.1203125
0 0.43984375 0.1984375 0.11328125 0.12265625
0 0.4703125 0.31875 0.06015625 0.06953125
0 0.55078125 0.3234375 0.04296875 0.05078125
0 0.4265625 0.3578125 0.06015625 0.06484375
0 0.33203125 0.42890625 0.0578125 0.053125
0 0.18125 0.61640625 0.040625 0.0453125
0 0.20078125 0.5671875 0.04296875 0.0359375
0 0.1703125 0.6828125 0.04296875 0.040625
0 0.0984375 0.5625 0.0578125 0.0671875
0 0.35 0.759375 0.0796875 0.06953125
0 0.453125 0.8484375 0.071875 0.0796875
0 0.3140625 0.828125 0.06015625 0.0484375
0 0.3609375 0.88359375 0.0578125 0.0578125
0 0.65234375 0.99296875 0.0765625 0.0140625
0 0.44140625 0.98046875 0.0578125 0.03828125