0 0.45546875 0.0296875 0.0578125 0.059375
0 0.83515625 0.41171875 0.3296875 0.2953125
0 0.68125 0.546875 0.0875 0.025
0 0.7890625 0.4296875 0.0765625 0.08671875
0 0.575 0.47421875 0.03125 0.1421875
0 0.87421875 0.0265625 0.0984375 0.053125
0 0.7296875 0.17578125 0.103125 0.10546875
0 0.6375 0.2609375 0.06953125 0.071875
0 0.578125 0.25625 0.0375 0.071875
0 0.5890625 0.1328125 0.059375 0.146875
0 0.5984375 0.52734375 0.078125 0.0640625
0 0.6375 0.44765625 0.06953125 0.0671875
0 0.70078125 0.29375 0.06953125 0.071875
0 0.90078125 0.10859375 0.0625 0.071875
0 0.8546875 0.21953125 0.0359375 0.04296875
0 0.2796875 0.7796875 0.559375 0.440625
0 0.91953125 0.95234375 0.1515625 0.0953125
0 0.61484375 0.940625 0.09375 0.08671875
0 0.82265625 0.6875 0.0765625 0.06953125