0 0.2859375 0.678125 0.13203125 0.134375
0 0.12109375 0.728125 0.13203125 0.1296875
0 0.225 0.63203125 0.115625 0.1296875
0 0.334375 0.56953125 0.0625 0.07421875
0 0.38203125 0.6265625 0.0453125 0.05546875
0 0.34140625 0.50703125 0.0625 0.06953125
0 0.34375 0.38359375 0.0578125 0.0578125
0 0.4046875 0.134375 0.04296875 0.0484375
0 0.37734375 0.18515625 0.040625 0.03828125
0 0.45078125 0.0796875 0.04296875 0.04296875
0 0.31640625 0.1109375 0.06015625 0.071875
0 0.6109375 0.16015625 0.0765625 0.07421875
0 0.73671875 0.17421875 0.07421875 0.084375
0 0.64296875 0.0828125 0.0578125 0.053125
0 0.71171875 0.078125 0.06015625 0.0625
0 0.971875 0.209375 0.05625 0.059375
0 0.1984375 0.02421875 0.040625 0.0484375