0 0.31328125 0.0765625 0.0734375 0.09375
0 0.24765625 0.08828125 0.07421875 0.0984375
0 0.3140625 0.18515625 0.0359375 0.0578125
0 0.290625 0.23828125 0.03828125 0.053125
0 0.2359375 0.3390625 0.040625 0.03828125
0 0.17421875 0.56640625 0.0265625 0.0359375
0 0.1734375 0.51328125 0.03359375 0.02421875
0 0.1875 0.6265625 0.03125 0.025
0 0.08515625 0.546875 0.03359375 0.0578125
0 0.740625 0.0234375 0.16875 0.046875
0 0.6953125 0.05078125 0.134375 0.1015625
0 0.4703125 0.13671875 0.11328125 0.115625
0 0.9171875 0.0125 0.1125 0.025
0 0.8921875 0.10546875 0.11796875 0.11796875
0 0.775 0.49140625 0.15390625 0.1515625
0 0.54921875 0.41328125 0.14921875 0.14921875
0 0.4125 0.53203125 0.10546875 0.1078125
0 0.3703125 0.49609375 0.040625 0.1984375
0 0.40078125 0.5734375 0.1015625 0.13125
0 0.434375 0.61328125 0.1 0.0515625
0 0.4796875 0.57265625 0.0984375 0.0984375
0 0.70234375 0.625 0.2078125 0.028125
0 0.95859375 0.228125 0.0828125 0.09375
0 0.82109375 0.18203125 0.08203125 0.08203125
0 0.6828125 0.203125 0.0890625 0.0890625
0 0.49609375 0.2421875 0.1078125 0.1078125
0 0.88671875 0.2796875 0.08203125 0.0796875
0 0.98203125 0.040625 0.0359375 0.071875
0 0.171875 0.8109375 0.3171875 0.31484375
0 0.2375 0.68046875 0.178125 0.0828125
0 0.32109375 0.72578125 0.0578125 0.0640625
0 0.028125 0.85234375 0.05625 0.1265625
0 0.04453125 0.671875 0.0890625 0.065625
0 0.7765625 0.98515625 0.0625 0.0296875
0 0.71015625 0.9078125 0.0890625 0.0984375
0 0.52421875 0.7296875 0.1890625 0.18125
0 0.57890625 0.915625 0.1109375 0.13671875
0 0.86640625 0.8109375 0.0890625 0.1203125
0 0.9140625 0.75625 0.09140625 0.1109375
0 0.375 0.9859375 0.05 0.028125
0 0.96875 0.9859375 0.0625 0.028125