0 0.10390625 0.1328125 0.17578125 0.1703125
0 0.01796875 0.340625 0.0359375 0.16875
0 0.11875 0.3375 0.0984375 0.1109375
0 0.17265625 0.38203125 0.07421875 0.07421875
0 0.3140625 0.3953125 0.1703125 0.2015625
0 0.47109375 0.328125 0.0171875 0.06875
0 0.078125 0.5109375 0.053125 0.015625
0 0.4 0.025 0.09375 0.05
0 0.42578125 0.11171875 0.1078125 0.2234375
0 0.315625 0.0984375 0.07421875 0.0796875
0 0.1296875 0.4875 0.0578125 0.0578125
0 0.18203125 0.509375 0.0453125 0.01875
0 0.7328125 0.125 0.09375 0.103125
0 0.6734375 0.14375 0.07421875 0.0796875
0 0.61875 0.21171875 0.103125 0.0890625
0 0.79296875 0.375 0.103125 0.103125
0 0.8671875 0.39765625 0.06484375 0.071875
0 0.78984375 0.478125 0.1046875 0.08125
0 0.70390625 0.384375 0.0578125 0.09140625
0 0.6296875 0.50390625 0.06875 0.0296875
0 0.853125 0.14921875 0.09375 0.09609375
0 0.96328125 0.25625 0.0578125 0.06484375
0 0.121875 0.73125 0.14453125 0.15625
0 0.9734375 0.64765625 0.053125 0.1046875
0 0.90234375 0.92578125 0.084375 0.0765625
0 0.70390625 0.9859375 0.0734375 0.028125
0 0.88359375 0.5296875 0.0453125 0.021875
0 0.50390625 0.975 0.040625 0.0484375
0 0.69375 0.8625 0.0484375 0.0578125