0 0.49140625 0.265625 0.17578125 0.1703125
0 0.6234375 0.4734375 0.13125 0.16875
0 0.4765625 0.4703125 0.0984375 0.1109375
0 0.42265625 0.51484375 0.07421875 0.07421875
0 0.28125 0.528125 0.1703125 0.2015625
0 0.10078125 0.46171875 0.0625 0.06953125
0 0.0234375 0.5203125 0.046875 0.065625
0 0.02421875 0.5796875 0.0484375 0.053125
0 0.515625 0.6625 0.053125 0.053125
0 0.5828125 0.67734375 0.075 0.0234375
0 0.63671875 0.2421875 0.0890625 0.115625
0 0.66953125 0.075 0.0390625 0.125
0 0.1953125 0.13828125 0.09375 0.09140625
0 0.1109375 0.215625 0.221875 0.28125
0 0.2796875 0.23125 0.07421875 0.0796875
0 0.465625 0.6203125 0.0578125 0.0578125
0 0.41328125 0.65546875 0.0453125 0.04296875
0 0.67109375 0.671875 0.0359375 0.034375
0 0.64296875 0.33671875 0.0484375 0.0453125
0 0.77109375 0.16953125 0.1515625 0.15390625
0 0.9359375 0.6265625 0.128125 0.125
0 0.69765625 0.525 0.0171875 0.128125
0 0.1546875 0.93046875 0.0671875 0.0765625
0 0.23046875 0.91484375 0.0578125 0.05546875
0 0.11015625 0.88984375 0.06015625 0.05546875
0 0.10390625 0.79375 0.08203125 0.084375
0 0.2234375 0.7984375 0.06953125 0.05546875
0 0.56640625 0.740625 0.1390625 0.103125
0 0.6453125 0.82109375 0.053125 0.0578125
0 0.93515625 0.88984375 0.1296875 0.1703125