0 0.09140625 0.31328125 0.08203125 0.0796875
0 0.46015625 0.31328125 0.06484375 0.06953125
0 0.4609375 0.2078125 0.078125 0.084375
0 0.3375 0.23046875 0.0625 0.06015625
0 0.0953125 0.42890625 0.08125 0.0609375
0 0.20859375 0.03125 0.0890625 0.0625
0 0.19296875 0.44921875 0.0453125 0.0203125
0 0.346875 0.0234375 0.0453125 0.04296875
0 0.03671875 0.0515625 0.06484375 0.0625
0 0.9328125 0.37265625 0.134375 0.1734375
0 0.77890625 0.27734375 0.1109375 0.1203125
0 0.92265625 0.0984375 0.125 0.125
0 0.8484375 0.11640625 0.0578125 0.0625
0 0.4265625 0.484375 0.146875 0.05
0 0.384375 0.659375 0.0671875 0.071875
0 0.1609375 0.62734375 0.0578125 0.0625
0 0.75 0.7296875 0.5 0.540625