0 0.38671875 0.0140625 0.0765625 0.028125
0 0.16796875 0.1734375 0.115625 0.1296875
0 0.1921875 0.37890625 0.103125 0.0796875
0 0.2953125 0.340625 0.0625 0.0671875
0 0.409375 0.36875 0.059375 0.1
0 0.38125 0.12421875 0.0765625 0.071875
0 0.1765625 0.0421875 0.07421875 0.0671875
0 0.09140625 0.33046875 0.053125 0.0625
0 0.04296875 0.24140625 0.05546875 0.0578125
0 0.72265625 0.19765625 0.27890625 0.28125
0 0.69296875 0.37734375 0.1703125 0.0828125
0 0.59453125 0.36484375 0.1640625 0.1078125
0 0.52734375 0.25625 0.09609375 0.0984375
0 0.553125 0.14296875 0.09140625 0.09609375
0 0.98359375 0.21640625 0.0328125 0.0796875
0 0.4109375 0.9125 0.05625 0.115625
0 0.078125 0.9125 0.11796875 0.12734375
0 0.26328125 0.98515625 0.0703125 0.0296875
0 0.17265625 0.8421875 0.0671875 0.0578125
0 0.29921875 0.69453125 0.0796875 0.0765625
0 0.18125 0.6671875 0.09609375 0.1203125
0 0.0734375 0.66953125 0.06015625 0.0671875
0 0.05234375 0.5578125 0.0671875 0.0625
0 0.04453125 0.50625 0.05546875 0.040625
0 0.2765625 0.62265625 0.0671875 0.05546875
0 0.0359375 0.74375 0.06484375 0.06484375
0 0.0671875 0.82421875 0.06015625 0.0484375
0 0.78203125 0.4578125 0.1515625 0.078125
0 0.73984375 0.5765625 0.07421875 0.0625
0 0.95 0.5203125 0.06015625 0.06015625
0 0.55234375 0.49609375 0.1078125 0.103125