0 0.328125 0.06640625 0.04375 0.0890625
0 0.26015625 0.23984375 0.1421875 0.19453125
0 0.17578125 0.1484375 0.05546875 0.08203125
0 0.18671875 0.0203125 0.1609375 0.040625
0 0.06875 0.0609375 0.0625 0.0578125
0 0.21484375 0.375 0.0609375 0.05
0 0.81171875 0.17109375 0.11796875 0.11328125
0 0.66875 0.06328125 0.240625 0.1265625
0 0.05234375 0.47578125 0.09375 0.084375
0 0.03984375 0.53046875 0.0796875 0.0953125
0 0.3109375 0.81875 0.078125 0.14375
0 0.23125 0.85234375 0.09140625 0.08671875
0 0.090625 0.8640625 0.18125 0.15625
0 0.3109375 0.490625 0.078125 0.15625
0 0.10546875 0.68046875 0.0890625 0.084375
0 0.1015625 0.7296875 0.09140625 0.08671875
0 0.03046875 0.77109375 0.0609375 0.0640625
0 0.01484375 0.80234375 0.0296875 0.0953125
0 0.1546875 0.47578125 0.0671875 0.06953125
0 0.18359375 0.4453125 0.1046875 0.090625
0 0.66796875 0.6015625 0.084375 0.10078125
0 0.74140625 0.43125 0.0765625 0.0625