0 0.115625 0.159375 0.0890625 0.08671875
0 0.06328125 0.32890625 0.0859375 0.0796875
0 0.26328125 0.34609375 0.0921875 0.0453125
0 0.44140625 0.334375 0.0890625 0.06875
0 0.409375 0.16640625 0.071875 0.06953125
0 0.4578125 0.18828125 0.0625 0.0703125
0 0.1453125 0.03125 0.071875 0.0625
0 0.978125 0.22890625 0.04375 0.1234375
0 0.88984375 0.08046875 0.06484375 0.0765625
0 0.86484375 0.18984375 0.0578125 0.0796875
0 0.66640625 0.28125 0.103125 0.09375
0 0.50234375 0.0296875 0.0265625 0.059375
0 0.23203125 0.784375 0.1875 0.18984375
0 0.04453125 0.525 0.0890625 0.1875
0 0.12890625 0.396875 0.0671875 0.05625
0 0.4734375 0.67734375 0.03125 0.1078125
0 0.3734375 0.6234375 0.07421875 0.06953125
0 0.3703125 0.48671875 0.0625 0.0625
0 0.03203125 0.75234375 0.0640625 0.1140625
0 0.57734375 0.4390625 0.1765625 0.140625
0 0.59609375 0.84296875 0.2140625 0.1984375
0 0.92109375 0.66796875 0.1421875 0.12734375
0 0.92421875 0.76640625 0.0796875 0.0984375
0 0.83828125 0.88359375 0.0765625 0.0890625
0 0.90078125 0.96875 0.0765625 0.06015625
0 0.828125 0.4484375 0.09140625 0.0984375