0 0.61171875 0.8890625 0.0671875 0.0578125
0 0.940625 0.884375 0.11875 0.15625
0 0.896875 0.7984375 0.05546875 0.06484375
0 0.76328125 0.78828125 0.06015625 0.0625
0 0.90390625 0.6421875 0.0625 0.0578125
0 0.875 0.48828125 0.0765625 0.0890625
0 0.78984375 0.31484375 0.1421875 0.19453125
0 0.70546875 0.40625 0.05546875 0.08203125
0 0.7171875 0.59140625 0.1609375 0.15625
0 0.63203125 0.63125 0.0578125 0.0765625
0 0.4796875 0.53828125 0.0578125 0.0671875
0 0.5984375 0.49375 0.0625 0.0578125
0 0.36875 0.46484375 0.06015625 0.06015625
0 0.15390625 0.42421875 0.0765625 0.07421875
0 0.1875 0.71484375 0.0765625 0.0796875
0 0.0953125 0.7296875 0.071875 0.0625
0 0.390625 0.696875 0.05546875 0.0453125
0 0.3640625 0.6453125 0.05078125 0.0484375
0 0.19375 0.953125 0.07421875 0.0578125
0 0.26953125 0.06953125 0.09609375 0.10078125
0 0.04296875 0.1046875 0.06015625 0.053125
0 0.0328125 0.046875 0.06015625 0.0578125
0 0.61875 0.11640625 0.0765625 0.0671875
0 0.55546875 0.08203125 0.05078125 0.05546875
0 0.52421875 0.0328125 0.053125 0.03828125
0 0.42421875 0.17421875 0.0578125 0.0578125
0 0.384375 0.11796875 0.0578125 0.053125
0 0.7453125 0.1765625 0.06015625 0.05546875
0 0.9421875 0.259375 0.0796875 0.0765625
0 0.86171875 0.0296875 0.0671875 0.053125
0 0.1671875 0.55625 0.1703125 0.146875
0 0.50390625 0.97109375 0.0453125 0.0578125