0 0.4796875 0.00859375 0.071875 0.0171875
0 0.63359375 0.09765625 0.0515625 0.0671875
0 0.58046875 0.49609375 0.0578125 0.0671875
0 0.5828125 0.30859375 0.153125 0.1671875
0 0.50234375 0.26640625 0.06015625 0.08203125
0 0.33984375 0.365625 0.0625 0.071875
0 0.46640625 0.4125 0.0671875 0.0625
0 0.2234375 0.44375 0.06484375 0.06484375
0 0.0171875 0.48828125 0.034375 0.0796875
0 0.03515625 0.175 0.0703125 0.084375
0 0.2453125 0.1953125 0.0578125 0.0484375
0 0.2171875 0.25078125 0.053125 0.05078125
0 0.04921875 0.34609375 0.0984375 0.1578125
0 0.6890625 0.225 0.05546875 0.053125
0 0.7421875 0.321875 0.0578125 0.0578125
0 0.8296875 0.16953125 0.340625 0.3390625
0 0.26875 0.90703125 0.1390625 0.146875
0 0.14765625 0.784375 0.08671875 0.10078125
0 0.2796875 0.78828125 0.053125 0.06015625
0 0.4015625 0.97578125 0.084375 0.0484375
0 0.4640625 0.95 0.1125 0.1
0 0.565625 0.95546875 0.115625 0.0890625
0 0.6234375 0.88671875 0.06015625 0.05546875
0 0.4671875 0.8421875 0.125 0.11796875
0 0.50234375 0.540625 0.0671875 0.021875
0 0.1546875 0.6171875 0.0671875 0.0625
0 0.3609375 0.6234375 0.0578125 0.06015625
0 0.15234375 0.92890625 0.0578125 0.0625
0 0.103125 0.8625 0.05078125 0.0578125
0 0.625 0.553125 0.053125 0.046875
0 0.959375 0.6375 0.08125 0.134375
0 0.9609375 0.74296875 0.078125 0.0671875
0 0.7421875 0.7875 0.10546875 0.0984375
0 0.83828125 0.575 0.1671875 0.090625
0 0.73203125 0.5390625 0.0546875 0.01875