0 0.11640625 0.01640625 0.0515625 0.0328125
0 0.340625 0.0359375 0.05078125 0.053125
0 0.371875 0.12265625 0.0578125 0.0484375
0 0.40703125 0.2953125 0.0859375 0.115625
0 0.21953125 0.0375 0.0359375 0.040625
0 0.08359375 0.19140625 0.06015625 0.0671875
0 0.71796875 0.47421875 0.2015625 0.0296875
0 0.5953125 0.4484375 0.125 0.08125
0 0.87421875 0.44296875 0.0765625 0.08203125
0 0.525 0.0390625 0.115625 0.078125
0 0.48671875 0.05703125 0.0734375 0.1140625
0 0.921875 0.16015625 0.115625 0.11328125
0 0.8125 0.01640625 0.103125 0.0328125
0 0.69375 0.12421875 0.10546875 0.1078125
0 0.89921875 0.08203125 0.2015625 0.1640625
0 0.678125 0.26953125 0.10546875 0.103125
0 0.73203125 0.3765625 0.08671875 0.0890625
0 0.35234375 0.696875 0.134375 0.1109375
0 0.440625 0.68203125 0.01875 0.0828125
0 0.425 0.7734375 0.05 0.053125
0 0.2671875 0.775 0.09609375 0.071875
0 0.19453125 0.834375 0.11328125 0.09375
0 0.1265625 0.953125 0.1125 0.09375
0 0.04453125 0.8890625 0.06015625 0.08203125
0 0.8265625 0.51484375 0.0625 0.0515625
0 0.67421875 0.5171875 0.0671875 0.05625
0 0.63984375 0.49609375 0.0390625 0.0140625
0 0.63046875 0.51484375 0.040625 0.040625
0 0.58828125 0.55859375 0.04296875 0.04296875
0 0.5953125 0.60390625 0.053125 0.053125
0 0.62421875 0.65 0.04296875 0.0453125
0 0.80234375 0.68671875 0.053125 0.053125
0 0.621875 0.7984375 0.03828125 0.03828125