0 0.53984375 0.71953125 0.7234375 0.5609375
0 0.759375 0.796875 0.209375 0.21640625
0 0.3890625 0.6546875 0.13203125 0.12734375
0 0.478125 0.61875 0.14921875 0.15390625
0 0.31640625 0.75859375 0.103125 0.0984375
0 0.2171875 0.4390625 0.18984375 0.17578125
0 0.19140625 0.32421875 0.1203125 0.115625
0 0.6703125 0.2703125 0.61796875 0.540625
0 0.88671875 0.328125 0.1703125 0.1609375
0 0.7875 0.57421875 0.14921875 0.14453125
0 0.1546875 0.20390625 0.309375 0.2640625
0 0.00234375 0.60546875 0.0046875 0.0796875
0 0.01953125 0.509375 0.03828125 0.09609375
0 0.0359375 0.578125 0.071875 0.09140625
0 0.240625 0.97109375 0.08203125 0.0578125