0 0.61953125 0.18359375 0.5234375 0.3671875
0 0.4515625 0.03515625 0.13203125 0.06953125
0 0.67578125 0.3234375 0.09375 0.09609375
0 0.5875 0.30390625 0.09609375 0.12734375
0 0.78515625 0.26796875 0.07421875 0.071875
0 0.70546875 0.62109375 0.14453125 0.12265625
0 0.6703125 0.74140625 0.084375 0.08671875
0 0.225 0.56640625 0.40625 0.55546875
0 0.1203125 0.3390625 0.125 0.115625
0 0.32109375 0.16796875 0.10546875 0.1078125
0 0.1828125 0.95859375 0.075 0.0828125
0 0.36484375 0.97421875 0.0890625 0.0515625
0 0.6421875 0.90234375 0.271875 0.19453125
0 0.9875 0.60234375 0.025 0.1015625
0 0.9234375 0.6875 0.0765625 0.06953125
0 0.92578125 0.60234375 0.0625 0.071875
0 0.97109375 0.0953125 0.0578125 0.10078125