0 0.184375 0.1109375 0.36875 0.221875
0 0.09609375 0.04375 0.1203125 0.0875
0 0.17578125 0.065625 0.1359375 0.13125
0 0.2203125 0.2984375 0.296875 0.340625
0 0.9796875 0.3328125 0.040625 0.125
0 0.8296875 0.06796875 0.09140625 0.1109375
0 0.02421875 0.7375 0.0484375 0.09375
0 0.31640625 0.86796875 0.06015625 0.0796875
0 0.04375 0.91953125 0.0796875 0.103125
0 0.34296875 0.48359375 0.0515625 0.0296875
0 0.3390625 0.5796875 0.0359375 0.0578125
0 0.3625 0.6796875 0.0125 0.071875
0 0.20078125 0.70546875 0.0484375 0.0671875
0 0.97890625 0.6 0.0421875 0.1375
0 0.65 0.51328125 0.09375 0.0890625
0 0.7546875 0.4953125 0.0625 0.053125
0 0.71953125 0.61171875 0.071875 0.0796875
0 0.76640625 0.69921875 0.09375 0.10546875
0 0.8375 0.72421875 0.0578125 0.053125
0 0.8515625 0.7890625 0.0484375 0.0625
0 0.6765625 0.7859375 0.06484375 0.0671875
0 0.4921875 0.50078125 0.071875 0.0640625
0 0.5390625 0.546875 0.06015625 0.05546875
0 0.55 0.58046875 0.0453125 0.0484375
0 0.53046875 0.79296875 0.07421875 0.08671875
0 0.384375 0.66875 0.03125 0.0625
0 0.39453125 0.96640625 0.0515625 0.0671875
0 0.44609375 0.95859375 0.1046875 0.0828125
0 0.68359375 0.97890625 0.0765625 0.0421875
0 0.92265625 0.8890625 0.0578125 0.07421875
0 0.9890625 0.9578125 0.021875 0.071875