0 0.37734375 0.6546875 0.0671875 0.09140625
0 0.43984375 0.6234375 0.0796875 0.11328125
0 0.53515625 0.58671875 0.0453125 0.0453125
0 0.5671875 0.54453125 0.06484375 0.06015625
0 0.80390625 0.4 0.071875 0.08671875
0 0.99375 0.4265625 0.01171875 0.0890625
0 0.9671875 0.0578125 0.06484375 0.09609375
0 0.890625 0.0328125 0.06484375 0.06484375
0 0.75390625 0.10546875 0.06953125 0.09140625
0 0.615625 0.0359375 0.0671875 0.071875
0 0.6546875 0.0015625 0.053125 0.00234375
0 0.39765625 0.96484375 0.05546875 0.06953125
0 0.45703125 0.96875 0.053125 0.0484375
0 0.0359375 0.80390625 0.053125 0.06953125
0 0.109375 0.85078125 0.0796875 0.07421875
0 0.0203125 0.9953125 0.040625 0.009375
0 0.0265625 0.3078125 0.053125 0.09609375
0 0.14296875 0.3765625 0.2015625 0.228125
0 0.04453125 0.2203125 0.07421875 0.0890625
0 0.0984375 0.10546875 0.0765625 0.08203125
0 0.35 0.0203125 0.1421875 0.040625
0 0.47734375 0.1890625 0.06015625 0.09140625
0 0.5625 0.2390625 0.05078125 0.06484375
0 0.540625 0.35078125 0.04296875 0.053125
0 0.54453125 0.30859375 0.0453125 0.0484375
0 0.32578125 0.58984375 0.05078125 0.0578125