0 0.12734375 0.26796875 0.06953125 0.0796875
0 0.19140625 0.2953125 0.08203125 0.0984375
0 0.2890625 0.328125 0.0484375 0.040625
0 0.32265625 0.365625 0.0671875 0.053125
0 0.14765625 0.0140625 0.0578125 0.028125
0 0.20859375 0.00703125 0.0546875 0.0140625
0 0.075 0.32421875 0.053125 0.05078125
0 0.67890625 0.27109375 0.3828125 0.3953125
0 0.8046875 0.4484375 0.053125 0.040625
0 0.8546875 0.28984375 0.08671875 0.10546875
0 0.91171875 0.1984375 0.0984375 0.1203125
0 0.45859375 0.01640625 0.0984375 0.0328125
0 0.47578125 0.0953125 0.1328125 0.190625
0 0.41640625 0.4359375 0.0140625 0.065625
0 0.68828125 0.0484375 0.05078125 0.05546875
0 0.64453125 0.01484375 0.0484375 0.0296875
0 0.01875 0.509375 0.0375 0.08125
0 0.06640625 0.53125 0.0796875 0.08203125
0 0.11796875 0.94453125 0.1140625 0.1109375
0 0.184375 0.85546875 0.2015625 0.2015625
0 0.040625 0.9109375 0.06953125 0.06953125
0 0.12890625 0.696875 0.06484375 0.06484375
0 0.2640625 0.73671875 0.08203125 0.084375
0 0.34375 0.70078125 0.13125 0.1484375
0 0.29609375 0.6234375 0.07421875 0.0765625
0 0.37734375 0.59765625 0.0640625 0.1234375
0 0.159375 0.5796875 0.0625 0.06484375
0 0.89453125 0.534375 0.08203125 0.0796875
0 0.8171875 0.475 0.06875 0.0125
0 0.990625 0.48203125 0.01875 0.0265625
0 0.56796875 0.5390625 0.0671875 0.06015625
0 0.534375 0.76171875 0.146875 0.15625
0 0.63125 0.8671875 0.09609375 0.09140625
0 0.4671875 0.9015625 0.07421875 0.084375
0 0.98515625 0.98359375 0.0296875 0.0328125
0 0.72109375 0.99296875 0.0515625 0.0140625
0 0.896875 0.61875 0.04296875 0.040625
0 0.8140625 0.63671875 0.040625 0.0265625