0 0.33359375 0.19765625 0.06953125 0.0796875
0 0.26953125 0.1703125 0.08203125 0.0984375
0 0.171875 0.1375 0.0484375 0.040625
0 0.13828125 0.1 0.0671875 0.053125
0 0.3125 0.46953125 0.0578125 0.06484375
0 0.2515625 0.471875 0.05546875 0.040625
0 0.66171875 0.3265625 0.0140625 0.0625
0 0.60859375 0.36953125 0.08203125 0.0671875
0 0.56875 0.02734375 0.2 0.0546875
0 0.3859375 0.14140625 0.053125 0.05078125
0 0.95 0.4546875 0.1 0.15
0 0.98203125 0.22421875 0.0359375 0.1140625
0 0.8234375 0.2375 0.09140625 0.0984375
0 0.53984375 0.56328125 0.0890625 0.0671875
0 0.4375 0.6390625 0.103125 0.10546875
0 0.6265625 0.63515625 0.084375 0.1203125
0 0.375 0.790625 0.06484375 0.0796875
0 0.34765625 0.903125 0.0765625 0.06484375
0 0.07890625 0.54921875 0.0609375 0.0390625
0 0.18046875 0.603125 0.05546875 0.0578125
0 0.04609375 0.71171875 0.0921875 0.2203125
0 0.1765625 0.94921875 0.05078125 0.0796875
0 0.03515625 0.915625 0.0625 0.0796875
0 0.5359375 0.88671875 0.06015625 0.053125
0 0.603125 0.88203125 0.04296875 0.04296875
0 0.65546875 0.896875 0.0265625 0.06875
0 0.60859375 0.93828125 0.04296875 0.0484375
0 0.5953125 0.9875 0.05 0.025
0 0.78984375 0.95234375 0.1203125 0.0953125
0 0.97421875 0.8984375 0.0515625 0.15625
0 0.72265625 0.6078125 0.1078125 0.15625
0 0.70078125 0.90625 0.0640625 0.071875
0 0.690625 0.84609375 0.04375 0.0953125
0 0.83984375 0.78671875 0.08671875 0.06484375
0 0.9109375 0.91796875 0.0765625 0.0671875
0 0.93359375 0.775 0.06015625 0.0484375
0 0.965625 0.71640625 0.05546875 0.0453125