0 0.65 0.6390625 0.071875 0.08671875
0 0.5890625 0.61875 0.08671875 0.10546875
0 0.49765625 0.5984375 0.0484375 0.04296875
0 0.4625 0.56640625 0.0671875 0.06015625
0 0.228125 0.4703125 0.0765625 0.08203125
0 0.0328125 0.51796875 0.06484375 0.08203125
0 0.0375 0.196875 0.07421875 0.09140625
0 0.10703125 0.16484375 0.0671875 0.06484375
0 0.24296875 0.2125 0.07421875 0.08671875
0 0.36328125 0.1359375 0.06953125 0.071875
0 0.31953125 0.08203125 0.0578125 0.0671875
0 0.66484375 0.9078125 0.06015625 0.06953125
0 0.6109375 0.9171875 0.05546875 0.0484375
0 0.97734375 0.72578125 0.0453125 0.0671875
0 0.9203125 0.7765625 0.08203125 0.07421875
0 0.9984375 0.9109375 0.00234375 0.06015625
0 0.94375 0.29921875 0.06953125 0.0890625
0 0.8375 0.3734375 0.21171875 0.21875
0 0.91328125 0.228125 0.0796875 0.084375
0 0.85 0.1359375 0.0796875 0.0765625
0 0.6015625 0.05859375 0.146875 0.1171875
0 0.5328125 0.02734375 0.0625 0.0546875
0 0.50859375 0.2515625 0.06484375 0.084375
0 0.43359375 0.30390625 0.05546875 0.0625
0 0.46640625 0.39765625 0.0453125 0.05078125
0 0.459375 0.36171875 0.0484375 0.0453125
0 0.69140625 0.578125 0.053125 0.05546875