0 0.61171875 0.128125 0.0140625 0.0875
0 0.5015625 0.13984375 0.10078125 0.10546875
0 0.425 0.26484375 0.09140625 0.09375
0 0.48984375 0.2984375 0.0765625 0.08203125
0 0.2390625 0.38359375 0.175 0.0515625
0 0.23828125 0.2125 0.09375 0.10078125
0 0.2828125 0.1296875 0.07421875 0.0765625
0 0.209375 0.053125 0.0625 0.06484375
0 0.23359375 0.084375 0.06015625 0.06015625
0 0.8828125 0.12734375 0.234375 0.2546875
0 0.71171875 0.3234375 0.1859375 0.171875
0 0.64921875 0.1515625 0.0609375 0.096875
0 0.1234375 0.8234375 0.196875 0.25703125
0 0.1125 0.6203125 0.0625 0.06015625
0 0.01875 0.55078125 0.0375 0.0703125
0 0.546875 0.87265625 0.14375 0.2015625
0 0.30625 0.42578125 0.0625 0.0328125
0 0.9671875 0.790625 0.065625 0.165625
0 0.671875 0.73125 0.10625 0.20625
0 0.64375 0.83515625 0.05 0.0765625
0 0.63046875 0.88203125 0.0234375 0.0859375