0 0.040625 0.103125 0.08125 0.20625
0 0.32265625 0.02421875 0.0734375 0.0484375
0 0.2921875 0.065625 0.03828125 0.05078125
0 0.24296875 0.06015625 0.0578125 0.040625
0 0.1984375 0.1109375 0.0796875 0.071875
0 0.48515625 0.28671875 0.1484375 0.1671875
0 0.52109375 0.09921875 0.06484375 0.06953125
0 0.340625 0.42109375 0.084375 0.0359375
0 0.65234375 0.09140625 0.125 0.12265625
0 0.76015625 0.0921875 0.14453125 0.1421875
0 0.7234375 0.18359375 0.10078125 0.09609375
0 0.6078125 0.2578125 0.096875 0.15
0 0.91796875 0.3734375 0.103125 0.10078125
0 0.9421875 0.421875 0.115625 0.034375
0 0.86953125 0.0765625 0.103125 0.06953125
0 0.4484375 0.7609375 0.221875 0.2375
0 0.43828125 0.61171875 0.084375 0.07421875
0 0.29296875 0.98125 0.0796875 0.0375
0 0.24296875 0.99140625 0.0484375 0.0171875
0 0.5015625 0.9828125 0.06875 0.034375
0 0.03125 0.94921875 0.03828125 0.040625
0 0.0453125 0.9125 0.06484375 0.06953125
0 0.02109375 0.83984375 0.0421875 0.0484375
0 0.01328125 0.884375 0.0265625 0.0625
0 0.071875 0.52265625 0.103125 0.1078125
0 0.171875 0.58046875 0.09140625 0.1109375
0 0.5015625 0.4484375 0.04375 0.01875
0 0.54375 0.5171875 0.03125 0.059375
0 0.346875 0.88828125 0.0765625 0.0578125
0 0.91015625 0.9078125 0.1796875 0.184375
0 0.8140625 0.6671875 0.11796875 0.11796875
0 0.76484375 0.7640625 0.10546875 0.1078125
0 0.8625 0.7453125 0.1296875 0.1296875
0 0.87734375 0.49375 0.1390625 0.109375
0 0.71328125 0.54375 0.103125 0.10546875
0 0.6890625 0.6046875 0.1296875 0.12734375
0 0.58984375 0.53671875 0.0609375 0.1296875
0 0.7234375 0.46953125 0.090625 0.0609375