0 0.49609375 0.31171875 0.1265625 0.2765625
0 0.45703125 0.1609375 0.06953125 0.06953125
0 0.25 0.0203125 0.05 0.040625
0 0.2640625 0.125 0.11328125 0.1078125
0 0.190625 0.24921875 0.07421875 0.08671875
0 0.221875 0.309375 0.03828125 0.05078125
0 0.27109375 0.30390625 0.0578125 0.040625
0 0.315625 0.3546875 0.0796875 0.071875
0 0.05078125 0.53046875 0.1015625 0.1671875
0 0.0125 0.3421875 0.025 0.06875
0 0.61171875 0.409375 0.05078125 0.04296875
0 0.89453125 0.2609375 0.06484375 0.03359375
0 0.86875 0.2140625 0.02890625 0.03359375
0 0.90546875 0.1625 0.06015625 0.05078125
0 0.62265625 0.03125 0.06484375 0.0453125
0 0.528125 0.93984375 0.0625 0.1203125
0 0.50078125 0.85546875 0.09140625 0.10546875
0 0.49609375 0.71796875 0.1265625 0.1359375
0 0.2078125 0.80390625 0.178125 0.1875
0 0.31015625 0.78671875 0.06953125 0.0671875
0 0.38203125 0.8734375 0.1515625 0.146875
0 0.3078125 0.946875 0.06953125 0.08203125
0 0.1296875 0.96875 0.071875 0.0625
0 0.0984375 0.8515625 0.06484375 0.0578125
0 0.17109375 0.66796875 0.0609375 0.0359375
0 0.6546875 0.765625 0.190625 0.23125
0 0.80625 0.85546875 0.2875 0.2890625
0 0.9515625 0.82890625 0.096875 0.1421875
0 0.9828125 0.68203125 0.034375 0.0640625