0 0.03515625 0.2640625 0.06953125 0.09609375
0 0.14921875 0.40234375 0.2984375 0.2765625
0 0.27421875 0.553125 0.06953125 0.06953125
0 0.06015625 0.63125 0.1203125 0.12734375
0 0.08984375 0.77421875 0.115625 0.1109375
0 0.0921875 0.896875 0.06484375 0.0625
0 0.0828125 0.96484375 0.05078125 0.0484375
0 0.1390625 0.928125 0.06484375 0.0484375
0 0.27109375 0.96953125 0.0734375 0.0609375
0 0.30859375 0.89921875 0.07421875 0.06015625
0 0.5265625 0.796875 0.06015625 0.06015625
0 0.48046875 0.70703125 0.05078125 0.0671875
0 0.4671875 0.5890625 0.11328125 0.1078125
0 0.540625 0.46484375 0.07421875 0.08671875
0 0.509375 0.4046875 0.03828125 0.05078125
0 0.46015625 0.41015625 0.0578125 0.040625
0 0.415625 0.359375 0.0796875 0.071875
0 0.7078125 0.83046875 0.06953125 0.0671875
0 0.728125 0.7546875 0.06953125 0.09375
0 0.8765625 0.8375 0.0578125 0.071875
0 0.81953125 0.4484375 0.09140625 0.1078125
0 0.7046875 0.1828125 0.1515625 0.16796875
0 0.953125 0.52421875 0.09375 0.10546875
0 0.73828125 0.37109375 0.06484375 0.06953125
0 0.55859375 0.03359375 0.084375 0.0671875