0 0.05625 0.26328125 0.09140625 0.09609375
0 0.1703125 0.4015625 0.28828125 0.2765625
0 0.29296875 0.55078125 0.06484375 0.06953125
0 0.08515625 0.62890625 0.1296875 0.125
0 0.12109375 0.7703125 0.1078125 0.1109375
0 0.1234375 0.8921875 0.06015625 0.0625
0 0.115625 0.96015625 0.0484375 0.0484375
0 0.1671875 0.92421875 0.06015625 0.0484375
0 0.290625 0.96484375 0.06953125 0.06015625
0 0.32578125 0.89453125 0.06953125 0.0578125
0 0.5296875 0.79296875 0.0578125 0.06015625
0 0.48671875 0.703125 0.0484375 0.0671875
0 0.475 0.58671875 0.10546875 0.1078125
0 0.54296875 0.4625 0.06953125 0.08671875
0 0.5140625 0.40390625 0.0359375 0.05078125
0 0.46875 0.4078125 0.05546875 0.040625
0 0.4265625 0.3578125 0.07421875 0.071875
0 0.69921875 0.8265625 0.06484375 0.0671875
0 0.7203125 0.7515625 0.06484375 0.09375
0 0.8578125 0.834375 0.05546875 0.071875
0 0.80546875 0.446875 0.084375 0.10546875
0 0.696875 0.18125 0.1421875 0.16796875
0 0.9359375 0.521875 0.0984375 0.103125
0 0.728125 0.36875 0.06015625 0.06953125
0 0.5609375 0.03359375 0.0796875 0.0671875