0 0.0765625 0.3359375 0.153125 0.30625
0 0.27109375 0.328125 0.1953125 0.321875
0 0.14921875 0.428125 0.10546875 0.0625
0 0.28046875 0.040625 0.0796875 0.08125
0 0.73828125 0.0890625 0.1296875 0.125
0 0.40625 0.378125 0.075 0.103125
0 0.5453125 0.3890625 0.221875 0.2
0 0.4484375 0.0984375 0.0671875 0.0625
0 0.7046875 0.20078125 0.053125 0.05546875
0 0.590625 0.1515625 0.04296875 0.0484375
0 0.48203125 0.1953125 0.05546875 0.053125
0 0.40390625 0.15703125 0.0484375 0.0484375
0 0.5640625 0.2375 0.0796875 0.0796875
0 0.87578125 0.4515625 0.0953125 0.075
0 0.934375 0.2578125 0.06953125 0.071875
0 0.82734375 0.1765625 0.0625 0.06015625
0 0.25390625 0.9515625 0.08203125 0.0796875
0 0.215625 0.98046875 0.053125 0.0390625
0 0.1015625 0.95 0.053125 0.0484375
0 0.30546875 0.5109375 0.0796875 0.04375
0 0.10390625 0.675 0.07421875 0.09140625
0 0.05703125 0.6078125 0.0671875 0.0765625
0 0.0171875 0.53203125 0.034375 0.0640625
0 0.01953125 0.82265625 0.0390625 0.0859375
0 0.1734375 0.85234375 0.06484375 0.06015625
0 0.40546875 0.5578125 0.0734375 0.1375
0 0.56015625 0.52265625 0.1546875 0.0671875
0 0.6375 0.55546875 0.06953125 0.09140625
0 0.659375 0.6421875 0.06484375 0.0671875
0 0.47265625 0.64921875 0.06484375 0.071875
0 0.38203125 0.71484375 0.0265625 0.0640625
0 0.446875 0.96484375 0.071875 0.0703125
0 0.60625 0.95703125 0.071875 0.0859375
0 0.79921875 0.9921875 0.0578125 0.015625
0 0.78515625 0.9203125 0.0671875 0.0625
0 0.6515625 0.78671875 0.2140625 0.28359375
0 0.8359375 0.80703125 0.16796875 0.20703125
0 0.81640625 0.5921875 0.071875 0.09140625
0 0.97734375 0.83359375 0.0453125 0.1296875