0 0.47734375 0.0453125 0.3453125 0.090625
0 0.21953125 0.1109375 0.4015625 0.221875
0 0.49453125 0.38671875 0.09375 0.0890625
0 0.3765625 0.2578125 0.0984375 0.10078125
0 0.0515625 0.24296875 0.103125 0.1234375
0 0.2046875 0.43203125 0.0796875 0.0796875
0 0.7296875 0.228125 0.159375 0.178125
0 0.67890625 0.31953125 0.0578125 0.1140625
0 0.66015625 0.43359375 0.0203125 0.0890625
0 0.83203125 0.4359375 0.06484375 0.07421875
0 0.78046875 0.35859375 0.0671875 0.0671875
0 0.7671875 0.428125 0.0765625 0.0796875
0 0.990625 0.246875 0.01875 0.071875
0 0.9671875 0.18828125 0.065625 0.0859375
0 0.96953125 0.43828125 0.0609375 0.1359375
0 0.634375 0.8890625 0.03125 0.071875
0 0.50390625 0.8796875 0.05546875 0.053125
0 0.29375 0.96953125 0.09375 0.0609375
0 0.2375 0.98125 0.065625 0.0375
0 0.10390625 0.9171875 0.14453125 0.1515625
0 0.25 0.775 0.12734375 0.13671875
0 0.32265625 0.72109375 0.20703125 0.30546875
0 0.53125 0.69453125 0.2375 0.3703125
0 0.2015625 0.534375 0.08125 0.05
0 0.11171875 0.590625 0.10546875 0.1203125
0 0.028125 0.60390625 0.05625 0.0796875
0 0.92109375 0.971875 0.0859375 0.05625
0 0.66875 0.81796875 0.0375 0.1015625
0 0.73359375 0.93828125 0.0890625 0.1109375
0 0.70703125 0.62734375 0.1140625 0.1453125
0 0.978125 0.9109375 0.04375 0.0625
0 0.74765625 0.81953125 0.04296875 0.06484375
0 0.79921875 0.8234375 0.06015625 0.0671875