0 0.36796875 0.1265625 0.3453125 0.253125
0 0.08828125 0.134375 0.1765625 0.26875
0 0.2015625 0.01640625 0.103125 0.0328125
0 0.571875 0.05234375 0.034375 0.1046875
0 0.50703125 0.24921875 0.1640625 0.3296875
0 0.5703125 0.4359375 0.0375 0.065625
0 0.13203125 0.575 0.0765625 0.05
0 0.390625 0.5734375 0.06875 0.053125
0 0.409375 0.52421875 0.06484375 0.06015625
0 0.5625 0.509375 0.053125 0.075
0 0.52109375 0.528125 0.0578125 0.0625
0 0.07265625 0.4015625 0.0765625 0.08671875
0 0.85390625 0.34140625 0.0890625 0.0625
0 0.990625 0.4046875 0.01875 0.0625
0 0.99296875 0.25078125 0.0140625 0.0515625
0 0.625 0.03671875 0.071875 0.0734375
0 0.6484375 0.2546875 0.05546875 0.06484375
0 0.03046875 0.63046875 0.0609375 0.0609375
0 0.03203125 0.94296875 0.0640625 0.1140625
0 0.9234375 0.61640625 0.084375 0.0328125
0 0.86796875 0.671875 0.0671875 0.06015625
0 0.94140625 0.7625 0.06015625 0.07421875
0 0.7953125 0.7734375 0.0578125 0.05546875
0 0.640625 0.91015625 0.05078125 0.0453125
0 0.646875 0.9609375 0.03359375 0.0359375
0 0.7828125 0.97578125 0.0625 0.0484375
0 0.7765625 0.85390625 0.06953125 0.0765625