0 0.16953125 0.33203125 0.3390625 0.4359375
0 0.140625 0.0515625 0.11875 0.103125
0 0.84765625 0.49296875 0.1734375 0.1140625
0 0.871875 0.3828125 0.06953125 0.08203125
0 0.4421875 0.29609375 0.178125 0.15390625
0 0.39375 0.41015625 0.109375 0.1953125
0 0.6515625 0.2125 0.0765625 0.07421875
0 0.715625 0.23125 0.05546875 0.0453125
0 0.60078125 0.24609375 0.04296875 0.0359375
0 0.53359375 0.24453125 0.0453125 0.05078125
0 0.6828125 0.26875 0.0578125 0.0484375
0 0.946875 0.525 0.04296875 0.04296875
0 0.0875 0.83984375 0.16328125 0.1703125
0 0.01328125 0.73671875 0.0265625 0.0578125
0 0.01015625 0.8265625 0.0203125 0.071875
0 0.20546875 0.8265625 0.1109375 0.1296875
0 0.12109375 0.55703125 0.0515625 0.0140625
0 0.17578125 0.584375 0.0765625 0.06875
0 0.20546875 0.6328125 0.05078125 0.06015625
0 0.20859375 0.91796875 0.0671875 0.05546875
0 0.19921875 0.97578125 0.0484375 0.0484375
0 0.0140625 0.9828125 0.028125 0.034375
0 0.62421875 0.95703125 0.1109375 0.0859375
0 0.8078125 0.92265625 0.12734375 0.12265625
0 0.68046875 0.784375 0.11796875 0.071875
0 0.665625 0.73203125 0.0796875 0.0578125
0 0.63984375 0.696875 0.0578125 0.0484375
0 0.9046875 0.60859375 0.15 0.1171875