0 0.23515625 0.3734375 0.1203125 0.1125
0 0.1703125 0.2359375 0.115625 0.115625
0 0.3171875 0.13828125 0.0796875 0.0796875
0 0.39453125 0.175 0.0484375 0.103125
0 0.58125 0.29765625 0.271875 0.2640625
0 0.66640625 0.20625 0.0796875 0.08203125
0 0.74453125 0.1484375 0.08203125 0.08203125
0 0.9 0.1828125 0.13671875 0.125
0 0.96484375 0.15546875 0.0703125 0.0765625
0 0.84453125 0.27578125 0.06953125 0.0796875
0 0.99296875 0.4046875 0.0140625 0.05
0 0.4421875 0.034375 0.046875 0.06875
0 0.4875 0.0578125 0.103125 0.10546875
0 0.4984375 0.14375 0.0765625 0.06953125
0 0.58828125 0.14453125 0.09140625 0.1109375
0 0.87109375 0.034375 0.0953125 0.06875
0 0.85625 0.0953125 0.06484375 0.0671875
0 0.78203125 0.07578125 0.0578125 0.0625
0 0.578125 0.0390625 0.0453125 0.0625
0 0.61796875 0.0328125 0.0609375 0.065625
0 0.72421875 0.31875 0.05546875 0.0578125
0 0.475 0.4 0.084375 0.059375
0 0.40546875 0.97265625 0.0265625 0.0546875
0 0.3953125 0.890625 0.046875 0.071875
0 0.35 0.71953125 0.1375 0.1546875
0 0.1265625 0.96875 0.0875 0.0625
0 0.0875 0.5203125 0.125 0.1296875
0 0.2984375 0.51328125 0.07421875 0.07421875
0 0.24609375 0.5046875 0.06484375 0.06015625
0 0.6234375 0.89765625 0.09140625 0.0765625
0 0.51796875 0.7390625 0.08203125 0.09609375
0 0.70859375 0.64296875 0.11796875 0.115625
0 0.6859375 0.52265625 0.0578125 0.0578125
0 0.7578125 0.4734375 0.0765625 0.0625