0 0.2265625 0.128125 0.178125 0.1921875
0 0.1140625 0.04140625 0.065625 0.0828125
0 0.02890625 0.0703125 0.0578125 0.140625
0 0.05546875 0.37421875 0.1109375 0.1265625
0 0.15078125 0.2796875 0.115625 0.11796875
0 0.02109375 0.271875 0.0421875 0.121875
0 0.57890625 0.1890625 0.0203125 0.0875
0 0.4578125 0.48125 0.1515625 0.19921875
0 0.27734375 0.375 0.08203125 0.09140625
0 0.3609375 0.35078125 0.0578125 0.0796875
0 0.12421875 0.60234375 0.0671875 0.0546875
0 0.4421875 0.190625 0.05546875 0.0578125
0 0.3765625 0.09921875 0.07421875 0.07421875
0 0.37109375 0.00859375 0.0578125 0.0171875
0 0.96328125 0.53359375 0.0734375 0.0640625
0 0.93125 0.59921875 0.071875 0.0609375
0 0.74140625 0.00625 0.0578125 0.0125
0 0.396875 0.95234375 0.103125 0.0953125
0 0.56328125 0.91328125 0.0515625 0.0765625
0 0.47265625 0.69375 0.2015625 0.128125
0 0.08125 0.8140625 0.09609375 0.0984375
0 0.121875 0.896875 0.0796875 0.0671875
0 0.75546875 0.775 0.23828125 0.25
0 0.61484375 0.98359375 0.0328125 0.0328125