0 0.1015625 0.23046875 0.0765625 0.0796875
0 0.43671875 0.1453125 0.0859375 0.165625
0 0.121875 0.09296875 0.07421875 0.07421875
0 0.27578125 0.0921875 0.053125 0.05078125
0 0.33671875 0.1703125 0.06953125 0.0625
0 0.34296875 0.2734375 0.05546875 0.06484375
0 0.28671875 0.43203125 0.0578125 0.0140625
0 0.46171875 0.42734375 0.0359375 0.0234375
0 0.9671875 0.01484375 0.065625 0.0296875
0 0.95625 0.10859375 0.0796875 0.0578125
0 0.6 0.1078125 0.0484375 0.04296875
0 0.65625 0.20625 0.06953125 0.071875
0 0.69921875 0.40703125 0.0453125 0.0359375
0 0.1890625 0.91328125 0.178125 0.1734375
0 0.42109375 0.496875 0.1171875 0.115625
0 0.1203125 0.75078125 0.115625 0.11328125
0 0.96484375 0.92734375 0.0703125 0.1453125
0 0.79609375 0.925 0.2328125 0.15
0 0.7140625 0.96328125 0.075 0.0734375
0 0.51171875 0.95703125 0.0640625 0.0484375
0 0.63515625 0.8953125 0.06015625 0.0578125
0 0.95390625 0.76796875 0.05078125 0.0484375
0 0.9 0.734375 0.08203125 0.071875
0 0.95859375 0.62421875 0.0828125 0.0796875
0 0.90546875 0.66328125 0.0796875 0.0578125
0 0.98046875 0.4984375 0.0390625 0.11875
0 0.9046875 0.525 0.08671875 0.0890625
0 0.6 0.72578125 0.0578125 0.053125
0 0.590625 0.68046875 0.0578125 0.05546875
0 0.53515625 0.7328125 0.0453125 0.03828125
0 0.62890625 0.6453125 0.0578125 0.040625
0 0.7046875 0.54921875 0.09375 0.0890625
0 0.496875 0.5625 0.034375 0.09375
0 0.528125 0.57890625 0.06484375 0.06484375
0 0.4890625 0.88046875 0.01875 0.0703125
0 0.6203125 0.4640625 0.05625 0.05