0 0.20859375 0.034375 0.1671875 0.06875
0 0.3421875 0.20078125 0.053125 0.1140625
0 0.2796875 0.1171875 0.1078125 0.10546875
0 0.03125 0.296875 0.0625 0.178125
0 0.1609375 0.2015625 0.0765625 0.08203125
0 0.08125 0.1796875 0.05546875 0.06953125
0 0.3046875 0.40546875 0.065625 0.0484375
0 0.01640625 0.0390625 0.0328125 0.053125
0 0.471875 0.33828125 0.1296875 0.1296875
0 0.44765625 0.121875 0.1578125 0.178125
0 0.575 0.121875 0.12265625 0.12265625
0 0.69453125 0.27578125 0.07421875 0.07421875
0 0.91328125 0.384375 0.1234375 0.090625
0 0.8203125 0.184375 0.10078125 0.10078125
0 0.76796875 0.1015625 0.10546875 0.10546875
0 0.6609375 0.05859375 0.134375 0.1171875
0 0.98125 0.09140625 0.0375 0.1734375
0 0.171875 0.60546875 0.34375 0.3515625
0 0.2078125 0.86328125 0.321875 0.2734375
0 0.2890625 0.46484375 0.084375 0.0703125
0 0.20625 0.45859375 0.084375 0.0578125
0 0.3078125 0.60625 0.06015625 0.06015625
0 0.225 0.63203125 0.06484375 0.071875
0 0.2328125 0.5828125 0.06015625 0.0578125
0 0.0734375 0.94921875 0.0484375 0.05078125
0 0.51796875 0.9859375 0.1265625 0.028125
0 0.55859375 0.9375 0.1109375 0.10078125
0 0.79453125 0.81484375 0.13671875 0.15859375
0 0.81015625 0.49140625 0.115625 0.103125
0 0.4265625 0.66328125 0.115625 0.10546875
0 0.5203125 0.603125 0.0671875 0.07421875
0 0.3890625 0.76953125 0.040625 0.0765625
0 0.40703125 0.83984375 0.0765625 0.0671875
0 0.53671875 0.446875 0.0578125 0.034375
0 0.64296875 0.50859375 0.0765625 0.0625
0 0.9890625 0.58828125 0.021875 0.0578125
0 0.8421875 0.69921875 0.07421875 0.0671875
0 0.6328125 0.69609375 0.0671875 0.05546875