0 0.1859375 0.1359375 0.178125 0.1875
0 0.07265625 0.0453125 0.0640625 0.090625
0 0.03515625 0.37578125 0.0703125 0.1234375
0 0.109375 0.28359375 0.115625 0.115625
0 0.36484375 0.48046875 0.0484375 0.1953125
0 0.23671875 0.3765625 0.08203125 0.0890625
0 0.321875 0.35234375 0.0578125 0.0765625
0 0.240625 0.7140625 0.071875 0.05
0 0.140625 0.65546875 0.08203125 0.084375
0 0.084375 0.61328125 0.0671875 0.0796875
0 0.38125 0.19765625 0.015625 0.0578125
0 0.33671875 0.10859375 0.07421875 0.071875
0 0.33046875 0.01328125 0.0578125 0.0265625
0 0.95625 0.61796875 0.0875 0.2421875
0 0.83828125 0.68046875 0.08671875 0.1109375
0 0.44296875 0.70546875 0.1078125 0.0671875
0 0.88828125 0.34296875 0.2015625 0.21640625
0 0.88359375 0.09296875 0.1203125 0.11796875
0 0.53515625 0.0703125 0.08203125 0.09375
0 0.95234375 0.2 0.053125 0.05546875
0 0.98515625 0.11953125 0.0296875 0.0484375
0 0.496875 0.3078125 0.09140625 0.08671875
0 0.48203125 0.45 0.0890625 0.084375
0 0.6578125 0.10234375 0.0578125 0.0625
0 0.13203125 0.965625 0.1453125 0.06875
0 0.1203125 0.87578125 0.125 0.12265625
0 0.08203125 0.8046875 0.09609375 0.09609375
0 0.05078125 0.75859375 0.0765625 0.0390625
0 0.028125 0.77890625 0.05625 0.0796875
0 0.365625 0.7703125 0.046875 0.0625
0 0.89921875 0.7796875 0.08203125 0.06484375
0 0.85 0.7921875 0.06015625 0.0578125
0 0.8125 0.8453125 0.06953125 0.06484375
0 0.4890625 0.8546875 0.0578125 0.0578125