0 0.540625 0.046875 0.10078125 0.09375
0 0.278125 0.05625 0.1375 0.1125
0 0.10234375 0.0671875 0.05546875 0.084375
0 0.1875 0.25625 0.0765625 0.08203125
0 0.43515625 0.2390625 0.1609375 0.1703125
0 0.35 0.234375 0.05546875 0.0671875
0 0.31640625 0.265625 0.05078125 0.053125
0 0.259375 0.5640625 0.134375 0.146875
0 0.1140625 0.609375 0.1296875 0.15390625
0 0.23828125 0.703125 0.09609375 0.1109375
0 0.421875 0.571875 0.12265625 0.125
0 0.47109375 0.65390625 0.15625 0.13203125
0 0.3640625 0.796875 0.146875 0.125
0 0.21875 0.93359375 0.12265625 0.12734375
0 0.0265625 0.8953125 0.053125 0.10546875
0 0.021875 0.69921875 0.04296875 0.09609375
0 0.67421875 0.609375 0.05546875 0.0796875
0 0.68515625 0.696875 0.07421875 0.09140625
0 0.60234375 0.86640625 0.18984375 0.209375
0 0.9046875 0.96875 0.09375 0.0625
0 0.803125 0.225 0.0796875 0.07421875
0 0.696875 0.1234375 0.0765625 0.06015625
0 0.6421875 0.428125 0.053125 0.0625
0 0.85078125 0.515625 0.11328125 0.13671875
0 0.9125 0.46015625 0.05078125 0.0484375
0 0.63125 0.05625 0.11875 0.1125
0 0.11328125 0.27421875 0.0671875 0.06484375
0 0.109375 0.37890625 0.0890625 0.14453125
0 0.0625 0.34140625 0.05546875 0.05078125
0 0.0140625 0.3109375 0.028125 0.053125
0 0.546875 0.4828125 0.0484375 0.0625
0 0.96640625 0.72734375 0.0671875 0.0765625