0 0.05546875 0.04609375 0.1109375 0.0921875
0 0.040625 0.33203125 0.08125 0.1234375
0 0.071875 0.41171875 0.14375 0.1265625
0 0.01875 0.55 0.0375 0.121875
0 0.265625 0.36875 0.05546875 0.0765625
0 0.27578125 0.453125 0.071875 0.0890625
0 0.19609375 0.5734375 0.1828125 0.1125
0 0.38828125 0.015625 0.0765625 0.03125
0 0.234375 0.1921875 0.05078125 0.06015625
0 0.4359375 0.27734375 0.1078125 0.13203125
0 0.49453125 0.225 0.0484375 0.0484375
0 0.14375 0.24609375 0.0453125 0.06015625
0 0.546875 0.48203125 0.065625 0.0734375
0 0.9578125 0.04609375 0.084375 0.0921875
0 0.775 0.4890625 0.0796875 0.0796875
0 0.65234375 0.4046875 0.11796875 0.11796875
0 0.7265625 0.25625 0.08671875 0.08671875
0 0.63515625 0.25390625 0.06484375 0.06484375
0 0.59375 0.14609375 0.028125 0.0828125
0 0.2484375 0.71171875 0.0796875 0.084375
0 0.35 0.75546875 0.07421875 0.0796875
0 0.3640625 0.82109375 0.03828125 0.0484375
0 0.47578125 0.834375 0.0765625 0.06484375
0 0.425 0.9125 0.06484375 0.071875
0 0.209375 0.88515625 0.0625 0.0796875
0 0.1359375 0.8234375 0.0796875 0.0796875
0 0.08125 0.73359375 0.07421875 0.0671875
0 0.01328125 0.971875 0.0265625 0.05625
0 0.54296875 0.92109375 0.053125 0.0671875
0 0.778125 0.94375 0.0796875 0.0796875
0 0.65546875 0.859375 0.11796875 0.11796875
0 0.7296875 0.7109375 0.08671875 0.08671875
0 0.63828125 0.70859375 0.06484375 0.06484375