0 0.3796875 0.065625 0.11875 0.13125
0 0.41484375 0.43359375 0.0484375 0.1609375
0 0.27890625 0.4390625 0.071875 0.08671875
0 0.2875 0.5203125 0.090625 0.096875
0 0.06875 0.10546875 0.09140625 0.0890625
0 0.1421875 0.0109375 0.0875 0.021875
0 0.265625 0.259375 0.0625 0.071875
0 0.09140625 0.390625 0.13671875 0.15390625
0 0.025 0.35234375 0.05 0.0578125
0 0.36796875 0.28984375 0.06015625 0.06953125
0 0.6984375 0.33359375 0.1421875 0.14921875
0 0.51328125 0.53125 0.0703125 0.075
0 0.59453125 0.06796875 0.07421875 0.0625
0 0.2421875 0.9828125 0.11875 0.034375
0 0.06015625 0.784375 0.1203125 0.43125
0 0.76640625 0.78203125 0.15859375 0.1609375
0 0.7234375 0.86015625 0.0765625 0.0890625
0 0.81328125 0.96796875 0.0890625 0.0640625
0 0.628125 0.80234375 0.0890625 0.09375
0 0.5125 0.85390625 0.06484375 0.06953125
0 0.465625 0.74453125 0.053125 0.1515625
0 0.5296875 0.653125 0.09375 0.09609375
0 0.62890625 0.59921875 0.1734375 0.0609375
0 0.88125 0.6078125 0.1125 0.078125
0 0.98203125 0.90703125 0.0359375 0.1421875