0 0.1453125 0.53359375 0.1625 0.0328125
0 0.01484375 0.51328125 0.0296875 0.0734375
0 0.1296875 0.378125 0.09609375 0.10078125
0 0.34765625 0.45859375 0.1984375 0.1828125
0 0.2703125 0.44921875 0.06953125 0.0796875
0 0.24921875 0.409375 0.0625 0.06484375
0 0.29296875 0.11875 0.1703125 0.178125
0 0.175 0.0609375 0.165625 0.121875
0 0.3171875 0.025 0.121875 0.05
0 0.44453125 0.16171875 0.1515625 0.15390625
0 0.4859375 0.10078125 0.128125 0.1703125
0 0.0671875 0.3375 0.08203125 0.08203125
0 0.0984375 0.23984375 0.12734375 0.1609375
0 0.04296875 0.26015625 0.0671875 0.06484375
0 0.00546875 0.27109375 0.0109375 0.0640625
0 0.52421875 0.2828125 0.0515625 0.071875
0 0.83359375 0.4984375 0.1296875 0.103125
0 0.76015625 0.315625 0.09140625 0.0890625
0 0.51328125 0.9203125 0.0734375 0.159375
0 0.41328125 0.79609375 0.0671875 0.06953125
0 0.28359375 0.70625 0.1875 0.1828125
0 0.5125 0.5703125 0.075 0.040625
0 0.22734375 0.89453125 0.0484375 0.040625
0 0.4390625 0.9546875 0.0484375 0.0484375
0 0.45546875 0.628125 0.053125 0.053125
0 0.7890625 0.8125 0.19921875 0.228125