0 0.19140625 0.45546875 0.0734375 0.0484375
0 0.3453125 0.46953125 0.046875 0.0203125
0 0.31484375 0.45703125 0.0484375 0.0453125
0 0.26171875 0.17265625 0.1296875 0.14453125
0 0.12109375 0.128125 0.125 0.14921875
0 0.240625 0.04453125 0.09375 0.0890625
0 0.02578125 0.04375 0.0515625 0.0875
0 0.11875 0.45078125 0.065625 0.0578125
0 0.1171875 0.3515625 0.084375 0.1421875
0 0.071875 0.3890625 0.05546875 0.05078125
0 0.01953125 0.41875 0.0390625 0.053125
0 0.471875 0.40234375 0.0671875 0.08203125
0 0.7078125 0.36171875 0.0796875 0.09140625
0 0.715625 0.05859375 0.10546875 0.084375
0 0.7 0.13046875 0.0578125 0.06015625
0 0.58828125 0.1484375 0.0484375 0.0578125
0 0.96328125 0.18984375 0.0578125 0.06484375
0 0.846875 0.16328125 0.1421875 0.1734375
0 0.9046875 0.36640625 0.0625 0.06484375
0 0.9625 0.28359375 0.0578125 0.06484375
0 0.72890625 0.2796875 0.0625 0.0625
0 0.04921875 0.54921875 0.0984375 0.1328125
0 0.07890625 0.71953125 0.125 0.12734375
0 0.35625 0.80546875 0.025 0.0984375
0 0.78984375 0.89140625 0.08203125 0.08671875
0 0.7453125 0.83984375 0.0796875 0.0890625
0 0.8546875 0.8140625 0.0671875 0.06953125
0 0.971875 0.8265625 0.05625 0.071875
0 0.6953125 0.73828125 0.103125 0.10078125
0 0.38671875 0.61015625 0.0359375 0.0765625
0 0.5859375 0.821875 0.434375 0.35625
0 0.5359375 0.5171875 0.090625 0.075
0 0.9015625 0.5859375 0.0578125 0.053125
0 0.8765625 0.675 0.103125 0.1421875