0 0.4296875 0.56953125 0.1 0.1234375
0 0.39296875 0.47421875 0.0890625 0.0796875
0 0.17734375 0.01640625 0.1046875 0.0328125
0 0.2046875 0.05234375 0.09375 0.10078125
0 0.0140625 0.15859375 0.028125 0.1046875
0 0.15859375 0.16328125 0.05078125 0.0578125
0 0.31015625 0.15703125 0.05078125 0.05546875
0 0.08515625 0.40703125 0.08671875 0.0890625
0 0.22578125 0.43671875 0.040625 0.0484375
0 0.59375 0.03671875 0.06953125 0.0578125
0 0.73125 0.01640625 0.059375 0.0328125
0 0.784375 0.0453125 0.0671875 0.06484375
0 0.896875 0.08359375 0.0578125 0.053125
0 0.98671875 0.20078125 0.0265625 0.0671875
0 0.596875 0.1046875 0.0578125 0.0484375
0 0.5890625 0.14765625 0.0453125 0.05078125
0 0.6546875 0.15703125 0.0671875 0.0671875
0 0.70625 0.165625 0.05078125 0.05546875
0 0.72734375 0.20859375 0.09609375 0.0890625
0 0.81875 0.18359375 0.0453125 0.0484375
0 0.775 0.25703125 0.06015625 0.0578125
0 0.6765625 0.3359375 0.0765625 0.06953125
0 0.61171875 0.578125 0.071875 0.05546875
0 0.73515625 0.628125 0.0484375 0.0453125
0 0.78828125 0.6546875 0.06484375 0.0765625
0 0.6234375 0.6609375 0.05546875 0.05078125
0 0.6765625 0.640625 0.053125 0.053125
0 0.55625 0.7 0.153125 0.059375
0 0.5046875 0.3390625 0.0453125 0.0484375
0 0.9859375 0.69296875 0.028125 0.0578125
0 0.06953125 0.8375 0.12734375 0.1296875
0 0.26328125 0.78125 0.1234375 0.103125
0 0.38125 0.7484375 0.059375 0.0375
0 0.4 0.79453125 0.0578125 0.05078125
0 0.35625 0.90390625 0.0578125 0.05546875
0 0.465625 0.97421875 0.028125 0.0515625
0 0.94140625 0.76875 0.0953125 0.078125
0 0.96953125 0.88671875 0.0609375 0.1234375
0 0.49375 0.759375 0.028125 0.059375
0 0.50234375 0.89609375 0.0453125 0.0796875
0 0.78515625 0.91875 0.05078125 0.0578125
0 0.678125 0.94609375 0.06484375 0.0578125