0 0.19453125 0.25390625 0.1203125 0.1078125
0 0.14765625 0.1671875 0.08671875 0.071875
0 0.26640625 0.0171875 0.0578125 0.034375
0 0.409375 0.36484375 0.040625 0.1265625
0 0.41328125 0.528125 0.0328125 0.103125
0 0.015625 0.4375 0.03125 0.059375
0 0.08984375 0.43671875 0.040625 0.0484375
0 0.01328125 0.54609375 0.0265625 0.0796875
0 0.7453125 0.06875 0.178125 0.1375
0 0.590625 0.16640625 0.11328125 0.12265625
0 0.7421875 0.1796875 0.0671875 0.07421875
0 0.90859375 0.01171875 0.1078125 0.0234375
0 0.95078125 0.04609375 0.0984375 0.0921875
0 0.940625 0.1453125 0.11875 0.146875
0 0.95703125 0.51328125 0.0859375 0.1015625
0 0.68671875 0.52578125 0.103125 0.1109375
0 0.465625 0.49296875 0.071875 0.0796875
0 0.65078125 0.58125 0.0796875 0.015625
0 0.57734375 0.34921875 0.084375 0.0796875
0 0.8125 0.371875 0.07421875 0.07421875
0 0.61484375 0.0234375 0.0734375 0.046875
0 0.55078125 0.075 0.06484375 0.06953125
0 0.35390625 0.8703125 0.08203125 0.08203125
0 0.115625 0.9859375 0.05 0.028125
0 0.1171875 0.8921875 0.0484375 0.06015625
0 0.14609375 0.77578125 0.05546875 0.0765625
0 0.38515625 0.63515625 0.0453125 0.04296875
0 0.16796875 0.6171875 0.05546875 0.0453125
0 0.3734375 0.9765625 0.053125 0.04296875
0 0.60078125 0.96640625 0.1015625 0.0671875
0 0.95234375 0.66171875 0.0953125 0.1453125
0 0.5390625 0.88828125 0.05546875 0.053125
0 0.58828125 0.8546875 0.0671875 0.071875
0 0.659375 0.7171875 0.06953125 0.0765625