0 0.4546875 0.6671875 0.12734375 0.11796875
0 0.49375 0.578125 0.09375 0.0796875
0 0.25703125 0.10078125 0.115625 0.115625
0 0.303125 0.19140625 0.13203125 0.10546875
0 0.33984375 0.26796875 0.10078125 0.084375
0 0.665625 0.1109375 0.11328125 0.125
0 0.6453125 0.1875 0.0984375 0.09609375
0 0.875 0.2640625 0.1078125 0.10078125
0 0.6984375 0.2828125 0.05546875 0.05546875
0 0.55078125 0.28984375 0.053125 0.053125
0 0.29453125 0.3390625 0.05546875 0.05546875
0 0.08515625 0.0890625 0.084375 0.07421875
0 0.365625 0.36328125 0.0671875 0.0578125
0 0.3609375 0.41953125 0.0625 0.0765625
0 0.20703125 0.80078125 0.13671875 0.1390625
0 0.2203125 0.953125 0.1203125 0.09375
0 0.6625 0.83515625 0.0671875 0.06484375
0 0.734375 0.8375 0.05546875 0.06015625
0 0.5734375 0.83984375 0.0453125 0.05078125
0 0.70078125 0.93984375 0.1203125 0.0890625
0 0.921875 0.93515625 0.0796875 0.0578125
0 0.92578125 0.74296875 0.0578125 0.053125
0 0.78828125 0.49296875 0.09140625 0.084375
0 0.65234375 0.5296875 0.04296875 0.0453125
0 0.109375 0.5328125 0.0625 0.05546875