0 0.02578125 0.61484375 0.0515625 0.1171875
0 0.1859375 0.053125 0.115625 0.10625
0 0.140625 0.13984375 0.13203125 0.10546875
0 0.10390625 0.21640625 0.10078125 0.084375
0 0.14921875 0.2875 0.05546875 0.05546875
0 0.078125 0.31171875 0.0671875 0.0578125
0 0.0828125 0.36796875 0.0625 0.0765625
0 0.21328125 0.71953125 0.0921875 0.0796875
0 0.4515625 0.728125 0.115625 0.0625
0 0.54609375 0.675 0.0890625 0.08203125
0 0.69296875 0.590625 0.1203125 0.14453125
0 0.76328125 0.4953125 0.125 0.125
0 0.5171875 0.13359375 0.125 0.125
0 0.61484375 0.2578125 0.09609375 0.10546875
0 0.69375 0.19140625 0.06484375 0.0578125
0 0.77578125 0.23125 0.06953125 0.06484375
0 0.85234375 0.31640625 0.084375 0.10078125
0 0.7984375 0.6828125 0.0796875 0.0765625
0 0.91171875 0.7421875 0.0890625 0.034375
0 0.27578125 0.17265625 0.0328125 0.0984375
0 0.3609375 0.67734375 0.0484375 0.053125
0 0.27109375 0.39609375 0.0234375 0.0609375
0 0.30390625 0.009375 0.0890625 0.01875
0 0.1265625 0.94765625 0.09375 0.09140625
0 0.0296875 0.95546875 0.059375 0.0734375
0 0.1125 0.809375 0.209375 0.1
0 0.45859375 0.88515625 0.08203125 0.08671875
0 0.33359375 0.85546875 0.1109375 0.11328125
0 0.38671875 0.771875 0.0796875 0.025
0 0.33203125 0.95234375 0.1453125 0.0953125
0 0.74375 0.8796875 0.5125 0.240625
0 0.546875 0.990625 0.05625 0.01875