0 0.571875 0.6578125 0.12734375 0.11796875
0 0.51953125 0.57578125 0.09140625 0.0796875
0 0.67421875 0.0671875 0.115625 0.115625
0 0.6453125 0.16328125 0.1296875 0.10546875
0 0.6203125 0.2453125 0.10078125 0.084375
0 0.27421875 0.14296875 0.11328125 0.125
0 0.30546875 0.21484375 0.0984375 0.09609375
0 0.0921875 0.328125 0.10546875 0.10078125
0 0.26953125 0.3171875 0.053125 0.05546875
0 0.415625 0.30078125 0.053125 0.053125
0 0.6765625 0.3078125 0.05546875 0.05546875
0 0.8421875 0.0328125 0.084375 0.06484375
0 0.6109375 0.34375 0.0671875 0.0578125
0 0.625 0.39765625 0.0625 0.0765625
0 0.8375 0.75 0.134375 0.13671875
0 0.85078125 0.9109375 0.11796875 0.11328125
0 0.39296875 0.85703125 0.0671875 0.06484375
0 0.321875 0.87109375 0.05546875 0.06015625
0 0.48203125 0.8484375 0.0453125 0.05078125
0 0.37265625 0.96171875 0.11796875 0.0765625
0 0.15390625 0.984375 0.0796875 0.03125
0 0.11875 0.80859375 0.0578125 0.053125
0 0.2140625 0.53984375 0.09140625 0.084375
0 0.353125 0.55546875 0.04296875 0.0453125
0 0.890625 0.46875 0.0625 0.05546875