0 0.42890625 0.3078125 0.12265625 0.12265625
0 0.47734375 0.40390625 0.0890625 0.0796875
0 0.27734375 0.94921875 0.1078125 0.10078125
0 0.31484375 0.853125 0.12734375 0.1078125
0 0.34765625 0.7640625 0.0984375 0.08671875
0 0.6921875 0.91015625 0.10546875 0.13203125
0 0.665625 0.82578125 0.09375 0.10078125
0 0.89296875 0.71875 0.103125 0.10546875
0 0.71171875 0.71484375 0.05078125 0.0578125
0 0.56015625 0.72109375 0.05078125 0.05546875
0 0.29453125 0.68984375 0.053125 0.0578125
0 0.10234375 0.97578125 0.0796875 0.0484375
0 0.3640625 0.65625 0.06484375 0.0578125
0 0.3546875 0.59375 0.0578125 0.0796875
0 0.16484375 0.18125 0.1296875 0.14453125
0 0.16328125 0.02890625 0.11328125 0.0578125
0 0.62734375 0.1 0.06484375 0.0671875
0 0.70078125 0.08984375 0.05078125 0.0625
0 0.5359375 0.10234375 0.04296875 0.053125
0 0.6578125 0.01171875 0.115625 0.0234375
0 0.90234375 0.178125 0.05546875 0.053125
0 0.78515625 0.47109375 0.08671875 0.0890625
0 0.64453125 0.44140625 0.040625 0.0484375
0 0.0875 0.49140625 0.06015625 0.05546875