0 0.2796875 0.07265625 0.10546875 0.10546875
0 0.3171875 0.1671875 0.125 0.09609375
0 0.3484375 0.246875 0.09609375 0.0765625
0 0.62578125 0.19140625 0.0265625 0.0890625
0 0.55625 0.28515625 0.05078125 0.05078125
0 0.29609375 0.3125 0.053125 0.053125
0 0.10859375 0.04609375 0.0796875 0.0671875
0 0.36484375 0.34296875 0.0625 0.053125
0 0.35546875 0.3984375 0.0578125 0.071875
0 0.88046875 0.02265625 0.1578125 0.0453125
0 0.9203125 0.11015625 0.159375 0.1609375
0 0.909375 0.28359375 0.18125 0.1328125
0 0.925 0.39921875 0.0984375 0.0765625
0 0.76875 0.2328125 0.0765625 0.07421875
0 0.39921875 0.98125 0.1046875 0.0375
0 0.290625 0.7359375 0.25 0.25
0 0.259375 0.47578125 0.1 0.0515625
0 0.2390625 0.60859375 0.10078125 0.103125
0 0.571875 0.73828125 0.0796875 0.0796875
0 0.775 0.57109375 0.271875 0.2421875
0 0.73359375 0.9859375 0.0671875 0.028125
0 0.73359375 0.85625 0.06015625 0.0484375
0 0.8140625 0.86484375 0.084375 0.11796875