0 0.1125 0.378125 0.225 0.3125
0 0.0515625 0.06640625 0.103125 0.1328125
0 0.24453125 0.0546875 0.1078125 0.109375
0 0.4421875 0.08984375 0.053125 0.0953125
0 0.3515625 0.47109375 0.0984375 0.0984375
0 0.559375 0.58203125 0.18125 0.1546875
0 0.53828125 0.2421875 0.1390625 0.209375
0 0.81875 0.32578125 0.1515625 0.13203125
0 0.80390625 0.24296875 0.0890625 0.09609375
0 0.70546875 0.1625 0.08671875 0.0890625
0 0.74765625 0.0796875 0.08203125 0.06484375
0 0.5796875 0.03671875 0.115625 0.0734375
0 0.84296875 0.009375 0.0765625 0.01875
0 0.94609375 0.04296875 0.0703125 0.0859375
0 0.78984375 0.64375 0.1078125 0.03125
0 0.77265625 0.52578125 0.10078125 0.0984375
0 0.02734375 0.86328125 0.0453125 0.0765625
0 0.378125 0.85234375 0.09140625 0.071875
0 0.06875 0.7078125 0.053125 0.096875
0 0.7546875 0.94375 0.0578125 0.06015625
0 0.5890625 0.9125 0.0484375 0.0453125
0 0.8375 0.73203125 0.0625 0.0578125
0 0.81015625 0.97578125 0.03828125 0.04296875
0 0.96875 0.971875 0.0625 0.05625
0 0.940625 0.9015625 0.11875 0.125
0 0.9640625 0.80546875 0.071875 0.0984375
0 0.9765625 0.70859375 0.046875 0.0546875
0 0.99140625 0.69140625 0.0171875 0.0546875
0 0.753125 0.66875 0.059375 0.01875
0 0.56796875 0.9890625 0.0734375 0.021875