0 0.47265625 0.42421875 0.06484375 0.0765625
0 0.40390625 0.52890625 0.09140625 0.10546875
0 0.3171875 0.0828125 0.134375 0.1390625
0 0.52734375 0.05078125 0.11328125 0.10078125
0 0.7875 0.0609375 0.09375 0.0890625
0 0.89765625 0.1203125 0.07421875 0.084375
0 0.8015625 0.65390625 0.15390625 0.15625
0 0.74375 0.75859375 0.125 0.11796875
0 0.74609375 0.921875 0.1875 0.15625
0 0.52421875 0.8546875 0.0890625 0.0984375
0 0.57265625 0.940625 0.1046875 0.11875
0 0.44921875 0.93359375 0.0671875 0.0796875
0 0.4921875 0.971875 0.06875 0.05625
0 0.21484375 0.73046875 0.1921875 0.2140625
0 0.2703125 0.52265625 0.11328125 0.14921875
0 0.5625 0.634375 0.09140625 0.1296875
0 0.61328125 0.69375 0.09375 0.1203125
0 0.665625 0.1734375 0.0671875 0.09140625
0 0.515625 0.1578125 0.0796875 0.07421875
0 0.05390625 0.4265625 0.06953125 0.06484375
0 0.3265625 0.209375 0.06953125 0.06484375
0 0.88203125 0.36640625 0.1109375 0.0984375
0 0.61171875 0.225 0.06484375 0.06015625
0 0.52265625 0.35078125 0.03828125 0.0453125
0 0.50625 0.32109375 0.02890625 0.040625
0 0.38203125 0.3375 0.05546875 0.05078125
0 0.3125 0.40859375 0.05078125 0.05546875
0 0.2484375 0.296875 0.040625 0.0453125
0 0.671875 0.42578125 0.06953125 0.0671875