0 0.23046875 0.26875 0.0625 0.071875
0 0.16328125 0.1703125 0.0890625 0.0984375
0 0.07734375 0.56484375 0.1328125 0.0890625
0 0.28359375 0.58828125 0.1109375 0.0421875
0 0.53828125 0.5859375 0.0921875 0.046875
0 0.63046875 0.54921875 0.0390625 0.0796875
0 0.553125 0.06484375 0.15 0.1296875
0 0.04375 0.17734375 0.0875 0.1359375
0 0.31953125 0.0734375 0.0890625 0.1203125
0 0.36640625 0.03671875 0.0921875 0.0734375
0 0.4203125 0.50078125 0.06484375 0.084375
0 0.27265625 0.515625 0.0796875 0.06953125
0 0.0875 0.4671875 0.06953125 0.06015625
0 0.6140625 0.32109375 0.071875 0.0921875
0 0.3671875 0.453125 0.0625 0.0578125
0 0.2796875 0.33671875 0.0359375 0.040625
0 0.2625 0.3640625 0.02890625 0.0359375
0 0.140625 0.3484375 0.05546875 0.0484375
0 0.07265625 0.28359375 0.05078125 0.053125
0 0.01484375 0.3859375 0.0296875 0.040625
0 0.425 0.26640625 0.0671875 0.0625
0 0.83046875 0.2 0.2328125 0.2328125
0 0.9765625 0.23828125 0.046875 0.2015625
0 0.1734375 0.98515625 0.125 0.0296875
0 0.23203125 0.646875 0.06015625 0.06015625
0 0.225 0.7296875 0.071875 0.071875
0 0.353125 0.71171875 0.0765625 0.0796875
0 0.321875 0.63203125 0.103125 0.0453125
0 0.634375 0.66171875 0.03125 0.0515625
0 0.63984375 0.73515625 0.0203125 0.0484375
0 0.559375 0.9859375 0.071875 0.028125
0 0.4890625 0.903125 0.08203125 0.06484375
0 0.18046875 0.92578125 0.0484375 0.05546875
0 0.9421875 0.9765625 0.084375 0.046875
0 0.71484375 0.69375 0.08671875 0.084375
0 0.74453125 0.903125 0.053125 0.0578125