0 0.0328125 0.015625 0.065625 0.03125
0 0.3875 0.096875 0.103125 0.146875
0 0.3546875 0.19375 0.125 0.1078125
0 0.3515625 0.315625 0.175 0.0875
0 0.1390625 0.2828125 0.08671875 0.09140625
0 0.1859375 0.334375 0.103125 0.05
0 0.06484375 0.33984375 0.0640625 0.0390625
0 0.17734375 0.0796875 0.0890625 0.1203125
0 0.225 0.134375 0.09140625 0.1109375
0 0.50625 0.2546875 0.134375 0.146875
0 0.521875 0.13046875 0.165625 0.1859375
0 0.58671875 0.10234375 0.2953125 0.2046875
0 0.934375 0.23828125 0.13125 0.2015625
0 0.9 0.309375 0.125 0.1
0 0.73671875 0.23203125 0.17578125 0.178125
0 0.64609375 0.0171875 0.2203125 0.034375
0 0.22890625 0.46796875 0.08671875 0.0765625
0 0.121875 0.48828125 0.07421875 0.0796875
0 0.075 0.68828125 0.15 0.2390625
0 0.30078125 0.98359375 0.1109375 0.0328125
0 0.3265625 0.7625 0.06953125 0.07421875
0 0.540625 0.9140625 0.203125 0.171875
0 0.66484375 0.640625 0.19921875 0.16796875
0 0.871875 0.77734375 0.0578125 0.0453125
0 0.809375 0.6609375 0.0359375 0.0484375
0 0.971875 0.584375 0.05625 0.059375
0 0.85625 0.5453125 0.10078125 0.0625
0 0.93671875 0.42421875 0.0796875 0.06484375
0 0.6828125 0.821875 0.0765625 0.06015625
0 0.55625 0.52265625 0.053125 0.0578125
0 0.62734375 0.46953125 0.0578125 0.04296875