0 0.04296875 0.2203125 0.06484375 0.07421875
0 0.11171875 0.32109375 0.09140625 0.10078125
0 0.0171875 0.61015625 0.034375 0.0578125
0 0.3 0.5125 0.1921875 0.2015625
0 0.2453125 0.3140625 0.11328125 0.1390625
0 0.1875 0.02421875 0.071875 0.0484375
0 0.0046875 0.15078125 0.009375 0.0421875
0 0.01171875 0.121875 0.0234375 0.0375
0 0.1328125 0.13984375 0.05546875 0.0484375
0 0.203125 0.20546875 0.05078125 0.053125
0 0.26640625 0.1 0.04296875 0.04296875
0 0.4765625 0.45078125 0.134375 0.1390625
0 0.66015625 0.5359375 0.1078125 0.1109375
0 0.65625 0.13203125 0.18046875 0.17578125
0 0.76875 0.0625 0.13125 0.125
0 0.5640625 0.115625 0.0671875 0.06484375
0 0.53359375 0.0765625 0.07421875 0.07421875
0 0.86796875 0.4796875 0.115625 0.1109375
0 0.0515625 0.92734375 0.103125 0.1453125
0 0.20859375 0.94375 0.1671875 0.1125
0 0.39296875 0.90625 0.0328125 0.096875
0 0.27421875 0.65625 0.0796875 0.034375
0 0.35 0.6515625 0.071875 0.025
0 0.840625 0.7640625 0.31875 0.25
0 0.734375 0.75859375 0.0796875 0.0796875
0 0.59609375 0.88203125 0.06484375 0.071875
0 0.5328125 0.9234375 0.0625 0.07421875
0 0.52421875 0.9734375 0.0578125 0.053125
0 0.68671875 0.98984375 0.0390625 0.0203125
0 0.70703125 0.9390625 0.1109375 0.1109375
0 0.8125 0.771875 0.0796875 0.0796875
0 0.78671875 0.6515625 0.0578125 0.025