0 0.3125 0.13671875 0.09140625 0.0765625
0 0.20703125 0.2953125 0.08203125 0.09609375
0 0.39765625 0.39140625 0.11796875 0.115625
0 0.375 0.51171875 0.0578125 0.0578125
0 0.2171875 0.62421875 0.09375 0.0515625
0 0.43359375 0.5609375 0.0515625 0.0625
0 0.509375 0.4953125 0.1 0.115625
0 0.6375 0.58125 0.15625 0.1375
0 0.75546875 0.54375 0.14921875 0.14921875
0 0.85 0.55078125 0.1109375 0.11328125
0 0.53671875 0.3046875 0.1109375 0.11796875
0 0.48828125 0.27421875 0.0578125 0.0796875
0 0.46953125 0.22421875 0.0203125 0.0796875
0 0.57890625 0.02109375 0.1796875 0.0421875
0 0.6796875 0.0921875 0.06953125 0.071875
0 0.746875 0.16875 0.0984375 0.09375
0 0.69609375 0.30546875 0.071875 0.07421875
0 0.96640625 0.509375 0.0671875 0.08125
0 0.08125 0.66875 0.15625 0.0375
0 0.04921875 0.7046875 0.0984375 0.10625
0 0.10859375 0.74765625 0.0796875 0.0765625
0 0.21171875 0.6984375 0.084375 0.084375
0 0.2296875 0.825 0.459375 0.35
0 0.946875 0.89140625 0.10625 0.2171875
0 0.80390625 0.94921875 0.03359375 0.03828125
0 0.86875 0.9671875 0.0484375 0.05078125
0 0.80703125 0.91328125 0.02890625 0.03359375
0 0.6328125 0.86953125 0.05546875 0.040625
0 0.484375 0.91953125 0.05 0.0453125
0 0.51015625 0.86484375 0.0484375 0.03359375
0 0.478125 0.82109375 0.0375 0.0515625
0 0.64296875 0.80703125 0.04296875 0.03359375
0 0.659375 0.7703125 0.03359375 0.040625
0 0.60546875 0.746875 0.05078125 0.053125
0 0.5625 0.728125 0.03359375 0.0453125
0 0.55234375 0.684375 0.071875 0.0671875
0 0.47265625 0.6875 0.0265625 0.0375
0 0.97578125 0.6734375 0.0453125 0.046875
0 0.86796875 0.65625 0.0328125 0.0125