0 0.33203125 0.459375 0.0515625 0.059375
0 0.0609375 0.33359375 0.06953125 0.0578125
0 0.0921875 0.096875 0.08671875 0.08671875
0 0.0515625 0.00859375 0.04375 0.0171875
0 0.609375 0.40390625 0.059375 0.0953125
0 0.675 0.1796875 0.0578125 0.05078125
0 0.79296875 0.23203125 0.4140625 0.4640625
0 0.88515625 0.8890625 0.2296875 0.221875
0 0.76953125 0.9625 0.0671875 0.075
0 0.96796875 0.95859375 0.0640625 0.0828125
0 0.6625 0.90625 0.165625 0.1875
0 0.6 0.5546875 0.040625 0.065625
0 0.9046875 0.5140625 0.128125 0.05
0 0.97890625 0.53671875 0.0421875 0.0390625