0 0.090625 0.1375 0.09375 0.1296875
0 0.2078125 0.0984375 0.09375 0.115625
0 0.37265625 0.01953125 0.0703125 0.0390625
0 0.46484375 0.16875 0.0671875 0.0578125
0 0.33828125 0.31640625 0.0796875 0.0765625
0 0.45625 0.34375 0.09609375 0.1203125
0 0.09453125 0.37265625 0.06484375 0.08671875
0 0.03046875 0.40390625 0.0609375 0.1515625
0 0.1578125 0.490625 0.0796875 0.07421875
0 0.1921875 0.5828125 0.15 0.09375
0 0.3609375 0.38828125 0.0671875 0.05546875
0 0.89375 0.02265625 0.053125 0.0453125
0 0.6734375 0.0984375 0.06484375 0.0796875
0 0.9171875 0.14453125 0.0765625 0.06953125
0 0.95234375 0.18671875 0.06484375 0.06484375
0 0.8390625 0.44765625 0.0671875 0.0765625
0 0.9078125 0.48828125 0.10546875 0.15625
0 0.83828125 0.59765625 0.0859375 0.0640625
0 0.54296875 0.46796875 0.0484375 0.2171875
0 0.709375 0.28046875 0.0890625 0.08203125
0 0.84140625 0.203125 0.0625 0.0671875
0 0.46328125 0.7734375 0.1109375 0.2875
0 0.22421875 0.81484375 0.4484375 0.3703125
0 0.58671875 0.68515625 0.05546875 0.07421875
0 0.60625 0.8796875 0.09140625 0.084375
0 0.70234375 0.90703125 0.0578125 0.0671875
0 0.96953125 0.703125 0.0609375 0.071875