0 0.0140625 0.11328125 0.028125 0.0671875
0 0.11640625 0.1203125 0.0796875 0.1078125
0 0.221875 0.1 0.05078125 0.0578125
0 0.04921875 0.50078125 0.0984375 0.1171875
0 0.25546875 0.20625 0.0484375 0.05625
0 0.265625 0.25546875 0.028125 0.0328125
0 0.24375 0.5546875 0.05625 0.009375
0 0.02890625 0.18046875 0.0578125 0.0453125
0 0.24609375 0.02421875 0.0578125 0.0484375
0 0.1703125 0.546875 0.053125 0.025
0 0.6234375 0.546875 0.121875 0.025
0 0.6640625 0.496875 0.10546875 0.1078125
0 0.89140625 0.36484375 0.13203125 0.1703125
0 0.90703125 0.0359375 0.1109375 0.071875
0 0.53515625 0.20234375 0.1109375 0.11328125
0 0.62578125 0.1375 0.06484375 0.0796875
0 0.47890625 0.31796875 0.084375 0.08203125
0 0.51640625 0.39140625 0.0765625 0.071875
0 0.74453125 0.03515625 0.07421875 0.0671875
0 0.93828125 0.240625 0.071875 0.071875
0 0.73515625 0.2375 0.06484375 0.06015625
0 0.13984375 0.7796875 0.2796875 0.440625
0 0.95625 0.69375 0.0875 0.090625
0 0.971875 0.628125 0.05625 0.071875
0 0.7375 0.5875 0.06875 0.05625
0 0.81796875 0.59140625 0.0859375 0.0640625
0 0.8046875 0.64765625 0.0453125 0.053125
0 0.76875 0.6921875 0.09609375 0.08203125
0 0.8875 0.7453125 0.0578125 0.0578125