0 0.80703125 0.15234375 0.3078125 0.3046875
0 0.646875 0.2359375 0.09375 0.1296875
0 0.5296875 0.196875 0.09375 0.115625
0 0.178125 0.196875 0.11796875 0.12734375
0 0.3640625 0.09765625 0.06953125 0.08203125
0 0.27265625 0.2671875 0.0671875 0.0578125
0 0.39921875 0.41484375 0.0796875 0.0765625
0 0.28125 0.4421875 0.09609375 0.1203125
0 0.1734375 0.43984375 0.06015625 0.0671875
0 0.64296875 0.47109375 0.06484375 0.08671875
0 0.7546875 0.50234375 0.15625 0.1515625
0 0.93515625 0.31953125 0.040625 0.0484375
0 0.9546875 0.5921875 0.08671875 0.0890625
0 0.96484375 0.678125 0.06953125 0.0890625
0 0.9359375 0.46484375 0.05078125 0.040625
0 0.5796875 0.5890625 0.0796875 0.07421875
0 0.54453125 0.7125 0.14921875 0.15390625
0 0.4125 0.81015625 0.12265625 0.1421875
0 0.6203125 0.8484375 0.0890625 0.071875
0 0.6875 0.865625 0.0578125 0.06484375
0 0.84375 0.91015625 0.1078125 0.08671875
0 0.79921875 0.8609375 0.06953125 0.0890625
0 0.15234375 0.5515625 0.0671875 0.0625
0 0.14453125 0.603125 0.05546875 0.040625
0 0.04296875 0.55078125 0.040625 0.05078125
0 0.321875 0.9796875 0.07421875 0.040625
0 0.0796875 0.71875 0.1296875 0.23828125
0 0.10078125 0.88671875 0.0890625 0.11328125
0 0.2296875 0.91015625 0.06015625 0.053125
0 0.3765625 0.48671875 0.0671875 0.05546875
0 0.1359375 0.365625 0.06484375 0.06484375
0 0.1671875 0.28515625 0.06015625 0.0484375
0 0.5734375 0.01171875 0.0625 0.0234375
0 0.3015625 0.88671875 0.06015625 0.06015625
0 0.6 0.959375 0.0484375 0.03828125