0 0.57421875 0.525 0.1609375 0.17578125
0 0.51953125 0.3578125 0.09375 0.08203125
0 0.22109375 0.2859375 0.1078125 0.10078125
0 0.125 0.4421875 0.115625 0.1078125
0 0.09609375 0.53359375 0.09140625 0.08671875
0 0.08671875 0.21171875 0.09375 0.09140625
0 0.021875 0.1671875 0.0140625 0.06953125
0 0.08515625 0.1140625 0.06484375 0.053125
0 0.60546875 0.009375 0.05546875 0.01171875
0 0.8421875 0.03359375 0.08203125 0.040625
0 0.89921875 0.7015625 0.08203125 0.0796875
0 0.8125 0.6234375 0.0578125 0.06484375
0 0.55078125 0.75 0.16796875 0.15390625
0 0.66328125 0.76953125 0.1109375 0.1296875
0 0.6 0.98203125 0.10078125 0.0359375
0 0.49375 0.96875 0.13203125 0.0625
0 0.22265625 0.83515625 0.115625 0.1203125
0 0.08046875 0.7875 0.08203125 0.08203125
0 0.165625 0.58671875 0.0890625 0.09375
0 0.0578125 0.9125 0.0671875 0.084375
0 0.025 0.44375 0.0484375 0.06953125
0 0.99296875 0.290625 0.0140625 0.0796875