0 0.37890625 0.0140625 0.0796875 0.028125
0 0.10859375 0.0453125 0.09375 0.08671875
0 0.01171875 0.10546875 0.0234375 0.0796875
0 0.44296875 0.3171875 0.0515625 0.025
0 0.9421875 0.01953125 0.059375 0.0390625
0 0.9890625 0.07109375 0.021875 0.1109375
0 0.8703125 0.11328125 0.071875 0.0765625
0 0.7109375 0.125 0.103125 0.0890625
0 0.6484375 0.0578125 0.0578125 0.0625
0 0.59140625 0.24375 0.0640625 0.11875
0 0.84140625 0.2265625 0.07421875 0.071875
0 0.81796875 0.3 0.0984375 0.059375
0 0.015625 0.67734375 0.03125 0.0890625
0 0.046875 0.78984375 0.07421875 0.07421875
0 0.1328125 0.7125 0.265625 0.278125
0 0.0765625 0.9640625 0.0875 0.071875
0 0.140625 0.96640625 0.06015625 0.0625
0 0.403125 0.99375 0.128125 0.0125
0 0.496875 0.965625 0.103125 0.06875
0 0.546875 0.9140625 0.025 0.11875
0 0.534375 0.5390625 0.05 0.10625
0 0.49609375 0.47890625 0.1265625 0.1484375
0 0.43046875 0.35234375 0.0890625 0.0453125
0 0.36171875 0.34765625 0.0671875 0.0359375
0 0.33671875 0.43671875 0.06484375 0.06484375
0 0.23359375 0.51015625 0.0765625 0.07421875
0 0.278125 0.5421875 0.06015625 0.06015625
0 0.18046875 0.6109375 0.06015625 0.06015625
0 0.2515625 0.65390625 0.071875 0.071875
0 0.35859375 0.63984375 0.07421875 0.071875
0 0.30078125 0.7765625 0.0765625 0.0765625
0 0.26328125 0.7921875 0.06484375 0.06484375
0 0.29921875 0.83359375 0.09375 0.09375
0 0.06171875 0.33984375 0.0828125 0.0203125
0 0.15859375 0.353125 0.0890625 0.046875
0 0.62578125 0.88125 0.1328125 0.196875
0 0.809375 0.89296875 0.18515625 0.18515625
0 0.77109375 0.6921875 0.1109375 0.115625
0 0.7234375 0.6671875 0.1296875 0.134375
0 0.61015625 0.66484375 0.1015625 0.2296875
0 0.64765625 0.4640625 0.11796875 0.11796875
0 0.60078125 0.44375 0.0828125 0.128125
0 0.85390625 0.484375 0.11328125 0.115625
0 0.80234375 0.52421875 0.09140625 0.09140625
0 0.9171875 0.3765625 0.115625 0.09375
0 0.6765625 0.35546875 0.090625 0.0515625