0 0.36796875 0.0265625 0.1609375 0.053125
0 0.60625 0.0640625 0.0578125 0.06484375
0 0.34375 0.1859375 0.16875 0.146875
0 0.45703125 0.20234375 0.1109375 0.1140625
0 0.03671875 0.2375 0.0734375 0.04375
0 0.91171875 0.096875 0.1765625 0.19375
0 0.696875 0.01640625 0.0625 0.0328125
0 0.6953125 0.0875 0.071875 0.084375
0 0.67265625 0.14921875 0.0265625 0.0609375
0 0.69765625 0.175 0.06953125 0.0890625
0 0.68125 0.21953125 0.04375 0.0578125
0 0.41953125 0.77890625 0.31953125 0.3265625
0 0.5109375 0.70625 0.10078125 0.103125
0 0.2796875 0.640625 0.2234375 0.22109375
0 0.26171875 0.57109375 0.11328125 0.1109375
0 0.12890625 0.51328125 0.19921875 0.2015625
0 0.05 0.425 0.1 0.14375
0 0.0140625 0.51640625 0.028125 0.1359375
0 0.11484375 0.73515625 0.2296875 0.2734375
0 0.32265625 0.9515625 0.1953125 0.096875
0 0.38125 0.95234375 0.0890625 0.09140625
0 0.503125 0.93984375 0.1625 0.1203125
0 0.6015625 0.7765625 0.115625 0.396875
0 0.6234375 0.3625 0.071875 0.190625
0 0.56484375 0.30703125 0.1390625 0.0953125
0 0.3390625 0.43046875 0.13203125 0.13203125
0 0.4046875 0.5265625 0.1390625 0.1390625
0 0.23828125 0.421875 0.1078125 0.1078125
0 0.3375 0.28515625 0.084375 0.0515625
0 0.29140625 0.26953125 0.0984375 0.0203125
0 0.853125 0.79453125 0.29375 0.3390625
0 0.73359375 0.55078125 0.1390625 0.1421875
0 0.89921875 0.45390625 0.12265625 0.125
0 0.71640625 0.7484375 0.1140625 0.134375
0 0.7109375 0.67578125 0.0984375 0.0984375
0 0.809375 0.8734375 0.3 0.253125