0 0.1078125 0.29375 0.1390625 0.1515625
0 0.165625 0.4421875 0.0796875 0.06953125
0 0.434375 0.49296875 0.090625 0.0859375
0 0.11953125 0.08984375 0.146875 0.13203125
0 0.03203125 0.07734375 0.0640625 0.1140625
0 0.4109375 0.02578125 0.1 0.0515625
0 0.4578125 0.22109375 0.04375 0.0796875
0 0.98671875 0.24609375 0.0265625 0.0703125
0 0.96015625 0.32578125 0.0625 0.06484375
0 0.95703125 0.43984375 0.0859375 0.0828125
0 0.4390625 0.615625 0.08125 0.071875
0 0.03984375 0.76484375 0.0796875 0.1140625
0 0.446875 0.74921875 0.065625 0.0671875
0 0.09375 0.96171875 0.04296875 0.06484375
0 0.58515625 0.9328125 0.2109375 0.134375
0 0.88984375 0.8953125 0.125 0.1296875
0 0.834375 0.9390625 0.09140625 0.09609375
0 0.9671875 0.9859375 0.065625 0.028125
0 0.83046875 0.5921875 0.0796875 0.025
0 0.77421875 0.63671875 0.10078125 0.10078125
0 0.57265625 0.62578125 0.0625 0.0625
0 0.5703125 0.69921875 0.071875 0.06953125
0 0.521875 0.79921875 0.084375 0.0890625
0 0.65390625 0.92109375 0.0796875 0.0796875