0 0.3921875 0.25078125 0.09375 0.1734375
0 0.35625 0.4109375 0.0984375 0.0796875
0 0.0421875 0.45703125 0.084375 0.0984375
0 0.3859375 0.0515625 0.10625 0.103125
0 0.01953125 0.15625 0.0390625 0.090625
0 0.60234375 0.45 0.115625 0.11328125
0 0.634375 0.3609375 0.1109375 0.12265625
0 0.83671875 0.38515625 0.0671875 0.06953125
0 0.84375 0.44453125 0.0578125 0.0578125
0 0.74296875 0.4078125 0.06484375 0.08203125
0 0.45078125 0.31953125 0.0234375 0.0546875
0 0.6578125 0.065625 0.08671875 0.08671875
0 0.86796875 0.18125 0.0625 0.0671875
0 0.20234375 0.8796875 0.08671875 0.084375
0 0.38984375 0.71875 0.05078125 0.0484375
0 0.39375 0.57890625 0.090625 0.0609375
0 0.2734375 0.55546875 0.06953125 0.0484375
0 0.28515625 0.75390625 0.0578125 0.053125
0 0.47109375 0.5703125 0.0640625 0.08125
0 0.55078125 0.66484375 0.10546875 0.08203125
0 0.75234375 0.65859375 0.084375 0.0890625
0 0.66796875 0.55078125 0.0796875 0.0421875
0 0.984375 0.7953125 0.03125 0.084375
0 0.8890625 0.7390625 0.08203125 0.084375