0 0.2390625 0.3296875 0.1390625 0.1515625
0 0.296875 0.18125 0.0796875 0.06953125
0 0.02265625 0.40859375 0.0453125 0.0578125
0 0.63125 0.01796875 0.125 0.0359375
0 0.86015625 0.0390625 0.071875 0.0765625
0 0.93984375 0.11640625 0.06484375 0.07421875
0 0.93046875 0.2546875 0.071875 0.071875
0 0.97421875 0.40625 0.0515625 0.103125
0 0.7859375 0.4015625 0.06484375 0.06953125
0 0.7328125 0.12109375 0.06484375 0.08203125
0 0.34765625 0.5015625 0.2421875 0.065625
0 0.2984375 0.759375 0.16328125 0.16796875
0 0.50703125 0.6625 0.0640625 0.1375
0 0.021875 0.63984375 0.04375 0.1734375
0 0.04765625 0.48671875 0.0953125 0.0359375
0 0.0453125 0.853125 0.090625 0.125
0 0.13203125 0.94453125 0.1234375 0.1109375
0 0.0796875 0.921875 0.09375 0.0984375
0 0.340625 0.87734375 0.18046875 0.1875
0 0.2109375 0.725 0.10078125 0.1078125
0 0.24140625 0.57109375 0.1421875 0.14921875
0 0.45703125 0.4921875 0.1640625 0.046875
0 0.7359375 0.884375 0.21171875 0.2140625
0 0.9203125 0.9171875 0.159375 0.165625
0 0.88984375 0.78125 0.11796875 0.12734375
0 0.84921875 0.71484375 0.08203125 0.08203125
0 0.7265625 0.5296875 0.08203125 0.08203125