0 0.6359375 0.04921875 0.12265625 0.0984375
0 0.47265625 0.03359375 0.0578125 0.05546875
0 0.5984375 0.3765625 0.0671875 0.08203125
0 0.66796875 0.44609375 0.2046875 0.28359375
0 0.98515625 0.371875 0.0296875 0.075
0 0.9125 0.5828125 0.1109375 0.178125
0 0.9171875 0.75703125 0.07421875 0.05078125
0 0.83046875 0.759375 0.0578125 0.0765625
0 0.6828125 0.775 0.06953125 0.071875
0 0.08671875 0.81875 0.12265625 0.15859375
0 0.25390625 0.83203125 0.15390625 0.15390625
0 0.34140625 0.9515625 0.0984375 0.09609375
0 0.2078125 0.44453125 0.0578125 0.0625
0 0.40859375 0.4203125 0.07421875 0.09375
0 0.10703125 0.2140625 0.11796875 0.10546875
0 0.2078125 0.240625 0.0765625 0.0765625
0 0.30078125 0.21484375 0.084375 0.08203125
0 0.47265625 0.25390625 0.0765625 0.071875
0 0.54921875 0.13359375 0.07421875 0.08671875
0 0.140625 0.06640625 0.05546875 0.0625