0 0.025 0.35703125 0.05 0.0859375
0 0.01328125 0.228125 0.0265625 0.05
0 0.07734375 0.2265625 0.0578125 0.0765625
0 0.225 0.2109375 0.06953125 0.071875
0 0.54296875 0.040625 0.0515625 0.08125
0 0.61640625 0.01875 0.0890625 0.0375
0 0.834375 0.125 0.06953125 0.071875
0 0.7390625 0.146875 0.0796875 0.071875
0 0.62734375 0.109375 0.0984375 0.09140625
0 0.66015625 0.3625 0.0953125 0.075
0 0.715625 0.32578125 0.06953125 0.071875
0 0.8375 0.3828125 0.071875 0.034375
0 0.93125 0.34375 0.115625 0.1125
0 0.990625 0.33046875 0.01875 0.0796875
0 0.10078125 0.5609375 0.1609375 0.1734375
0 0.16015625 0.62109375 0.12734375 0.1390625
0 0.40390625 0.66640625 0.1078125 0.11796875
0 0.34140625 0.42265625 0.1046875 0.0453125
0 0.5375 0.48671875 0.0625 0.0890625
0 0.01953125 0.74375 0.0390625 0.11875
0 0.38125 0.946875 0.14375 0.10625
0 0.0671875 0.8046875 0.08203125 0.0796875
0 0.20703125 0.78828125 0.08671875 0.08671875
0 0.39921875 0.78125 0.1078125 0.103125
0 0.03046875 0.91953125 0.0609375 0.0765625
0 0.90078125 0.4125 0.1109375 0.025
0 0.77109375 0.5328125 0.12734375 0.13203125
0 0.98046875 0.79921875 0.0390625 0.0703125
0 0.8546875 0.73828125 0.0625 0.06953125
0 0.75546875 0.8 0.07421875 0.0796875
0 0.65625 0.98515625 0.1 0.0296875
0 0.615625 0.953125 0.075 0.09375
0 0.60234375 0.78203125 0.0671875 0.0796875
0 0.5953125 0.65859375 0.053125 0.0609375
0 0.590625 0.4609375 0.04375 0.06875
0 0.99375 0.49609375 0.0125 0.0515625
0 0.90703125 0.46171875 0.03828125 0.04296875
0 0.89140625 0.5125 0.0453125 0.0484375
0 0.8703125 0.565625 0.06484375 0.06015625