0 0.7328125 0.43515625 0.1734375 0.17578125
0 0.35546875 0.36875 0.14921875 0.15859375
0 0.3078125 0.26953125 0.13203125 0.125
0 0.21484375 0.27265625 0.10546875 0.1078125
0 0.12734375 0.546875 0.08671875 0.08671875
0 0.2296875 0.75 0.084375 0.0796875
0 0.15625 0.70546875 0.103125 0.10078125
0 0.45546875 0.8703125 0.10078125 0.09140625
0 0.8265625 0.7984375 0.1203125 0.11328125
0 0.9640625 0.3125 0.03125 0.0625
0 0.83515625 0.1875 0.08671875 0.09140625
0 0.6375 0.01171875 0.103125 0.0234375
0 0.91953125 0.6453125 0.084375 0.0796875