0 0.1234375 0.09296875 0.11796875 0.13203125
0 0.4625 0.36953125 0.034375 0.0640625
0 0.1609375 0.43515625 0.0890625 0.0796875
0 0.0390625 0.33671875 0.0625 0.05546875
0 0.559375 0.43125 0.0671875 0.06953125
0 0.68828125 0.5265625 0.0890625 0.046875
0 0.584375 0.2203125 0.10078125 0.1109375
0 0.60390625 0.153125 0.10546875 0.0984375
0 0.8453125 0.14765625 0.07421875 0.06953125
0 0.01015625 0.72890625 0.0203125 0.0703125
0 0.01875 0.5765625 0.0375 0.053125
0 0.246875 0.6265625 0.0578125 0.0671875
0 0.18125 0.62890625 0.15625 0.1578125
0 0.34453125 0.74921875 0.0765625 0.09375
0 0.43671875 0.63984375 0.0859375 0.1453125
0 0.35625 0.86328125 0.146875 0.146875
0 0.2578125 0.74296875 0.05078125 0.053125
0 0.08046875 0.82734375 0.03359375 0.040625
0 0.02265625 0.8296875 0.040625 0.0453125
0 0.02265625 0.88125 0.0453125 0.05078125
0 0.096875 0.8515625 0.05078125 0.05546875
0 0.0859375 0.91015625 0.040625 0.0453125
0 0.23046875 0.9734375 0.0484375 0.0484375
0 0.36640625 0.98671875 0.0578125 0.0265625
0 0.51953125 0.853125 0.0578125 0.08203125