0 0.65859375 0.31953125 0.16796875 0.1703125
0 0.56015625 0.6609375 0.14921875 0.15390625
0 0.62265625 0.74609375 0.12734375 0.125
0 0.5828125 0.82109375 0.103125 0.10546875
0 0.31875 0.76796875 0.084375 0.084375
0 0.1921875 0.59140625 0.0796875 0.0796875
0 0.19921875 0.6734375 0.10078125 0.0984375
0 0.18359375 0.35078125 0.09609375 0.09140625
0 0.3953125 0.078125 0.11328125 0.1109375
0 0.865625 0.17890625 0.0625 0.06953125
0 0.90625 0.3484375 0.08671875 0.0890625
0 0.97734375 0.609375 0.0453125 0.0984375
0 0.56015625 0.071875 0.0796875 0.0796875