0 0.05078125 0.09609375 0.1015625 0.1703125
0 0.11640625 0.4375 0.14921875 0.15390625
0 0.05859375 0.5046875 0.1171875 0.090625
0 0.3578125 0.52578125 0.084375 0.0484375
0 0.484375 0.36796875 0.0796875 0.0796875
0 0.47734375 0.45 0.10078125 0.0984375
0 0.49296875 0.12734375 0.09609375 0.09140625
0 0.9703125 0.47890625 0.059375 0.0703125
0 0.80078125 0.48515625 0.0796875 0.0765625
0 0.571875 0.365625 0.04375 0.071875
0 0.67109375 0.41484375 0.0765625 0.071875
0 0.69375 0.15 0.0890625 0.09609375
0 0.7671875 0.03046875 0.09375 0.0609375
0 0.984375 0.059375 0.03125 0.10625
0 0.909375 0.14921875 0.04296875 0.06484375
0 0.0671875 0.7546875 0.11796875 0.1390625
0 0.04453125 0.62734375 0.0890625 0.1421875
0 0.1890625 0.5609375 0.071875 0.021875
0 0.28359375 0.68359375 0.115625 0.115625
0 0.4125 0.64921875 0.1109375 0.10546875
0 0.521875 0.65859375 0.05625 0.2171875
0 0.51796875 0.87578125 0.0640625 0.0671875
0 0.3984375 0.959375 0.090625 0.08125
0 0.45390625 0.984375 0.0546875 0.03125
0 0.35625 0.83046875 0.06484375 0.06484375
0 0.9265625 0.5859375 0.103125 0.071875
0 0.7890625 0.590625 0.115625 0.08125
0 0.56640625 0.7109375 0.0328125 0.14375
0 0.98125 0.690625 0.0375 0.053125
0 0.975 0.75859375 0.0484375 0.04296875
0 0.98515625 0.80703125 0.0296875 0.0453125
0 0.875 0.80546875 0.0484375 0.06015625
0 0.5828125 0.8828125 0.065625 0.065625
0 0.640625 0.9203125 0.03125 0.05078125
0 0.57578125 0.99453125 0.0484375 0.0109375
0 0.82734375 0.934375 0.05078125 0.06953125