0 0.384375 0.12421875 0.03125 0.1546875
0 0.203125 0.0296875 0.084375 0.059375
0 0.0765625 0.19453125 0.0796875 0.0796875
0 0.08359375 0.1125 0.10078125 0.0984375
0 0.06796875 0.43515625 0.09609375 0.09140625
0 0.534375 0.27734375 0.16796875 0.1703125
0 0.63984375 0.19140625 0.0625 0.09140625
0 0.75625 0.203125 0.12734375 0.1703125
0 0.8359375 0.17890625 0.04296875 0.06015625
0 0.875 0.3640625 0.06953125 0.084375
0 0.70078125 0.4953125 0.1203125 0.11328125
0 0.6046875 0.4109375 0.1078125 0.10546875
0 0.7671875 0.4046875 0.1203125 0.1078125
0 0.965625 0.3671875 0.06875 0.096875
0 0.95 0.45703125 0.08203125 0.0890625
0 0.87890625 0.4421875 0.05546875 0.06015625
0 0.88046875 0.56015625 0.1453125 0.0578125
0 0.4859375 0.4953125 0.0765625 0.08203125
0 0.41640625 0.47265625 0.0328125 0.0703125
0 0.41328125 0.25078125 0.0265625 0.0640625
0 0.4125 0.14453125 0.025 0.0671875
0 0.078125 0.75078125 0.0890625 0.08203125
0 0.20546875 0.90625 0.2359375 0.1875
0 0.79453125 0.984375 0.1609375 0.03125
0 0.45625 0.92734375 0.1125 0.1203125
0 0.459375 0.76875 0.11875 0.2
0 0.6015625 0.7515625 0.13203125 0.12734375
0 0.540625 0.63984375 0.11875 0.1015625
0 0.7671875 0.803125 0.15390625 0.146875
0 0.72421875 0.9015625 0.08203125 0.084375
0 0.60625 0.96953125 0.084375 0.0609375
0 0.90625 0.88828125 0.1875 0.2234375