0 0.078125 0.2171875 0.1078125 0.125
0 0.3453125 0.4265625 0.09140625 0.115625
0 0.590625 0.37109375 0.05546875 0.06015625
0 0.58828125 0.1609375 0.0578125 0.05078125
0 0.62890625 0.22890625 0.06953125 0.0671875
0 0.7875 0.33359375 0.0578125 0.06015625
0 0.74453125 0.24375 0.0484375 0.0671875
0 0.7515625 0.12734375 0.065625 0.1078125
0 0.8 0.02265625 0.06875 0.0453125
0 0.95703125 0.3671875 0.06484375 0.0671875
0 0.97265625 0.2921875 0.0546875 0.09375
0 0.44609375 0.825 0.5265625 0.35
0 0.2359375 0.78046875 0.0796875 0.0796875
0 0.09765625 0.65703125 0.06484375 0.071875
0 0.0296875 0.96796875 0.0578125 0.0578125
0 0.54140625 0.61015625 0.09140625 0.103125
0 0.63125 0.5375 0.0671875 0.07421875
0 0.1 0.95234375 0.06953125 0.0671875
0 0.034375 0.615625 0.0625 0.07421875
0 0.02734375 0.5609375 0.0546875 0.0625
0 0.1890625 0.5296875 0.03828125 0.0578125
0 0.20859375 0.6 0.1109375 0.1109375
0 0.3140625 0.7671875 0.0796875 0.0796875
0 0.21796875 0.92734375 0.0578125 0.06015625
0 0.29609375 0.95234375 0.06015625 0.071875
0 0.2890625 0.903125 0.0578125 0.0578125
0 0.96640625 0.6984375 0.0671875 0.153125
0 0.821875 0.94453125 0.184375 0.1109375