0 0.3859375 0.321875 0.16328125 0.165625
0 0.4375 0.6578125 0.146875 0.146875
0 0.36796875 0.73203125 0.12265625 0.1203125
0 0.396875 0.8078125 0.10078125 0.10078125
0 0.65390625 0.78515625 0.08203125 0.08203125
0 0.7953125 0.63125 0.0765625 0.0765625
0 0.77890625 0.7078125 0.09609375 0.09609375
0 0.8328125 0.40234375 0.09140625 0.09140625
0 0.665625 0.1203125 0.1078125 0.1078125
0 0.19609375 0.1546875 0.08671875 0.08671875
0 0.14765625 0.3234375 0.084375 0.084375
0 0.0359375 0.56015625 0.071875 0.09609375
0 0.5109375 0.09609375 0.0765625 0.0765625