0 0.2515625 0.1359375 0.146875 0.146875
0 0.32109375 0.06171875 0.12265625 0.1203125
0 0.29140625 0.01796875 0.1015625 0.0359375
0 0.0375 0.02421875 0.075 0.0484375
0 0.9609375 0.21953125 0.078125 0.1171875
0 0.73671875 0.2671875 0.06015625 0.0671875
0 0.68828125 0.0125 0.0890625 0.025
0 0.58125 0.3875 0.09375 0.04375
0 0.52734375 0.084375 0.0484375 0.053125
0 0.884375 0.38515625 0.0484375 0.0484375
0 0.85546875 0.40390625 0.0515625 0.0109375
0 0.3953125 0.4765625 0.209375 0.134375
0 0.453125 0.5640625 0.071875 0.0625
0 0.015625 0.70546875 0.03125 0.0703125
0 0.25625 0.7 0.071875 0.06015625
0 0.27421875 0.646875 0.0671875 0.0578125
0 0.4328125 0.634375 0.06484375 0.071875
0 0.3859375 0.65078125 0.0578125 0.06015625
0 0.33828125 0.79609375 0.0625 0.084375
0 0.390625 0.79375 0.0625 0.06953125
0 0.44609375 0.8625 0.0671875 0.071875
0 0.15625 0.92109375 0.0890625 0.07421875
0 0.18046875 0.97890625 0.1015625 0.0421875
0 0.88828125 0.70078125 0.196875 0.196875
0 0.846875 0.50625 0.215625 0.19375
0 0.6734375 0.68984375 0.18515625 0.18515625
0 0.71171875 0.890625 0.1109375 0.115625
0 0.759375 0.915625 0.1296875 0.134375
0 0.91015625 0.90078125 0.1796875 0.1984375