0 0.14765625 0.22109375 0.12734375 0.13203125
0 0.52265625 0.22265625 0.1140625 0.2265625
0 0.26328125 0.453125 0.0921875 0.03125
0 0.46640625 0.03671875 0.1140625 0.0734375
0 0.7328125 0.24296875 0.30625 0.4515625
0 0.86328125 0.340625 0.2328125 0.23828125
0 0.8296875 0.43828125 0.14375 0.0609375
0 0.778125 0.0140625 0.121875 0.028125
0 0.3125 0.578125 0.0984375 0.103125
0 0.06015625 0.78515625 0.1203125 0.4296875
0 0.4296875 0.96484375 0.146875 0.0703125
0 0.20078125 0.90390625 0.12265625 0.1421875
0 0.26484375 0.80078125 0.05546875 0.071875
0 0.26796875 0.71875 0.0671875 0.0671875
0 0.24453125 0.53984375 0.2828125 0.1421875
0 0.08671875 0.48828125 0.0734375 0.0390625
0 0.5484375 0.83359375 0.0625 0.0703125
0 0.53984375 0.715625 0.071875 0.08203125
0 0.4859375 0.7515625 0.09375 0.09375
0 0.4109375 0.5640625 0.08671875 0.08671875
0 0.40859375 0.65546875 0.0796875 0.0765625
0 0.009375 0.57109375 0.01875 0.0703125
0 0.54375 0.64921875 0.0578125 0.053125
0 0.56015625 0.58828125 0.0390625 0.0671875
0 0.5171875 0.55546875 0.0484375 0.05078125
0 0.7125 0.58203125 0.071875 0.08203125
0 0.71640625 0.49765625 0.0671875 0.0578125
0 0.89375 0.81484375 0.084375 0.0890625
0 0.80078125 0.74921875 0.06953125 0.0765625
0 0.63046875 0.75 0.07421875 0.084375
0 0.9640625 0.890625 0.071875 0.09375