0 0.221875 0.109375 0.13671875 0.1421875
0 0.065625 0.12265625 0.13125 0.2359375
0 0.1703125 0.39375 0.0890625 0.103125
0 0.9609375 0.15390625 0.078125 0.3078125
0 0.98828125 0.37421875 0.0234375 0.0671875
0 0.78359375 0.3375 0.0671875 0.06015625
0 0.7015625 0.18984375 0.1078125 0.1109375
0 0.85625 0.03125 0.040625 0.0625
0 0.90390625 0.0515625 0.03359375 0.06484375
0 0.60546875 0.11796875 0.0484375 0.0484375
0 0.77578125 0.0203125 0.0421875 0.040625
0 0.6203125 0.46953125 0.06015625 0.06953125
0 0.18046875 0.56015625 0.10546875 0.09375
0 0.228125 0.7453125 0.1109375 0.10546875
0 0.303125 0.6671875 0.071875 0.06953125
0 0.23828125 0.85703125 0.08671875 0.09140625
0 0.3015625 0.88671875 0.05078125 0.05078125
0 0.0921875 0.7765625 0.0890625 0.08671875
0 0.03125 0.5921875 0.0625 0.05546875
0 0.32578125 0.54609375 0.0921875 0.0734375
0 0.49921875 0.97265625 0.1015625 0.0546875
0 0.62890625 0.73046875 0.1578125 0.1984375
0 0.92578125 0.5640625 0.1421875 0.109375
0 0.92890625 0.65390625 0.0796875 0.0984375
0 0.84296875 0.77109375 0.0765625 0.0890625
0 0.90546875 0.85625 0.0765625 0.06015625
0 0.74453125 0.9546875 0.0984375 0.090625