0 0.04921875 0.25 0.0984375 0.209375
0 0.11171875 0.03359375 0.0921875 0.0671875
0 0.08984375 0.0921875 0.07421875 0.09140625
0 0.32109375 0.01953125 0.0765625 0.0390625
0 0.390625 0.121875 0.05625 0.06875
0 0.43671875 0.365625 0.0359375 0.071875
0 0.5765625 0.28359375 0.315625 0.4046875
0 0.59375 0.50625 0.0625 0.025
0 0.77265625 0.38671875 0.0578125 0.0625
0 0.85234375 0.35859375 0.071875 0.08203125
0 0.79921875 0.159375 0.09375 0.07421875
0 0.80625 0.4703125 0.05546875 0.0625
0 0.81640625 0.6234375 0.3265625 0.209375
0 0.746875 0.82734375 0.06484375 0.07421875
0 0.69375 0.79375 0.06953125 0.0625
0 0.784375 0.74921875 0.0625 0.04296875
0 0.740625 0.91484375 0.071875 0.0671875
0 0.86953125 0.89453125 0.08671875 0.07421875
0 0.51484375 0.81875 0.08671875 0.08203125
0 0.47265625 0.87265625 0.0796875 0.07421875
0 0.446875 0.540625 0.05625 0.04375