0 0.103125 0.7296875 0.13203125 0.15390625
0 0.25390625 0.73671875 0.0625 0.10078125
0 0.05625 0.55625 0.07421875 0.06953125
0 0.65859375 0.66015625 0.178125 0.18515625
0 0.5578125 0.4625 0.0765625 0.06953125
0 0.5765625 0.5203125 0.0625 0.0796875
0 0.8421875 0.725 0.0453125 0.05078125
0 0.4828125 0.9640625 0.0578125 0.05546875
0 0.078125 0.94140625 0.07421875 0.06015625
0 0.2046875 0.33203125 0.07421875 0.071875
0 0.0625 0.22734375 0.08671875 0.0984375
0 0.03125 0.1234375 0.0625 0.0796875
0 0.38125 0.26953125 0.0625 0.06953125
0 0.47734375 0.334375 0.0625 0.0625
0 0.38203125 0.4375 0.06484375 0.071875
0 0.671875 0.32421875 0.0484375 0.05546875
0 0.56875 0.3484375 0.05546875 0.05078125
0 0.56484375 0.2796875 0.06015625 0.06953125
0 0.6546875 0.25625 0.1109375 0.1109375
0 0.66796875 0.17421875 0.0765625 0.06953125
0 0.26171875 0.1421875 0.271875 0.26171875
0 0.83671875 0.6765625 0.04296875 0.0578125
0 0.3109375 0.5484375 0.07421875 0.06015625
0 0.2125 0.59140625 0.0484375 0.06484375