0 0.08046875 0.74296875 0.15859375 0.18984375
0 0.2390625 0.76796875 0.0796875 0.1203125
0 0.04921875 0.5421875 0.08671875 0.08671875
0 0.68125 0.72265625 0.21171875 0.228125
0 0.5953125 0.48828125 0.0890625 0.08671875
0 0.609375 0.55546875 0.0765625 0.0984375
0 0.8703125 0.81484375 0.05546875 0.0625
0 0.0359375 0.9515625 0.071875 0.0171875
0 0.23203125 0.3015625 0.08671875 0.0890625
0 0.0921875 0.16796875 0.103125 0.1203125
0 0.0734375 0.0484375 0.071875 0.09609375
0 0.428125 0.25 0.07421875 0.08671875
0 0.52265625 0.3328125 0.07421875 0.0796875
0 0.4109375 0.44140625 0.0765625 0.0890625
0 0.73203125 0.3421875 0.0578125 0.0671875
0 0.61875 0.359375 0.0625 0.0625
0 0.62265625 0.28125 0.071875 0.08671875
0 0.72265625 0.26171875 0.1296875 0.13671875
0 0.7453125 0.1703125 0.0890625 0.08671875
0 0.3140625 0.12734375 0.31484375 0.2546875
0 0.86875 0.759375 0.053125 0.06953125
0 0.321875 0.55859375 0.08671875 0.0765625
0 0.2125 0.59765625 0.0578125 0.0796875