0 0.09453125 0.4125 0.0890625 0.053125
0 0.0296875 0.27421875 0.059375 0.0796875
0 0.23203125 0.284375 0.0578125 0.0671875
0 0.11875 0.3015625 0.0625 0.0625
0 0.12265625 0.2234375 0.071875 0.08671875
0 0.22265625 0.20390625 0.1296875 0.13671875
0 0.2453125 0.1125 0.0890625 0.08671875
0 0.60078125 0.02578125 0.0390625 0.0515625
0 0.47734375 0.0625 0.06015625 0.0796875
0 0.59296875 0.25 0.07421875 0.071875
0 0.428125 0.3578125 0.01875 0.08125
0 0.96796875 0.03125 0.0640625 0.0625
0 0.971875 0.35703125 0.05625 0.0796875
0 0.2296875 0.64609375 0.22109375 0.2328125
0 0.35078125 0.54375 0.1359375 0.209375
0 0.85078125 0.859375 0.125 0.1390625
0 0.92890625 0.6015625 0.08671875 0.09140625
0 0.51796875 0.57578125 0.12265625 0.1203125