0 0.11640625 0.45859375 0.0890625 0.0984375
0 0.0625 0.35859375 0.125 0.1265625
0 0.03671875 0.0078125 0.0734375 0.015625
0 0.15390625 0.01171875 0.0890625 0.0234375
0 0.67734375 0.44765625 0.07421875 0.10078125
0 0.56640625 0.334375 0.09375 0.053125
0 0.5921875 0.22890625 0.0796875 0.0578125
0 0.50390625 0.0875 0.1296875 0.175
0 0.9484375 0.2296875 0.0484375 0.04296875
0 0.8921875 0.13125 0.06953125 0.071875
0 0.265625 0.775 0.346875 0.45
0 0.075 0.903125 0.0484375 0.04296875
0 0.84296875 0.76875 0.0625 0.071875
0 0.91015625 0.8671875 0.0890625 0.0984375
0 0.51875 0.95390625 0.15 0.0921875
0 0.75390625 0.9515625 0.0890625 0.096875
0 0.70546875 0.98125 0.0921875 0.0375
0 0.65234375 0.5640625 0.0640625 0.028125
0 0.975 0.575 0.05 0.05
0 0.46640625 0.71484375 0.0546875 0.0921875
0 0.70625 0.584375 0.0625 0.0578125
0 0.79375 0.70078125 0.0359375 0.040625
0 0.8109375 0.6734375 0.02890625 0.0359375
0 0.9328125 0.6890625 0.05546875 0.0484375
0 0.9875 0.753125 0.025 0.053125
0 0.6484375 0.77109375 0.0671875 0.0625