0 0.33125 0.371875 0.090625 0.09375
0 0.3609375 0.27734375 0.13671875 0.13203125
0 0.44609375 0.2640625 0.11796875 0.1203125
0 0.4421875 0.03984375 0.11875 0.0796875
0 0.18671875 0.0125 0.0890625 0.025
0 0.58671875 0.03828125 0.0921875 0.0765625
0 0.909375 0.0609375 0.0796875 0.09140625
0 0.8734375 0.1125 0.05078125 0.0625
0 0.86015625 0.171875 0.05546875 0.06015625
0 0.721875 0.06328125 0.0578125 0.06484375
0 0.703125 0.00859375 0.065625 0.0171875
0 0.5515625 0.2796875 0.0625 0.071875
0 0.67265625 0.2640625 0.18046875 0.1921875
0 0.56953125 0.1046875 0.06015625 0.053125
0 0.534375 0.12890625 0.03125 0.0578125
0 0.89765625 0.3890625 0.0578125 0.0578125
0 0.0875 0.565625 0.175 0.29375
0 0.14140625 0.64296875 0.103125 0.1078125
0 0.4484375 0.6984375 0.09375 0.084375
0 0.31015625 0.81484375 0.13203125 0.1296875
0 0.4265625 0.475 0.09375 0.09375
0 0.44375 0.87734375 0.0765625 0.0796875
0 0.39765625 0.628125 0.05078125 0.053125
0 0.303125 0.55625 0.05546875 0.053125
0 0.79609375 0.6640625 0.06015625 0.084375
0 0.66875 0.715625 0.06953125 0.06953125
0 0.7109375 0.82109375 0.1078125 0.0984375