0 0.796875 0.91015625 0.1390625 0.15625
0 0.70703125 0.99140625 0.084375 0.0171875
0 0.06953125 0.17890625 0.1390625 0.1734375
0 0.8125 0.4515625 0.09609375 0.10078125
0 0.92421875 0.43046875 0.0984375 0.11328125
0 0.83203125 0.26328125 0.1078125 0.103125
0 0.8140625 0.1390625 0.1296875 0.1296875
0 0.7515625 0.05859375 0.08671875 0.08671875
0 0.3734375 0.49296875 0.06484375 0.084375
0 0.30625 0.5765625 0.1078125 0.103125
0 0.22265625 0.5515625 0.08671875 0.10078125
0 0.125 0.79453125 0.0890625 0.0984375
0 0.02421875 0.85703125 0.0484375 0.103125
0 0.240625 0.93125 0.0578125 0.0578125
0 0.3421875 0.94921875 0.06953125 0.06953125
0 0.3703125 0.28359375 0.08203125 0.10546875
0 0.9578125 0.89921875 0.06015625 0.06953125
0 0.91484375 0.671875 0.06953125 0.0765625
0 0.9046875 0.59140625 0.08203125 0.08203125