0 0.2015625 0.84609375 0.1390625 0.14453125
0 0.2921875 0.946875 0.084375 0.0671875
0 0.9265625 0.1765625 0.1390625 0.15859375
0 0.1875 0.4265625 0.09609375 0.09375
0 0.07421875 0.40625 0.0984375 0.103125
0 0.1671875 0.2546875 0.1078125 0.09609375
0 0.1859375 0.140625 0.12734375 0.1203125
0 0.24765625 0.0671875 0.08671875 0.0796875
0 0.6234375 0.4640625 0.06484375 0.0765625
0 0.68984375 0.540625 0.10546875 0.09609375
0 0.77421875 0.51796875 0.08671875 0.09375
0 0.8703125 0.740625 0.0890625 0.0890625
0 0.97265625 0.7984375 0.05078125 0.09609375
0 0.75625 0.865625 0.0578125 0.053125
0 0.65390625 0.88125 0.06953125 0.0625
0 0.62734375 0.27265625 0.0796875 0.0984375
0 0.0421875 0.83515625 0.0578125 0.0625
0 0.08515625 0.62890625 0.06953125 0.06953125
0 0.0953125 0.55390625 0.0796875 0.07421875