0 0.640625 0.9625 0.115625 0.07421875
0 0.57421875 0.725 0.13203125 0.134375
0 0.62734375 0.8296875 0.103125 0.0984375
0 0.7984375 0.78359375 0.0984375 0.09140625
0 0.89296875 0.62109375 0.2140625 0.2984375
0 0.69453125 0.49296875 0.290625 0.2953125
0 0.63359375 0.321875 0.1390625 0.14453125
0 0.4234375 0.54296875 0.11796875 0.1109375
0 0.05859375 0.584375 0.1171875 0.14375
0 0.1875 0.5296875 0.103125 0.0984375
0 0.49296875 0.01171875 0.0890625 0.0234375
0 0.953125 0.290625 0.09140625 0.084375
0 0.7671875 0.22265625 0.08203125 0.0796875
0 0.578125 0.146875 0.0671875 0.0671875
0 0.01328125 0.41328125 0.0265625 0.05546875
0 0.23671875 0.38828125 0.071875 0.07421875
0 0.3078125 0.87109375 0.0796875 0.0796875