0 0.5140625 0.01640625 0.115625 0.0328125
0 0.57265625 0.2359375 0.2140625 0.28125
0 0.5109375 0.40078125 0.12265625 0.13671875
0 0.34765625 0.12265625 0.10546875 0.103125
0 0.03359375 0.03046875 0.0671875 0.0609375
0 0.128125 0.0828125 0.09140625 0.09140625
0 0.153125 0.2421875 0.0625 0.071875
0 0.7171875 0.43359375 0.06484375 0.06953125
0 0.9625 0.4359375 0.0578125 0.0796875
0 0.76640625 0.16875 0.071875 0.05546875
0 0.85546875 0.3421875 0.10546875 0.1515625
0 0.0484375 0.70234375 0.0625 0.0625
0 0.1484375 0.625 0.0984375 0.1078125
0 0.65078125 0.6671875 0.0578125 0.084375
0 0.64609375 0.740625 0.0671875 0.071875
0 0.425 0.84140625 0.26171875 0.27421875
0 0.628125 0.80546875 0.06015625 0.0578125
0 0.66328125 0.80625 0.0328125 0.06875
0 0.11796875 0.95078125 0.2359375 0.0984375
0 0.10390625 0.76015625 0.08203125 0.071875
0 0.39375 0.5640625 0.084375 0.07421875
0 0.96796875 0.84375 0.0640625 0.165625
0 0.9328125 0.5828125 0.134375 0.146875