0 0.7796875 0.0984375 0.06015625 0.0578125
0 0.88203125 0.071875 0.0484375 0.0484375
0 0.91328125 0.1515625 0.03828125 0.040625
0 0.9828125 0.13828125 0.02421875 0.03359375
0 0.884375 0.34375 0.1296875 0.11328125
0 0.84609375 0.22578125 0.0796875 0.06953125
0 0.82578125 0.1703125 0.0484375 0.05078125
0 0.6828125 0.18984375 0.03359375 0.0359375
0 0.75625 0.290625 0.05546875 0.0484375
0 0.7640625 0.36328125 0.1109375 0.11796875
0 0.7390625 0.3765625 0.0484375 0.0484375
0 0.69921875 0.44609375 0.06953125 0.06015625
0 0.7328125 0.49765625 0.05078125 0.053125
0 0.94140625 0.60546875 0.053125 0.0453125
0 0.9375 0.63828125 0.040625 0.0359375
0 0.55625 0.61875 0.0484375 0.0453125
0 0.61171875 0.86640625 0.1921875 0.21875
0 0.41484375 0.8953125 0.084375 0.09140625
0 0.8015625 0.9234375 0.04296875 0.0359375
0 0.7328125 0.9234375 0.0484375 0.05078125
0 0.89453125 0.790625 0.084375 0.08203125
0 0.790625 0.6203125 0.053125 0.040625
0 0.62109375 0.59765625 0.053125 0.07421875
0 0.5890625 0.53984375 0.0265625 0.040625
0 0.546875 0.5140625 0.0671875 0.05546875
0 0.625 0.4265625 0.0359375 0.040625
0 0.9328125 0.41484375 0.03828125 0.0359375
0 0.978125 0.3390625 0.03359375 0.03828125