0 0.028125 0.31875 0.05546875 0.0578125
0 0.63203125 0.36640625 0.0453125 0.1203125
0 0.67734375 0.38515625 0.1046875 0.0890625
0 0.7890625 0.28359375 0.10546875 0.1109375
0 0.95625 0.31640625 0.0875 0.0921875
0 0.68984375 0.0203125 0.0953125 0.040625
0 0.59609375 0.9421875 0.0265625 0.0625
0 0.43046875 0.94375 0.1609375 0.1125
0 0.5671875 0.82421875 0.0484375 0.03359375
0 0.27109375 0.8265625 0.125 0.09609375
0 0.28515625 0.47578125 0.0859375 0.0921875
0 0.371875 0.53046875 0.0453125 0.06015625
0 0.33359375 0.628125 0.06484375 0.0578125
0 0.41796875 0.73125 0.05078125 0.06484375
0 0.1796875 0.778125 0.03125 0.04296875
0 0.025 0.8078125 0.05 0.05
0 0.03203125 0.61953125 0.03359375 0.04296875
0 0.203125 0.9234375 0.053125 0.0453125
0 0.58984375 0.45703125 0.0359375 0.04296875
0 0.5984375 0.75859375 0.021875 0.0328125