0 0.45 0.56875 0.11875 0.121875
0 0.33515625 0.61875 0.0578125 0.021875
0 0.3375 0.56171875 0.1203125 0.12734375
0 0.3125 0.55234375 0.053125 0.053125
0 0.2671875 0.4859375 0.07421875 0.0671875
0 0.2953125 0.43046875 0.05546875 0.0578125
0 0.48671875 0.30390625 0.0453125 0.0515625
0 0.4859375 0.271875 0.0453125 0.040625
0 0.1078125 0.32734375 0.053125 0.05078125
0 0.13984375 0.09609375 0.2109375 0.1921875
0 0.32421875 0.0109375 0.0453125 0.021875
0 0.25625 0.0171875 0.053125 0.034375
0 0.42890625 0.12421875 0.09140625 0.0890625
0 0.34140625 0.303125 0.05546875 0.0453125
0 0.17421875 0.3421875 0.0578125 0.0796875
0 0.14765625 0.4015625 0.02890625 0.04296875
0 0.1078125 0.43203125 0.071875 0.06015625
0 0.19375 0.5109375 0.040625 0.0453125
0 0.49453125 0.4953125 0.0296875 0.040625
0 0.5359375 0.23828125 0.053125 0.0671875
0 0.54921875 0.121875 0.0796875 0.06875
0 0.903125 0.13125 0.1734375 0.18046875
0 0.95234375 0.25 0.06484375 0.0671875
0 0.24609375 0.95859375 0.1953125 0.0828125
0 0.48203125 0.6953125 0.0453125 0.05078125
0 0.43671875 0.7609375 0.053125 0.05546875
0 0.33671875 0.82265625 0.0578125 0.0765625
0 0.1953125 0.79375 0.084375 0.0765625
0 0.10859375 0.7109375 0.06484375 0.08203125
0 0.0328125 0.75234375 0.065625 0.0765625
0 0.3765625 0.9921875 0.05625 0.015625
0 0.8453125 0.784375 0.309375 0.309375
0 0.759375 0.8484375 0.10078125 0.103125
0 0.9390625 0.9015625 0.121875 0.196875
0 0.97578125 0.9640625 0.0484375 0.071875
0 0.765625 0.6515625 0.1625 0.04375
0 0.6171875 0.803125 0.215625 0.346875
0 0.86484375 0.97890625 0.1390625 0.0421875