0 0.4671875 0.16796875 0.0671875 0.0765625
0 0.25390625 0.40625 0.1296875 0.13203125
0 0.11875 0.47109375 0.1703125 0.17578125
0 0.3265625 0.5203125 0.103125 0.09609375
0 0.38125 0.5828125 0.09140625 0.08671875
0 0.4203125 0.59140625 0.06015625 0.0578125
0 0.57109375 0.878125 0.3640625 0.24375
0 0.759375 0.44609375 0.11796875 0.125
0 0.78515625 0.36171875 0.0984375 0.11796875
0 0.84140625 0.61875 0.06953125 0.06953125
0 0.7859375 0.8328125 0.08671875 0.0890625
0 0.65859375 0.6609375 0.0671875 0.0890625
0 0.9171875 0.4265625 0.0625 0.06953125
0 0.9125 0.509375 0.07421875 0.0796875
0 0.803125 0.1859375 0.13203125 0.14453125
0 0.6984375 0.115625 0.0765625 0.0796875
0 0.434375 0.04296875 0.1375 0.0859375