0 0.63671875 0.853125 0.05546875 0.071875
0 0.78125 0.5296875 0.115625 0.115625
0 0.9015625 0.41328125 0.14921875 0.15625
0 0.6609375 0.43515625 0.09609375 0.0796875
0 0.58203125 0.3890625 0.084375 0.07421875
0 0.53515625 0.39453125 0.053125 0.05078125
0 0.25859375 0.11875 0.3390625 0.2375
0 0.22578125 0.665625 0.10078125 0.11328125
0 0.2296875 0.76171875 0.0796875 0.1109375
0 0.0765625 0.51328125 0.06015625 0.0625
0 0.06015625 0.26953125 0.0765625 0.0796875
0 0.25703125 0.4046875 0.0484375 0.08671875
0 0.06640625 0.74140625 0.053125 0.0625
0 0.0421875 0.65234375 0.0625 0.071875
0 0.2734375 0.94296875 0.1125 0.1140625
0 0.4109375 0.97734375 0.0671875 0.0453125
0 0.725 0.96953125 0.125 0.0609375