0 0.1046875 0.0296875 0.071875 0.059375
0 0.2890625 0.096875 0.1203125 0.103125
0 0.35546875 0.221875 0.0578125 0.0484375
0 0.26796875 0.24140625 0.0625 0.0796875
0 0.2890625 0.3046875 0.04296875 0.03828125
0 0.5015625 0.64765625 0.05625 0.0890625
0 0.22109375 0.5265625 0.10078125 0.0984375
0 0.21640625 0.65390625 0.1015625 0.0921875
0 0.15 0.59921875 0.08203125 0.09140625
0 0.015625 0.59140625 0.03125 0.0765625
0 0.67265625 0.675 0.1546875 0.05
0 0.81796875 0.6515625 0.0953125 0.096875
0 0.946875 0.52265625 0.10625 0.1578125
0 0.971875 0.221875 0.05625 0.115625
0 0.84765625 0.2171875 0.19921875 0.22578125
0 0.62265625 0.39140625 0.1859375 0.2046875
0 0.7015625 0.62109375 0.11328125 0.10546875
0 0.140625 0.97734375 0.075 0.0453125
0 0.05234375 0.80390625 0.1046875 0.2078125
0 0.03515625 0.98828125 0.0703125 0.0234375
0 0.26875 0.984375 0.065625 0.03125
0 0.28515625 0.95234375 0.05546875 0.0484375
0 0.19375 0.9234375 0.05078125 0.053125
0 0.1578125 0.8875 0.05546875 0.0625
0 0.3609375 0.778125 0.0578125 0.06484375
0 0.47890625 0.93671875 0.0671875 0.0796875
0 0.415625 0.9234375 0.0484375 0.0578125
0 0.76484375 0.78515625 0.4703125 0.1703125
0 0.6015625 0.90390625 0.14375 0.1921875
0 0.98359375 0.75859375 0.0328125 0.1140625
0 0.778125 0.89765625 0.08671875 0.06953125
0 0.821875 0.96484375 0.0484375 0.0484375