0 0.15859375 0.2046875 0.09609375 0.09609375
0 0.37109375 0.06640625 0.0453125 0.053125
0 0.82109375 0.0203125 0.06953125 0.040625
0 0.64296875 0.08203125 0.11796875 0.1109375
0 0.578125 0.21484375 0.05546875 0.053125
0 0.6625 0.23671875 0.06015625 0.084375
0 0.64296875 0.30546875 0.04296875 0.04296875
0 0.3453125 0.3375 0.10546875 0.11328125
0 0.31015625 0.5453125 0.1515625 0.2140625
0 0.15234375 0.475 0.09609375 0.0984375
0 0.06484375 0.47734375 0.0671875 0.071875
0 0.04921875 0.53125 0.0578125 0.05546875
0 0.06953125 0.67421875 0.06015625 0.07421875
0 0.1078125 0.76171875 0.05078125 0.0765625
0 0.421875 0.6734375 0.08203125 0.09609375
0 0.7078125 0.5421875 0.0984375 0.10546875
0 0.7125 0.68046875 0.0984375 0.0984375
0 0.77734375 0.62109375 0.0796875 0.0984375
0 0.9359375 0.61328125 0.08671875 0.08203125
0 0.8734375 0.89296875 0.08671875 0.09140625
0 0.6234375 0.91484375 0.071875 0.07421875
0 0.40234375 0.884375 0.0765625 0.0796875
0 0.328125 0.94140625 0.05078125 0.0484375
0 0.26328125 0.9734375 0.0625 0.053125
0 0.21484375 0.78125 0.06953125 0.06953125
0 0.22265625 0.015625 0.071875 0.03125