0 0.20234375 0.64140625 0.1046875 0.0953125
0 0.16796875 0.44375 0.1515625 0.2140625
0 0.02890625 0.51328125 0.0578125 0.0984375
0 0.2796875 0.315625 0.08203125 0.09609375
0 0.26015625 0.1046875 0.0765625 0.0796875
0 0.1859375 0.04765625 0.05078125 0.0484375
0 0.1203125 0.02109375 0.0625 0.0421875
0 0.07265625 0.2078125 0.06953125 0.06953125
0 0.87890625 0.6671875 0.0671875 0.04375
0 0.65234375 0.67421875 0.0734375 0.0296875
0 0.5640625 0.675 0.065625 0.028125
0 0.40234375 0.66953125 0.0734375 0.0390625
0 0.365625 0.34296875 0.053125 0.0671875
0 0.71875 0.3234375 0.06484375 0.06484375
0 0.6140625 0.3234375 0.0625 0.06484375
0 0.56171875 0.2953125 0.05546875 0.053125
0 0.54609375 0.15 0.10078125 0.10078125
0 0.84375 0.11328125 0.0625 0.0671875
0 0.79375 0.0953125 0.0765625 0.0890625
0 0.66953125 0.03359375 0.0671875 0.06015625
0 0.6171875 0.453125 0.03828125 0.053125
0 0.684375 0.53828125 0.0453125 0.05078125
0 0.9765625 0.5046875 0.046875 0.0625
0 0.825 0.33671875 0.0578125 0.06015625
0 0.9015625 0.2796875 0.0484375 0.04296875
0 0.90078125 0.2484375 0.05078125 0.05078125
0 0.9890625 0.075 0.021875 0.065625
0 0.9734375 0.146875 0.05078125 0.053125
0 0.62890625 0.2140625 0.0453125 0.0453125
0 0.43984375 0.5046875 0.10546875 0.13203125
0 0.97109375 0.640625 0.03125 0.03828125
0 0.85703125 0.41796875 0.0625 0.06015625
0 0.99375 0.3921875 0.0125 0.05
0 0.7421875 0.678125 0.040625 0.021875
0 0.28359375 0.70078125 0.0765625 0.0234375
0 0.3234375 0.75234375 0.03125 0.0609375
0 0.1859375 0.878125 0.0984375 0.1421875
0 0.29296875 0.9578125 0.0921875 0.084375
0 0.6140625 0.87265625 0.125 0.12265625
0 0.44921875 0.74296875 0.1203125 0.1078125
0 0.3640625 0.84765625 0.05 0.0796875
0 0.5046875 0.98046875 0.19375 0.0390625
0 0.4109375 0.9734375 0.08125 0.053125
0 0.909375 0.915625 0.0765625 0.0765625
0 0.83984375 0.71796875 0.0734375 0.0578125
0 0.7625 0.7296875 0.06484375 0.0625
0 0.9578125 0.78125 0.084375 0.09375