0 0.1 0.5125 0.071875 0.075
0 0.28515625 0.434375 0.12265625 0.1078125
0 0.35234375 0.30546875 0.0578125 0.05078125
0 0.2640625 0.28515625 0.0625 0.08203125
0 0.28515625 0.21953125 0.04296875 0.040625
0 0.21640625 0.02109375 0.1015625 0.0421875
0 0.7828125 0.27890625 0.071875 0.071875
0 0.61875 0.16328125 0.0984375 0.07421875
0 0.63671875 0.2484375 0.06015625 0.0765625
0 0.60625 0.3921875 0.053125 0.0484375
0 0.64375 0.49609375 0.05078125 0.0578125
0 0.39609375 0.8484375 0.1109375 0.13203125
0 0.43515625 0.9890625 0.0609375 0.021875
0 0.3109375 0.64296875 0.103125 0.0984375
0 0.0453125 0.82109375 0.0578125 0.06015625
0 0.0859375 0.96875 0.053125 0.0578125
0 0.4796875 0.5875 0.01875 0.0625
0 0.16328125 0.85078125 0.06484375 0.06953125
0 0.0875 0.6 0.0453125 0.0453125
0 0.05859375 0.75703125 0.0625 0.0578125
0 0.03828125 0.6765625 0.040625 0.03828125
0 0.31875 0.9796875 0.04375 0.040625
0 0.69453125 0.95546875 0.1515625 0.0890625
0 0.88984375 0.58828125 0.0859375 0.0765625
0 0.87734375 0.66484375 0.071875 0.06484375
0 0.53828125 0.58984375 0.0765625 0.0796875
0 0.5671875 0.678125 0.09140625 0.09375
0 0.6609375 0.8796875 0.0625 0.06953125