0 0.16015625 0.5734375 0.0546875 0.03125
0 0.07578125 0.5546875 0.0609375 0.06875
0 0.09609375 0.49453125 0.04296875 0.04296875
0 0.39375 0.4625 0.10546875 0.11328125
0 0.42890625 0.2546875 0.1515625 0.2140625
0 0.3171875 0.1265625 0.08203125 0.09609375
0 0.03984375 0.25703125 0.0796875 0.1046875
0 0.0375 0.11953125 0.075 0.0984375
0 0.5140625 0.0265625 0.05 0.053125
0 0.578125 0.5359375 0.078125 0.10625
0 0.82890625 0.11640625 0.3421875 0.2328125
0 0.0828125 0.76953125 0.165625 0.2453125
0 0.1515625 0.978125 0.071875 0.04375
0 0.1546875 0.85859375 0.05546875 0.06015625
0 0.3515625 0.97265625 0.096875 0.0546875
0 0.334375 0.87265625 0.0765625 0.0796875
0 0.25234375 0.78046875 0.11796875 0.103125
0 0.38203125 0.715625 0.10078125 0.09609375
0 0.52421875 0.784375 0.0296875 0.075
0 0.01875 0.61875 0.0375 0.059375
0 0.090625 0.61171875 0.06875 0.0453125
0 0.415625 0.6265625 0.05078125 0.0484375
0 0.72421875 0.93203125 0.0890625 0.09375
0 0.8078125 0.86328125 0.09609375 0.103125
0 0.92265625 0.90546875 0.10546875 0.1109375
0 0.86328125 0.9609375 0.1109375 0.078125