0 0.3953125 0.03359375 0.11875 0.0671875
0 0.42578125 0.23359375 0.1484375 0.2328125
0 0.31171875 0.3375 0.0921875 0.025
0 0.025 0.23359375 0.05 0.1203125
0 0.53671875 0.3140625 0.0734375 0.071875
0 0.525 0.125 0.05 0.134375
0 0.75390625 0.10390625 0.18984375 0.1921875
0 0.70078125 0.03828125 0.0890625 0.0765625
0 0.65546875 0.21015625 0.084375 0.0796875
0 0.86484375 0.3234375 0.0984375 0.053125
0 0.9078125 0.30078125 0.09375 0.0984375
0 0.98515625 0.3078125 0.0296875 0.084375
0 0.23203125 0.42265625 0.1109375 0.09375
0 0.35859375 0.44609375 0.071875 0.0765625
0 0.27421875 0.7765625 0.0984375 0.0890625
0 0.0265625 0.8953125 0.053125 0.084375
0 0.096875 0.91796875 0.08671875 0.103125
0 0.465625 0.990625 0.05 0.01875
0 0.51796875 0.66953125 0.0359375 0.0921875
0 0.56015625 0.97421875 0.0796875 0.0515625
0 0.75078125 0.9546875 0.0828125 0.090625
0 0.82109375 0.96953125 0.03359375 0.040625
0 0.86953125 0.5515625 0.0625 0.06015625
0 0.9453125 0.6234375 0.07421875 0.0765625
0 0.73828125 0.46484375 0.06484375 0.06484375
0 0.66484375 0.48125 0.13203125 0.125
0 0.9296875 0.9046875 0.0578125 0.0625
0 0.803125 0.73671875 0.0796875 0.0484375
0 0.525 0.4859375 0.05 0.121875