0 0.0203125 0.2453125 0.040625 0.06875
0 0.38515625 0.10546875 0.0515625 0.0890625
0 0.7625 0.315625 0.06875 0.06875
0 0.6796875 0.24921875 0.0625 0.06015625
0 0.8453125 0.10234375 0.209375 0.2046875
0 0.93515625 0.22578125 0.1296875 0.1421875
0 0.49765625 0.21171875 0.0671875 0.06953125
0 0.54453125 0.1640625 0.0671875 0.0578125
0 0.49765625 0.3078125 0.05546875 0.05546875
0 0.2609375 0.5109375 0.0890625 0.0671875
0 0.03671875 0.5703125 0.0734375 0.084375
0 0.30234375 0.36953125 0.0828125 0.0390625
0 0.34296875 0.87265625 0.0328125 0.0578125
0 0.30859375 0.90625 0.04296875 0.0453125
0 0.08046875 0.871875 0.1609375 0.25625
0 0.20546875 0.64609375 0.0578125 0.0671875
0 0.0640625 0.66953125 0.04296875 0.05546875
0 0.1859375 0.42578125 0.05546875 0.0578125
0 0.9625 0.97890625 0.075 0.0421875
0 0.86640625 0.94453125 0.1046875 0.1109375
0 0.74453125 0.78359375 0.12265625 0.13203125
0 0.94921875 0.5203125 0.05078125 0.0671875
0 0.82265625 0.58125 0.0578125 0.0671875
0 0.72890625 0.5203125 0.06953125 0.0765625
0 0.59609375 0.38203125 0.0703125 0.0640625
0 0.48203125 0.42421875 0.1234375 0.1484375
0 0.575 0.53671875 0.08203125 0.0765625
0 0.50546875 0.56796875 0.0671875 0.06484375
0 0.57265625 0.659375 0.0578125 0.0578125
0 0.5 0.67265625 0.053125 0.05546875
0 0.45390625 0.9609375 0.08203125 0.071875
0 0.559375 0.85390625 0.0671875 0.0671875
0 0.96875 0.8203125 0.03828125 0.0484375
0 0.871875 0.85390625 0.0359375 0.04296875
0 0.8578125 0.80390625 0.04296875 0.0453125
0 0.8375 0.75234375 0.06015625 0.0578125