0 0.35546875 0.16484375 0.4890625 0.3296875
0 0.45390625 0.3078125 0.1984375 0.04375
0 0.21484375 0.3046875 0.0984375 0.05
0 0.77109375 0.16328125 0.0265625 0.0359375
0 0.7703125 0.21640625 0.03359375 0.02421875
0 0.784375 0.09921875 0.03125 0.03125
0 0.68203125 0.1828125 0.03359375 0.0578125
0 0.9609375 0.09453125 0.0578125 0.0484375
0 0.95390625 0.01875 0.0484375 0.03125
0 0.4796875 0.57578125 0.240625 0.2453125
0 0.4421875 0.8265625 0.228125 0.228125
0 0.33046875 0.7140625 0.146875 0.146875
0 0.2609375 0.71015625 0.103125 0.103125
0 0.1484375 0.62109375 0.2640625 0.2640625
0 0.0640625 0.44921875 0.09375 0.09375
0 0.0234375 0.78125 0.046875 0.13125
0 0.22109375 0.88671875 0.084375 0.084375
0 0.2421875 0.95234375 0.115625 0.0953125
0 0.565625 0.65859375 0.06875 0.1453125
0 0.209375 0.39375 0.41875 0.128125
0 0.35234375 0.4046875 0.1078125 0.1078125
0 0.21875 0.8171875 0.0796875 0.0796875
0 0.15625 0.8046875 0.0625 0.0625
0 0.11328125 0.84609375 0.0625 0.0625
0 0.12734375 0.8953125 0.0578125 0.0578125
0 0.33203125 0.984375 0.0578125 0.03125
0 0.5421875 0.7328125 0.0671875 0.06484375
0 0.94609375 0.39609375 0.1078125 0.1328125
0 0.89140625 0.353125 0.0671875 0.046875
0 0.825 0.4203125 0.06953125 0.08203125
0 0.73671875 0.46328125 0.05546875 0.0671875
0 0.7171875 0.55703125 0.06953125 0.08671875
0 0.625 0.53046875 0.0484375 0.0453125
0 0.66640625 0.64453125 0.06015625 0.06484375
0 0.75 0.64921875 0.08671875 0.08203125
0 0.8796875 0.79375 0.09140625 0.1078125
0 0.95625 0.70625 0.03828125 0.0453125
0 0.9765625 0.80859375 0.046875 0.0640625
0 0.88203125 0.51015625 0.053125 0.053125
0 0.8515625 0.6 0.053125 0.0578125
0 0.86015625 0.66875 0.05078125 0.05546875
0 0.8359375 0.9078125 0.06484375 0.0671875