0 0.415625 0.215625 0.09609375 0.09609375
0 0.30546875 0.04375 0.5265625 0.0875
0 0.9015625 0.34765625 0.1375 0.0828125
0 0.61171875 0.375 0.0765625 0.028125
0 0.6546875 0.25546875 0.06484375 0.06484375
0 0.69375 0.24609375 0.0578125 0.05546875
0 0.52578125 0.646875 0.0859375 0.1
0 0.0921875 0.74140625 0.0796875 0.09609375
0 0.02890625 0.9078125 0.0578125 0.075
0 0.828125 0.64921875 0.05546875 0.0578125
0 0.7796875 0.69375 0.115625 0.10546875
0 0.61796875 0.65859375 0.0984375 0.0921875
0 0.6125 0.54921875 0.05078125 0.053125
0 0.7796875 0.8375 0.05546875 0.0578125
0 0.7375 0.875 0.0796875 0.06953125
0 0.6796875 0.93046875 0.071875 0.071875
0 0.971875 0.98515625 0.053125 0.0296875
0 0.82890625 0.78203125 0.0484375 0.0453125
0 0.77265625 0.48515625 0.0359375 0.03359375
0 0.853125 0.52890625 0.040625 0.0359375
0 0.596875 0.43828125 0.05546875 0.053125
0 0.57265625 0.83125 0.0078125 0.03125