0 0.17890625 0.6453125 0.134375 0.134375
0 0.36328125 0.66015625 0.16328125 0.15625
0 0.36796875 0.46640625 0.10546875 0.103125
0 0.65234375 0.55546875 0.0796875 0.0796875
0 0.69609375 0.36171875 0.115625 0.1078125
0 0.3609375 0.2234375 0.1421875 0.1421875
0 0.19609375 0.10703125 0.0984375 0.10546875
0 0.30703125 0.02734375 0.0953125 0.0546875
0 0.984375 0.35234375 0.03125 0.1515625
0 0.58984375 0.81953125 0.0765625 0.084375
0 0.68984375 0.915625 0.0984375 0.0890625
0 0.83046875 0.8640625 0.0625 0.071875
0 0.62734375 0.96875 0.0984375 0.0625