0 0.08515625 0.0421875 0.1703125 0.084375
0 0.1859375 0.109375 0.31875 0.21875
0 0.2390625 0.1375 0.11328125 0.11328125
0 0.2703125 0.01875 0.075 0.0375
0 0.34453125 0.0453125 0.0703125 0.0875
0 0.328125 0.11171875 0.103125 0.1828125
0 0.23671875 0.21015625 0.0796875 0.0171875
0 0.9671875 0.17421875 0.065625 0.0890625
0 0.78671875 0.15859375 0.125 0.103125
0 0.709375 0.209375 0.071875 0.01875
0 0.49140625 0.2 0.1078125 0.0375
0 0.41953125 0.2046875 0.0609375 0.028125
0 0.46484375 0.1390625 0.0765625 0.0890625
0 0.40546875 0.02734375 0.0515625 0.0546875
0 0.61015625 0.04453125 0.1359375 0.0890625
0 0.94453125 0.04296875 0.0890625 0.084375
0 0.1140625 0.390625 0.07421875 0.0890625
0 0.04375 0.7734375 0.0875 0.134375
0 0.04921875 0.90546875 0.0984375 0.1484375
0 0.70078125 0.48515625 0.12265625 0.10546875
0 0.4109375 0.54140625 0.0625 0.0796875
0 0.63828125 0.76875 0.10078125 0.1078125
0 0.7078125 0.85390625 0.0984375 0.09375
0 0.4125 0.91328125 0.065625 0.0984375
0 0.42578125 0.98125 0.0921875 0.0375
0 0.85 0.7328125 0.21640625 0.23828125