0 0.17265625 0.09921875 0.13203125 0.15859375
0 0.1359375 0.15078125 0.06484375 0.06953125
0 0.09453125 0.1171875 0.0765625 0.0796875
0 0.06328125 0.025 0.0578125 0.05
0 0.196875 0.19140625 0.06484375 0.06015625
0 0.2609375 0.32265625 0.05625 0.0546875
0 0.23515625 0.05234375 0.1078125 0.1046875
0 0.45 0.33828125 0.065625 0.0234375
0 0.8609375 0.1171875 0.071875 0.08203125
0 0.98671875 0.22734375 0.0265625 0.0921875
0 0.48828125 0.2328125 0.06953125 0.0796875
0 0.41328125 0.26875 0.04296875 0.05078125
0 0.446875 0.159375 0.0578125 0.04296875
0 0.253125 0.91875 0.071875 0.1625
0 0.23671875 0.5875 0.0890625 0.0890625
0 0.27265625 0.69609375 0.0328125 0.0859375
0 0.10546875 0.5734375 0.08671875 0.08671875
0 0.2609375 0.4078125 0.05625 0.06875
0 0.21640625 0.43125 0.06953125 0.06953125
0 0.0734375 0.975 0.1 0.05
0 0.01953125 0.97421875 0.0390625 0.0515625
0 0.06015625 0.41640625 0.1203125 0.1328125
0 0.346875 0.6625 0.115625 0.15
0 0.42890625 0.75234375 0.04296875 0.0765625
0 0.5359375 0.62265625 0.09140625 0.14453125
0 0.58515625 0.8109375 0.0796875 0.084375
0 0.540625 0.89765625 0.071875 0.05078125
0 0.990625 0.7265625 0.01875 0.059375
0 0.95546875 0.4984375 0.06953125 0.07421875
0 0.83203125 0.56484375 0.0765625 0.084375
0 0.74375 0.55546875 0.0484375 0.06015625
0 0.3375 0.39921875 0.096875 0.0984375
0 0.62109375 0.3890625 0.053125 0.04296875
0 0.4421875 0.40625 0.0453125 0.040625
0 0.79375 0.97578125 0.05625 0.0484375