0 0.509375 0.403125 0.11875 0.309375
0 0.415625 0.26171875 0.30625 0.3390625
0 0.36640625 0.2171875 0.115625 0.1203125
0 0.5046875 0.15859375 0.0765625 0.0796875
0 0.446875 0.08125 0.0890625 0.0890625
0 0.37578125 0.0859375 0.1890625 0.171875
0 0.28046875 0.03125 0.1171875 0.0625
0 0.17890625 0.01953125 0.0796875 0.0390625
0 0.10234375 0.0375 0.06015625 0.0625
0 0.20546875 0.1140625 0.084375 0.08203125
0 0.259375 0.2390625 0.08203125 0.08203125
0 0.4109375 0.52421875 0.0671875 0.06953125
0 0.35078125 0.521875 0.10546875 0.10546875
0 0.309375 0.56875 0.096875 0.0625
0 0.125 0.36015625 0.0765625 0.0765625
0 0.0890625 0.39296875 0.0765625 0.0796875
0 0.08203125 0.3171875 0.0578125 0.0578125
0 0.0953125 0.44375 0.0671875 0.06484375
0 0.0890625 0.55078125 0.125 0.0984375
0 0.0109375 0.43984375 0.021875 0.0921875
0 0.12265625 0.15390625 0.09609375 0.0984375
0 0.07890625 0.18984375 0.1578125 0.2546875
0 0.009375 0.02421875 0.01875 0.0484375
0 0.70078125 0.02421875 0.0859375 0.0484375
0 0.77265625 0.11640625 0.05546875 0.0671875
0 0.8359375 0.31953125 0.08671875 0.0890625
0 0.953125 0.35 0.09375 0.115625
0 0.9109375 0.45859375 0.08203125 0.07421875
0 0.921875 0.56796875 0.096875 0.0640625
0 0.94609375 0.19921875 0.1078125 0.1984375
0 0.6875 0.3 0.2375 0.6
0 0.7453125 0.190625 0.05546875 0.06484375
0 0.54140625 0.6140625 0.0546875 0.028125
0 0.4671875 0.778125 0.0578125 0.06484375
0 0.3078125 0.85703125 0.4 0.2859375
0 0.12578125 0.646875 0.06015625 0.05546875
0 0.34921875 0.6296875 0.0671875 0.059375
0 0.4125 0.6328125 0.0484375 0.0578125
0 0.9859375 0.796875 0.028125 0.084375
0 0.82265625 0.91796875 0.084375 0.08203125
0 0.9796875 0.73671875 0.040625 0.0578125
0 0.85625 0.64375 0.09375 0.0875
0 0.82421875 0.709375 0.2015625 0.19453125
0 0.74375 0.7703125 0.15390625 0.14921875
0 0.6109375 0.71640625 0.084375 0.1296875
0 0.69375 0.85234375 0.0765625 0.0765625
0 0.66015625 0.85 0.071875 0.07421875
0 0.65 0.9765625 0.084375 0.046875
0 0.60234375 0.896875 0.0671875 0.071875