0 0.0703125 0.5328125 0.071875 0.071875
0 0.184375 0.546875 0.06875 0.04375
0 0.225 0.4875 0.1109375 0.125
0 0.31015625 0.384375 0.06953125 0.0671875
0 0.36171875 0.45390625 0.115625 0.1421875
0 0.49765625 0.54453125 0.0671875 0.0484375
0 0.54765625 0.509375 0.053125 0.05546875
0 0.0265625 0.37421875 0.053125 0.0890625
0 0.01640625 0.3078125 0.0328125 0.05625
0 0.01328125 0.1375 0.0265625 0.071875
0 0.04453125 0.05625 0.0890625 0.1125
0 0.16015625 0.0046875 0.0734375 0.009375
0 0.30703125 0.03125 0.1765625 0.0625
0 0.60703125 0.140625 0.0453125 0.28125
0 0.39140625 0.30703125 0.06484375 0.0671875
0 0.6734375 0.29765625 0.0875 0.1609375
0 0.73359375 0.36171875 0.09375 0.084375
0 0.01875 0.8375 0.0375 0.13125
0 0.20625 0.728125 0.11328125 0.1109375
0 0.221875 0.8515625 0.10078125 0.125
0 0.440625 0.8734375 0.0625 0.08671875
0 0.61796875 0.87578125 0.0234375 0.1203125
0 0.41953125 0.584375 0.0640625 0.03125
0 0.44296875 0.6921875 0.071875 0.06953125
0 0.321875 0.81953125 0.04296875 0.05546875
0 0.29296875 0.7125 0.0453125 0.05078125
0 0.81484375 0.784375 0.3703125 0.43125