0 0.3625 0.22421875 0.2453125 0.24296875
0 0.2453125 0.0203125 0.096875 0.040625
0 0.14296875 0.0421875 0.1078125 0.084375
0 0.146875 0.13125 0.09609375 0.09609375
0 0.06640625 0.1828125 0.09375 0.09609375
0 0.021875 0.12734375 0.04375 0.0703125
0 0.06640625 0.00390625 0.0796875 0.0078125
0 0.01484375 0.40078125 0.0296875 0.0828125
0 0.11015625 0.378125 0.06953125 0.07421875
0 0.14921875 0.45234375 0.1109375 0.125
0 0.2359375 0.55546875 0.06953125 0.0671875
0 0.2875 0.4859375 0.115625 0.1421875
0 0.42578125 0.3859375 0.0671875 0.06484375
0 0.47421875 0.43046875 0.053125 0.05546875
0 0.63984375 0.3828125 0.06953125 0.06953125
0 0.671875 0.45078125 0.015625 0.0484375
0 0.5296875 0.26875 0.06953125 0.06015625
0 0.6375 0.053125 0.0453125 0.040625
0 0.78046875 0.1296875 0.0796875 0.0765625
0 0.709375 0.0265625 0.059375 0.053125
0 0.990625 0.2453125 0.01875 0.071875
0 0.9078125 0.19921875 0.0765625 0.071875
0 0.88515625 0.4609375 0.08671875 0.09609375
0 0.8125 0.5734375 0.090625 0.053125
0 0.68671875 0.4609375 0.0140625 0.0625
0 0.128125 0.784375 0.1609375 0.16796875
0 0.078125 0.66640625 0.134375 0.1078125
0 0.3015625 0.88984375 0.12265625 0.1296875
0 0.32265625 0.80703125 0.05078125 0.06484375
0 0.48125 0.97890625 0.071875 0.0421875
0 0.415625 0.93125 0.134375 0.1375
0 0.6515625 0.91015625 0.05625 0.0765625
0 0.63515625 0.7703125 0.0625 0.0625
0 0.53359375 0.65234375 0.06015625 0.0671875
0 0.10625 0.94921875 0.0578125 0.0578125
0 0.77890625 0.890625 0.1984375 0.21875
0 0.86171875 0.971875 0.0859375 0.05625
0 0.91953125 0.90625 0.0984375 0.1203125
0 0.98203125 0.63125 0.0359375 0.0625
0 0.7 0.75546875 0.040625 0.0546875