0 0.234375 0.14296875 0.10078125 0.09140625
0 0.1546875 0.0484375 0.09375 0.09375
0 0.621875 0.27265625 0.04375 0.0609375
0 0.609375 0.21953125 0.01875 0.0796875
0 0.6109375 0.12734375 0.021875 0.1078125
0 0.9703125 0.3421875 0.059375 0.034375
0 0.69765625 0.06640625 0.08671875 0.08671875
0 0.8921875 0.28046875 0.053125 0.053125
0 0.81640625 0.18828125 0.05546875 0.0578125
0 0.434375 0.40546875 0.178125 0.0921875
0 0.55625 0.796875 0.0875 0.125
0 0.13515625 0.87578125 0.08671875 0.0984375
0 0.05625 0.81015625 0.1125 0.1296875
0 0.0140625 0.85703125 0.028125 0.1234375
0 0.01328125 0.4390625 0.0265625 0.0875
0 0.584375 0.55625 0.03125 0.09375
0 0.58671875 0.6375 0.0265625 0.1
0 0.825 0.653125 0.09375 0.08671875
0 0.7078125 0.43203125 0.1078125 0.09609375
0 0.640625 0.9703125 0.08125 0.059375
0 0.83359375 0.87734375 0.3328125 0.2453125
0 0.87578125 0.378125 0.0671875 0.0375
0 0.9578125 0.415625 0.06484375 0.071875