0 0.17265625 0.07578125 0.11328125 0.11328125
0 0.06171875 0.02578125 0.1109375 0.0515625
0 0.53125 0.334375 0.084375 0.15
0 0.525 0.21640625 0.071875 0.1203125
0 0.50703125 0.15078125 0.0359375 0.0796875
0 0.5375 0.040625 0.096875 0.08125
0 0.58359375 0.0125 0.0921875 0.025
0 0.97578125 0.03046875 0.0484375 0.0609375
0 0.03125 0.67578125 0.0625 0.2015625
0 0.240625 0.765625 0.10078125 0.0890625
0 0.215625 0.6421875 0.1203125 0.12734375
0 0.42578125 0.52734375 0.0671875 0.06484375
0 0.8890625 0.9546875 0.115625 0.090625
0 0.79140625 0.89609375 0.1421875 0.11328125
0 0.66875 0.8296875 0.0796875 0.0796875
0 0.61328125 0.85859375 0.06953125 0.0796875
0 0.5921875 0.6703125 0.20625 0.225