0 0.425 0.040625 0.0671875 0.06015625
0 0.45234375 0.16328125 0.0328125 0.0953125
0 0.20234375 0.08125 0.06953125 0.06484375
0 0.14140625 0.13046875 0.08671875 0.0671875
0 0.04296875 0.10234375 0.0859375 0.0859375
0 0.3796875 0.4125 0.15 0.034375
0 0.315625 0.39296875 0.0484375 0.0625
0 0.2296875 0.2234375 0.08203125 0.1109375
0 0.0859375 0.39765625 0.121875 0.0640625
0 0.03671875 0.3375 0.0734375 0.090625
0 0.62734375 0.03046875 0.0671875 0.0578125
0 0.71640625 0.3984375 0.0671875 0.0625
0 0.55625 0.3515625 0.175 0.15625
0 0.11953125 0.6265625 0.084375 0.09609375
0 0.1984375 0.82734375 0.06015625 0.06484375
0 0.28984375 0.8625 0.06484375 0.10078125
0 0.39453125 0.84921875 0.06015625 0.07421875
0 0.2515625 0.98359375 0.06875 0.0328125
0 0.32734375 0.971875 0.04296875 0.05078125
0 0.48671875 0.65 0.0359375 0.134375
0 0.5546875 0.534375 0.11328125 0.1078125
0 0.59375 0.45078125 0.084375 0.0421875
0 0.6640625 0.53203125 0.0796875 0.0765625
0 0.78359375 0.77109375 0.11796875 0.1078125
0 0.88359375 0.85859375 0.0984375 0.0984375
0 0.97265625 0.509375 0.0546875 0.08125
0 0.7078125 0.6328125 0.0765625 0.0796875