0 0.35546875 0.8328125 0.08203125 0.0796875
0 0.43046875 0.8859375 0.09375 0.09140625
0 0.446875 0.8015625 0.0671875 0.06015625
0 0.384375 0.678125 0.10078125 0.09609375
0 0.66953125 0.7609375 0.06953125 0.06484375
0 0.73046875 0.71171875 0.08671875 0.0671875
0 0.83046875 0.7390625 0.0890625 0.08671875
0 0.9625 0.82421875 0.03828125 0.04296875
0 0.75390625 0.98984375 0.0609375 0.0203125
0 0.4953125 0.97109375 0.09375 0.0578125
0 0.23046875 0.91328125 0.09375 0.0765625
0 0.20078125 0.71640625 0.103125 0.1203125
0 0.23828125 0.62734375 0.07421875 0.07421875
0 0.134375 0.65 0.071875 0.07421875
0 0.49140625 0.375 0.14921875 0.1421875
0 0.55625 0.44921875 0.0484375 0.0625
0 0.6421875 0.61875 0.08203125 0.1109375
0 0.78515625 0.4109375 0.12265625 0.1296875
0 0.84375 0.50390625 0.09140625 0.09140625
0 0.80546875 0.20703125 0.18515625 0.14921875
0 0.5828125 0.22265625 0.071875 0.07421875
0 0.24765625 0.2359375 0.08203125 0.0625
0 0.234375 0.33984375 0.0625 0.071875
0 0.15859375 0.5296875 0.06953125 0.06953125
0 0.07421875 0.43984375 0.05546875 0.06484375
0 0.03828125 0.37265625 0.04296875 0.0453125