0 0.28984375 0.48046875 0.0671875 0.0171875
0 0.315625 0.37890625 0.028125 0.0953125
0 0.0671875 0.459375 0.06875 0.059375
0 0.025 0.41328125 0.05 0.0671875
0 0.24609375 0.0765625 0.14921875 0.1421875
0 0.18125 0.15078125 0.0484375 0.0625
0 0.0953125 0.3203125 0.08203125 0.1109375
0 0.728125 0.12265625 0.14921875 0.1421875
0 0.78828125 0.23671875 0.1703125 0.178125
0 0.63203125 0.2078125 0.15390625 0.15390625
0 0.66015625 0.415625 0.1109375 0.115625
0 0.428125 0.3609375 0.084375 0.07421875
0 0.9796875 0.35234375 0.040625 0.1390625
0 0.9734375 0.09765625 0.053125 0.1703125
0 0.8796875 0.04609375 0.0578125 0.08203125
0 0.3796875 0.0578125 0.0578125 0.05546875
0 0.040625 0.91953125 0.08125 0.1609375
0 0.153125 0.76484375 0.1390625 0.1421875
0 0.27734375 0.5359375 0.1046875 0.09375
0 0.184375 0.5578125 0.084375 0.08671875
0 0.3140625 0.8578125 0.03125 0.1375
0 0.0171875 0.53359375 0.034375 0.0796875
0 0.0296875 0.82265625 0.059375 0.0953125
0 0.0359375 0.73828125 0.0671875 0.06953125
0 0.17734375 0.67578125 0.06953125 0.06953125
0 0.78984375 0.715625 0.09140625 0.0796875
0 0.621875 0.7703125 0.11796875 0.09375
0 0.6125 0.86328125 0.11796875 0.11328125
0 0.371875 0.76640625 0.084375 0.1703125
0 0.94765625 0.94140625 0.0796875 0.08203125
0 0.865625 0.87265625 0.0796875 0.06484375
0 0.86015625 0.93203125 0.07421875 0.06015625
0 0.83828125 0.9796875 0.0578125 0.040625
0 0.70078125 0.52734375 0.0859375 0.0765625
0 0.5703125 0.54453125 0.128125 0.1109375
0 0.81328125 0.50546875 0.0640625 0.0328125
0 0.5203125 0.98046875 0.14375 0.0390625