0 0.6453125 0.8390625 0.115625 0.11328125
0 0.74140625 0.81953125 0.13203125 0.13203125
0 0.69453125 0.74609375 0.09140625 0.09140625
0 0.5578125 0.703125 0.1421875 0.1390625
0 0.84375 0.5453125 0.09609375 0.09375
0 0.85703125 0.4625 0.1109375 0.1078125
0 0.946875 0.40625 0.10546875 0.12265625
0 0.85078125 0.828125 0.10546875 0.0984375
0 0.60234375 0.96640625 0.12265625 0.0671875
0 0.4375 0.87265625 0.15859375 0.15859375
0 0.40390625 0.7796875 0.10546875 0.103125
0 0.3375 0.8734375 0.103125 0.103125
0 0.4265625 0.4015625 0.209375 0.20703125
0 0.53125 0.4046875 0.0796875 0.0796875
0 0.7203125 0.4625 0.134375 0.13671875
0 0.6859375 0.203125 0.178125 0.178125
0 0.79921875 0.225 0.1296875 0.1296875
0 0.55625 0.078125 0.24296875 0.15625
0 0.390625 0.21875 0.103125 0.103125
0 0.13203125 0.4859375 0.10546875 0.10078125
0 0.19609375 0.571875 0.09609375 0.09609375
0 0.2703125 0.76796875 0.0984375 0.0984375
0 0.1390625 0.7671875 0.084375 0.084375
0 0.06875 0.740625 0.053125 0.053125