0 0.1046875 0.084375 0.1875 0.16875
0 0.19765625 0.046875 0.0671875 0.07421875
0 0.37421875 0.19296875 0.1515625 0.1640625
0 0.43203125 0.14375 0.0359375 0.11875
0 0.2921875 0.36484375 0.221875 0.1703125
0 0.1078125 0.2578125 0.09140625 0.09140625
0 0.4265625 0.9546875 0.046875 0.090625
0 0.4125 0.74375 0.075 0.178125
0 0.29921875 0.70078125 0.08203125 0.0765625
0 0.215625 0.678125 0.1734375 0.196875
0 0.3765625 0.5703125 0.13671875 0.1703125
0 0.16640625 0.5390625 0.3328125 0.178125
0 0.11796875 0.90390625 0.1078125 0.10546875
0 0.19375 0.9828125 0.075 0.034375
0 0.42578125 0.4859375 0.0484375 0.071875
0 0.06640625 0.74296875 0.08203125 0.0796875
0 0.76484375 0.88046875 0.4078125 0.2390625
0 0.62578125 0.85859375 0.1109375 0.1109375
0 0.5828125 0.76328125 0.1390625 0.1390625
0 0.703125 0.678125 0.18515625 0.18515625
0 0.675 0.5828125 0.13671875 0.13671875
0 0.60703125 0.4921875 0.1296875 0.084375
0 0.8890625 0.6984375 0.0671875 0.06953125
0 0.95625 0.6546875 0.0875 0.09375
0 0.9578125 0.82421875 0.084375 0.0984375
0 0.99140625 0.9296875 0.0171875 0.096875
0 0.46484375 0.84296875 0.0296875 0.1078125