0 0.1625 0.01484375 0.071875 0.0296875
0 0.0765625 0.06328125 0.06484375 0.0625
0 0.24609375 0.23515625 0.2140625 0.2546875
0 0.34609375 0.0875 0.14453125 0.14453125
0 0.528125 0.18046875 0.1625 0.2296875
0 0.39765625 0.46953125 0.1109375 0.0609375
0 0.1984375 0.42421875 0.0671875 0.06953125
0 0.15 0.4375 0.0765625 0.0625
0 0.66328125 0.3125 0.0765625 0.0765625
0 0.73828125 0.2859375 0.115625 0.11328125
0 0.81953125 0.2875 0.103125 0.10546875
0 0.72265625 0.1375 0.1203125 0.1203125
0 0.79296875 0.1046875 0.09609375 0.0984375
0 0.7296875 0.41484375 0.06484375 0.0671875
0 0.721875 0.47734375 0.06875 0.0453125
0 0.9015625 0.025 0.1125 0.05
0 0.953125 0.0421875 0.09375 0.084375
0 0.9484375 0.09765625 0.084375 0.08203125
0 0.97890625 0.215625 0.0421875 0.13125
0 0.51953125 0.53203125 0.1046875 0.0640625
0 0.546875 0.83203125 0.125 0.1609375
0 0.44921875 0.76953125 0.0796875 0.084375
0 0.34609375 0.9046875 0.1796875 0.190625
0 0.24609375 0.77109375 0.1109375 0.10546875
0 0.17734375 0.77578125 0.115625 0.1078125
0 0.1953125 0.85703125 0.0890625 0.10078125
0 0.4328125 0.98671875 0.06875 0.0265625
0 0.25625 0.55859375 0.15 0.1171875
0 0.0140625 0.5203125 0.028125 0.040625
0 0.6265625 0.70546875 0.034375 0.0765625
0 0.8109375 0.9765625 0.1875 0.046875
0 0.6578125 0.540625 0.084375 0.08125
0 0.83671875 0.68828125 0.3265625 0.3765625