0 0.634375 0.18984375 0.090625 0.2046875
0 0.35859375 0.43203125 0.2171875 0.0953125
0 0.05703125 0.18046875 0.1140625 0.1515625
0 0.20703125 0.2390625 0.11328125 0.12265625
0 0.409375 0.3171875 0.0671875 0.0765625
0 0.45703125 0.303125 0.0796875 0.0671875
0 0.54765625 0.03671875 0.0859375 0.0734375
0 0.125 0.0515625 0.05546875 0.071875
0 0.08125 0.0171875 0.053125 0.034375
0 0.709375 0.43828125 0.059375 0.0828125
0 0.72578125 0.3640625 0.08671875 0.071875
0 0.91015625 0.01640625 0.0921875 0.0328125
0 0.95546875 0.08828125 0.05078125 0.053125
0 0.8078125 0.08203125 0.05078125 0.05078125
0 0.8890625 0.33046875 0.03828125 0.04296875
0 0.265625 0.6390625 0.1109375 0.1109375
0 0.17890625 0.52578125 0.1109375 0.0921875
0 0.48984375 0.55625 0.12734375 0.1296875
0 0.609375 0.6171875 0.1078125 0.09609375
0 0.57421875 0.675 0.06953125 0.0671875
0 0.64453125 0.7078125 0.0703125 0.15
0 0.54921875 0.84921875 0.1203125 0.13671875
0 0.453125 0.7703125 0.07421875 0.0765625
0 0.3578125 0.8578125 0.06484375 0.06953125
0 0.0421875 0.96953125 0.084375 0.0609375
0 0.034375 0.91484375 0.06875 0.0796875
0 0.13203125 0.8859375 0.115625 0.11328125
0 0.07890625 0.696875 0.09140625 0.08671875
0 0.08828125 0.6375 0.1765625 0.315625
0 0.93671875 0.51796875 0.1265625 0.0765625
0 0.86015625 0.4953125 0.0609375 0.03125