0 0.0703125 0.5734375 0.06484375 0.0671875
0 0.18125 0.38515625 0.096875 0.2796875
0 0.1921875 0.178125 0.0671875 0.0765625
0 0.14453125 0.1640625 0.0796875 0.0671875
0 0.9109375 0.596875 0.053125 0.025
0 0.690625 0.5328125 0.06484375 0.0796875
0 0.934375 0.48671875 0.0765625 0.06953125
0 0.96796875 0.44375 0.0640625 0.065625
0 0.85625 0.18359375 0.0671875 0.0765625
0 0.925 0.14296875 0.10546875 0.15625
0 0.85546875 0.03203125 0.0859375 0.0640625
0 0.48984375 0.1625 0.18984375 0.21640625
0 0.4296875 0.48203125 0.4 0.2546875
0 0.2671875 0.20078125 0.075 0.2515625
0 0.7265625 0.35078125 0.0890625 0.08203125
0 0.85859375 0.428125 0.0625 0.0671875
0 0.16171875 0.97109375 0.1359375 0.0578125
0 0.1453125 0.78203125 0.16875 0.1578125
0 0.040625 0.74453125 0.08125 0.1734375
0 0.07109375 0.64296875 0.0890625 0.0671875
0 0.67421875 0.8 0.071875 0.06953125
0 0.77578125 0.909375 0.0625 0.06484375
0 0.975 0.8984375 0.04296875 0.0484375
0 0.6 0.68671875 0.06484375 0.0671875
0 0.54609375 0.69375 0.06953125 0.08671875
0 0.51328125 0.959375 0.05078125 0.05546875
0 0.38984375 0.99375 0.0578125 0.0125
0 0.2734375 0.81875 0.08203125 0.09140625
0 0.2625 0.70859375 0.06484375 0.0578125
0 0.4265625 0.71171875 0.06015625 0.0625
0 0.34375 0.65546875 0.084375 0.0921875