0 0.51640625 0.24609375 0.0453125 0.1296875
0 0.0703125 0.05859375 0.09609375 0.1109375
0 0.3828125 0.5484375 0.13203125 0.12734375
0 0.4046875 0.41875 0.11328125 0.10546875
0 0.46640625 0.02890625 0.0796875 0.0578125
0 0.09609375 0.4890625 0.1078125 0.1078125
0 0.04296875 0.49375 0.0859375 0.09375
0 0.88125 0.1203125 0.115625 0.10078125
0 0.8484375 0.66484375 0.084375 0.0703125
0 0.86796875 0.56484375 0.071875 0.0796875
0 0.925 0.59375 0.06015625 0.0625
0 0.7671875 0.36796875 0.0984375 0.103125
0 0.9671875 0.2640625 0.065625 0.09375
0 0.94296875 0.021875 0.0734375 0.04375
0 0.01171875 0.83828125 0.0234375 0.0515625
0 0.01484375 0.73984375 0.0296875 0.0796875
0 0.55390625 0.7296875 0.0296875 0.040625
0 0.8234375 0.721875 0.03359375 0.040625
0 0.76953125 0.7453125 0.05078125 0.053125
0 0.7265625 0.7640625 0.03359375 0.0453125
0 0.71640625 0.8078125 0.071875 0.0671875
0 0.63359375 0.80390625 0.03359375 0.03828125
0 0.68515625 0.86171875 0.04296875 0.0453125
0 0.78515625 0.91328125 0.0578125 0.05546875
0 0.93203125 0.8796875 0.03359375 0.03828125