0 0.471875 0.38359375 0.134375 0.1421875
0 0.403125 0.32109375 0.071875 0.09140625
0 0.378125 0.10234375 0.0578125 0.0796875
0 0.0109375 0.27421875 0.021875 0.0671875
0 0.2078125 0.4375 0.071875 0.071875
0 0.25078125 0.46015625 0.0625 0.06015625
0 0.35234375 0.47734375 0.0515625 0.0453125
0 0.3765625 0.43671875 0.0796875 0.08203125
0 0.85625 0.409375 0.209375 0.18125
0 0.68671875 0.27890625 0.15859375 0.15625
0 0.64921875 0.35703125 0.0671875 0.07421875
0 0.59609375 0.2140625 0.1140625 0.165625
0 0.81484375 0.14921875 0.1390625 0.1296875
0 0.97265625 0.0296875 0.0546875 0.059375
0 0.71796875 0.06171875 0.3515625 0.1234375
0 0.9109375 0.25859375 0.071875 0.0671875
0 0.08828125 0.940625 0.1359375 0.11875
0 0.26875 0.6453125 0.13203125 0.12734375
0 0.246875 0.775 0.11328125 0.10546875
0 0.5203125 0.70390625 0.0375 0.1078125
0 0.01328125 0.95078125 0.0265625 0.0953125
0 0.734375 0.778125 0.1703125 0.1703125
0 0.94765625 0.71015625 0.1046875 0.1140625
0 0.8046875 0.61796875 0.103125 0.103125
0 0.7046875 0.521875 0.084375 0.04375