0 0.159375 0.04296875 0.11875 0.0859375
0 0.58046875 0.49921875 0.1578125 0.1796875
0 0.5421875 0.4171875 0.0984375 0.1109375
0 0.59140625 0.203125 0.0796875 0.09375
0 0.09765625 0.32890625 0.11328125 0.10546875
0 0.1609375 0.2328125 0.09609375 0.0890625
0 0.621875 0.059375 0.075 0.1
0 0.31875 0.4609375 0.09140625 0.09140625
0 0.35234375 0.49765625 0.0796875 0.0796875
0 0.4421875 0.5515625 0.06484375 0.06484375
0 0.4796875 0.51640625 0.103125 0.10546875
0 0.89921875 0.06171875 0.1078125 0.1234375
0 0.6671875 0.0703125 0.015625 0.0625
0 0.72734375 0.22578125 0.05546875 0.06484375
0 0.79921875 0.4828125 0.0671875 0.0671875
0 0.04375 0.60546875 0.053125 0.0109375
0 0.3109375 0.67265625 0.05078125 0.06015625
0 0.40390625 0.6890625 0.0890625 0.13203125
0 0.5609375 0.64140625 0.0484375 0.053125
0 0.6328125 0.88984375 0.053125 0.0796875
0 0.6 0.83359375 0.06015625 0.05078125
0 0.57109375 0.89609375 0.0671875 0.0484375
0 0.09140625 0.815625 0.08671875 0.084375
0 0.3765625 0.9859375 0.0875 0.028125
0 0.7640625 0.95859375 0.09375 0.0828125
0 0.74375 0.7921875 0.1609375 0.1609375
0 0.78203125 0.6703125 0.071875 0.06953125
0 0.96953125 0.95546875 0.0609375 0.0890625