0 0.35546875 0.490625 0.1296875 0.0375
0 0.021875 0.13671875 0.04375 0.0890625
0 0.03203125 0.30234375 0.0640625 0.0890625
0 0.10390625 0.46796875 0.06953125 0.05546875
0 0.36953125 0.3265625 0.0578125 0.06484375
0 0.24296875 0.3578125 0.0765625 0.06484375
0 0.959375 0.153125 0.08125 0.09375
0 0.9640625 0.2078125 0.0453125 0.040625
0 0.81953125 0.46484375 0.1046875 0.0890625
0 0.63984375 0.20546875 0.071875 0.07421875
0 0.70390625 0.23125 0.06484375 0.0578125
0 0.55546875 0.32578125 0.06953125 0.071875
0 0.61875 0.0390625 0.096875 0.078125
0 0.7375 0.14453125 0.06015625 0.06484375
0 0.0078125 0.9375 0.015625 0.06875
0 0.05625 0.97734375 0.06875 0.0453125
0 0.0921875 0.93125 0.0578125 0.06484375
0 0.23828125 0.87578125 0.0578125 0.0765625
0 0.23671875 0.99140625 0.0640625 0.0171875
0 0.4765625 0.95859375 0.0578125 0.05078125
0 0.4296875 0.68125 0.125 0.1296875
0 0.50078125 0.65390625 0.0359375 0.0640625
0 0.44375 0.81328125 0.06484375 0.0453125
0 0.20625 0.7984375 0.071875 0.06015625
0 0.19921875 0.74375 0.053125 0.0765625
0 0.10859375 0.6921875 0.0578125 0.06484375
0 0.01796875 0.7734375 0.0359375 0.084375
0 0.0203125 0.7 0.040625 0.25
0 0.98671875 0.9015625 0.0265625 0.1
0 0.528125 0.84296875 0.01875 0.0640625
0 0.71796875 0.71875 0.23828125 0.25
0 0.5328125 0.775 0.028125 0.053125
0 0.57734375 0.5171875 0.0328125 0.015625
0 0.94921875 0.5609375 0.1015625 0.103125
0 0.78046875 0.97890625 0.0796875 0.0421875