0 0.2859375 0.58203125 0.0984375 0.08671875
0 0.22109375 0.7078125 0.13671875 0.12734375
0 0.4578125 0.92578125 0.11328125 0.09375
0 0.8421875 0.9578125 0.10546875 0.084375
0 0.9078125 0.92421875 0.071875 0.0765625
0 0.8484375 0.71484375 0.071875 0.08203125
0 0.8609375 0.26796875 0.146875 0.14921875
0 0.78359375 0.3328125 0.071875 0.09609375
0 0.75859375 0.5625 0.0578125 0.084375
0 0.32578125 0.265625 0.09375 0.084375
0 0.3546875 0.38203125 0.0796875 0.06953125
0 0.1359375 0.80078125 0.08203125 0.084375
0 0.06015625 0.8078125 0.0671875 0.0765625
0 0.75 0.7171875 0.0765625 0.084375
0 0.82421875 0.85078125 0.0578125 0.06953125
0 0.678125 0.875 0.06015625 0.053125
0 0.446875 0.740625 0.05078125 0.0625
0 0.55625 0.7703125 0.0671875 0.0625
0 0.584375 0.21171875 0.071875 0.07421875
0 0.62890625 0.1875 0.06484375 0.06484375
0 0.7328125 0.165625 0.05078125 0.053125
0 0.75703125 0.2125 0.08203125 0.08671875
0 0.80078125 0.03828125 0.0625 0.05078125
0 0.08203125 0.084375 0.0671875 0.08203125
0 0.196875 0.6265625 0.0671875 0.0671875
0 0.15 0.625 0.0671875 0.0765625