0 0.2171875 0.521875 0.13671875 0.1296875
0 0.09765625 0.61875 0.19453125 0.18984375
0 0.2546875 0.915625 0.13203125 0.0890625
0 0.734375 0.90390625 0.1109375 0.115625
0 0.9171875 0.459375 0.165625 0.2140625
0 0.83515625 0.490625 0.11796875 0.1296875
0 0.709375 0.71015625 0.09609375 0.1109375
0 0.396875 0.2203125 0.13203125 0.12734375
0 0.375 0.35 0.11328125 0.10546875
0 0.0140625 0.6734375 0.028125 0.121875
0 0.63359375 0.8640625 0.115625 0.1203125
0 0.65078125 0.98984375 0.0890625 0.0203125
0 0.4890625 0.97421875 0.084375 0.0515625
0 0.3125 0.75234375 0.0796875 0.084375
0 0.4125 0.83046875 0.09375 0.09140625
0 0.68359375 0.2796875 0.1078125 0.1078125
0 0.740625 0.275 0.09375 0.09375
0 0.85546875 0.29921875 0.07421875 0.07421875
0 0.8609375 0.35703125 0.12265625 0.12265625
0 0.96875 0.2015625 0.0625 0.0765625
0 0.1078125 0.5265625 0.09609375 0.09609375
0 0.06015625 0.5046875 0.10078125 0.1078125