0 0.259375 0.4640625 0.11328125 0.09140625
0 0.1859375 0.33046875 0.15859375 0.134375
0 0.4578125 0.1 0.1296875 0.0984375
0 0.9 0.06640625 0.12265625 0.0890625
0 0.96640625 0.10078125 0.0671875 0.08203125
0 0.9078125 0.3234375 0.084375 0.08671875
0 0.91796875 0.7953125 0.16328125 0.15625
0 0.8328125 0.72734375 0.084375 0.10078125
0 0.80390625 0.484375 0.0671875 0.0890625
0 0.30625 0.7984375 0.1078125 0.0890625
0 0.3390625 0.67578125 0.09140625 0.07421875
0 0.0875 0.2328125 0.09375 0.0890625
0 0.01953125 0.225 0.03828125 0.08203125
0 0.79453125 0.31953125 0.0890625 0.0890625
0 0.8796875 0.18046875 0.0671875 0.07421875
0 0.71015625 0.15390625 0.06953125 0.05546875
0 0.44453125 0.2953125 0.0578125 0.06484375
0 0.57109375 0.2640625 0.0765625 0.06484375
0 0.603125 0.85546875 0.084375 0.0796875
0 0.65390625 0.88203125 0.07421875 0.0671875
0 0.77421875 0.9046875 0.0578125 0.05546875
0 0.803125 0.8546875 0.09375 0.09140625
0 0.0328125 0.9734375 0.06484375 0.053125
0 0.15859375 0.4171875 0.0765625 0.06953125
0 0.1046875 0.41796875 0.0765625 0.08203125