0 0.46875 0.203125 0.12265625 0.115625
0 0.76953125 0.05859375 0.0984375 0.103125
0 0.31953125 0.1 0.0796875 0.06953125
0 0.2984375 0.1546875 0.06484375 0.06484375
0 0.35 0.64921875 0.12734375 0.13203125
0 0.4125 0.6421875 0.10078125 0.103125
0 0.49140625 0.68046875 0.1296875 0.12265625
0 0.4 0.9015625 0.13671875 0.13671875
0 0.34296875 0.95390625 0.0890625 0.0921875
0 0.4515625 0.9671875 0.1390625 0.06484375
0 0.4859375 0.87265625 0.0890625 0.10546875
0 0.609375 0.96171875 0.0890625 0.0765625
0 0.83984375 0.6984375 0.10546875 0.10546875
0 0.89453125 0.521875 0.11796875 0.115625
0 0.89765625 0.27265625 0.0671875 0.071875
0 0.8296875 0.2484375 0.0625 0.0625
0 0.6578125 0.26796875 0.06484375 0.0671875
0 0.0765625 0.578125 0.1078125 0.1109375
0 0.25234375 0.72265625 0.125 0.125
0 0.19609375 0.865625 0.08203125 0.084375
0 0.34375 0.3640625 0.415625 0.44453125