0 0.5890625 0.41953125 0.125 0.134375
0 0.56484375 0.546875 0.08671875 0.0890625
0 0.4640625 0.6578125 0.084375 0.084375
0 0.3921875 0.12265625 0.06953125 0.0625
0 0.4390625 0.428125 0.08203125 0.08203125
0 0.35546875 0.48046875 0.0890625 0.10078125
0 0.77734375 0.67890625 0.0796875 0.0765625
0 0.9484375 0.72734375 0.0765625 0.084375
0 0.8734375 0.75625 0.0578125 0.05078125
0 0.89921875 0.8375 0.16328125 0.15859375
0 0.7515625 0.8578125 0.0453125 0.0578125
0 0.703125 0.865625 0.0578125 0.0578125
0 0.44609375 0.8921875 0.2046875 0.178125
0 0.27265625 0.85546875 0.0671875 0.071875
0 0.228125 0.8015625 0.0796875 0.0625
0 0.1390625 0.7328125 0.07421875 0.0765625
0 0.64296875 0.16484375 0.07421875 0.0578125
0 0.7015625 0.36328125 0.06015625 0.0578125
0 0.69453125 0.4484375 0.05078125 0.053125