0 0.421875 0.58984375 0.1421875 0.14921875
0 0.42890625 0.46171875 0.09609375 0.0984375
0 0.5171875 0.3390625 0.09375 0.09375
0 0.65390625 0.8609375 0.0765625 0.071875
0 0.56953125 0.5640625 0.09140625 0.09140625
0 0.6453125 0.5015625 0.10078125 0.1109375
0 0.203125 0.35546875 0.0890625 0.08671875
0 0.03515625 0.3296875 0.06953125 0.09375
0 0.09765625 0.2921875 0.0625 0.0578125
0 0.0765625 0.2125 0.153125 0.178125
0 0.20703125 0.17578125 0.053125 0.06484375
0 0.25390625 0.1625 0.06484375 0.0625
0 0.50625 0.1046875 0.2234375 0.2015625
0 0.68125 0.11875 0.07421875 0.0796875
0 0.7328125 0.16796875 0.08671875 0.071875
0 0.8296875 0.2234375 0.08203125 0.084375
0 0.39921875 0.85078125 0.08203125 0.0671875
0 0.31640625 0.6609375 0.0671875 0.0625
0 0.3140625 0.57578125 0.05546875 0.0578125