0 0.5171875 0.5140625 0.146875 0.071875
0 0.4890625 0.4140625 0.10078125 0.09609375
0 0.371875 0.2953125 0.0984375 0.09140625
0 0.3421875 0.52421875 0.096875 0.0515625
0 0.2453125 0.4859375 0.103125 0.1078125
0 0.6375 0.06953125 0.04375 0.0609375
0 0.34921875 0.06875 0.2359375 0.1375
0 0.15 0.0796875 0.0765625 0.0765625
0 0.0984375 0.1390625 0.09140625 0.0671875
0 0.01875 0.21171875 0.0375 0.0828125
0 0.634375 0.521875 0.05 0.05625
0 0.72109375 0.01640625 0.1234375 0.0328125
0 0.78984375 0.0734375 0.0984375 0.09375
0 0.7359375 0.1140625 0.103125 0.0984375
0 0.81015625 0.18125 0.09375 0.09375
0 0.9140625 0.15859375 0.10546875 0.09375
0 0.94296875 0.2671875 0.1140625 0.125
0 0.84140625 0.28359375 0.0984375 0.09375
0 0.73984375 0.36328125 0.09609375 0.1203125
0 0.975 0.428125 0.05 0.0625
0 0.8140625 0.43515625 0.0765625 0.06484375
0 0.33046875 0.9140625 0.1203125 0.13671875
0 0.4078125 0.7265625 0.0578125 0.0765625
0 0.08359375 0.559375 0.0734375 0.01875
0 0.125 0.90625 0.0984375 0.0984375
0 0.20078125 0.9453125 0.0890625 0.109375
0 0.58984375 0.60078125 0.1390625 0.1015625
0 0.59609375 0.8359375 0.1265625 0.315625
0 0.0953125 0.66484375 0.06484375 0.07421875
0 0.06015625 0.78046875 0.07421875 0.0765625
0 0.23671875 0.78984375 0.0578125 0.0578125
0 0.26484375 0.83359375 0.0578125 0.0796875
0 0.803125 0.65625 0.103125 0.11328125
0 0.68203125 0.70859375 0.0453125 0.0578125
0 0.74765625 0.81640625 0.0796875 0.084375
0 0.921875 0.83203125 0.15625 0.2046875