0 0.75859375 0.921875 0.18984375 0.15625
0 0.80078125 0.99296875 0.125 0.0140625
0 0.571875 0.953125 0.08671875 0.0890625
0 0.5046875 0.9171875 0.08671875 0.103125
0 0.678125 0.834375 0.06015625 0.06484375
0 0.5109375 0.709375 0.0765625 0.08203125
0 0.73046875 0.7359375 0.084375 0.0765625
0 0.7703125 0.71015625 0.071875 0.06953125
0 0.88203125 0.8578125 0.0765625 0.0765625
0 0.8578125 0.7875 0.0671875 0.07421875
0 0.73828125 0.4703125 0.0765625 0.0796875
0 0.80625 0.45546875 0.1296875 0.15390625
0 0.7765625 0.3453125 0.09375 0.084375
0 0.7171875 0.259375 0.11328125 0.13203125
0 0.55625 0.11875 0.196875 0.196875
0 0.42890625 0.3578125 0.21640625 0.2234375
0 0.428125 0.8390625 0.09609375 0.09609375
0 0.25859375 0.67578125 0.4859375 0.4828125
0 0.16953125 0.8375 0.071875 0.0796875
0 0.01953125 0.6921875 0.03828125 0.103125
0 0.03828125 0.60703125 0.0765625 0.084375
0 0.02734375 0.5640625 0.0546875 0.11875
0 0.1890625 0.31875 0.20703125 0.24765625
0 0.58671875 0.571875 0.09609375 0.0890625
0 0.68046875 0.66796875 0.06953125 0.06953125