0 0.1375 0.171875 0.19921875 0.21171875
0 0.37109375 0.209375 0.0765625 0.246875
0 0.8015625 0.296875 0.08671875 0.09375
0 0.9359375 0.06875 0.0453125 0.0453125
0 0.79296875 0.209375 0.05546875 0.03125
0 0.4734375 0.1265625 0.053125 0.04296875
0 0.64140625 0.253125 0.053125 0.053125
0 0.471875 0.0859375 0.0171875 0.0484375
0 0.6671875 0.0578125 0.0484375 0.0765625
0 0.71953125 0.13125 0.05078125 0.0484375
0 0.5515625 0.09375 0.053125 0.0625
0 0.92578125 0.00703125 0.0359375 0.0140625
0 0.29140625 0.55078125 0.2359375 0.2421875
0 0.04609375 0.69609375 0.08203125 0.0765625
0 0.1296875 0.71875 0.1734375 0.196875
0 0.01796875 0.82578125 0.0359375 0.1703125
0 0.2109375 0.884375 0.396875 0.23125
0 0.22734375 0.49296875 0.1078125 0.10546875
0 0.27890625 0.65390625 0.08203125 0.0796875
0 0.665625 0.54765625 0.115625 0.11796875
0 0.684375 0.759375 0.13671875 0.1078125
0 0.49140625 0.9203125 0.12265625 0.11796875
0 0.94296875 0.7046875 0.084375 0.0671875
0 0.984375 0.7671875 0.03125 0.115625
0 0.98046875 0.865625 0.0390625 0.0625
0 0.82890625 0.88515625 0.125 0.10546875
0 0.6828125 0.4546875 0.075 0.05