0 0.07421875 0.13046875 0.1484375 0.1390625
0 0.0171875 0.0359375 0.03359375 0.071875
0 0.24765625 0.04453125 0.071875 0.0796875
0 0.328125 0.06015625 0.06953125 0.09609375
0 0.17578125 0.203125 0.05078125 0.0578125
0 0.38828125 0.2796875 0.0625 0.07421875
0 0.15234375 0.3234375 0.07421875 0.06484375
0 0.11875 0.36171875 0.0625 0.06015625
0 0.0171875 0.30859375 0.03359375 0.06953125
0 0.22734375 0.603125 0.06484375 0.071875
0 0.1625 0.640625 0.103125 0.146875
0 0.22734375 0.7484375 0.084375 0.06953125
0 0.31640625 0.81875 0.09140625 0.125
0 0.525 0.91484375 0.16796875 0.1703125
0 0.58203125 0.62265625 0.1828125 0.19921875
0 0.4328125 0.11640625 0.08203125 0.08671875
0 0.66015625 0.2359375 0.4234375 0.4234375
0 0.69921875 0.0359375 0.06015625 0.071875
0 0.92890625 0.13125 0.07421875 0.09609375
0 0.90859375 0.23671875 0.06484375 0.0765625
0 0.9578125 0.26953125 0.084375 0.1109375
0 0.8421875 0.58671875 0.16328125 0.2328125
0 0.353125 0.4484375 0.08671875 0.0765625
0 0.225 0.37734375 0.06015625 0.0625