0 0.9328125 0.1875 0.134375 0.18515625
0 0.8015625 0.0765625 0.08203125 0.05078125
0 0.7171875 0.06875 0.084375 0.07421875
0 0.83984375 0.2328125 0.0671875 0.071875
0 0.60546875 0.259375 0.08203125 0.09140625
0 0.8328125 0.36171875 0.09140625 0.084375
0 0.85703125 0.41015625 0.0796875 0.0765625
0 0.97421875 0.384375 0.0515625 0.084375
0 0.6859375 0.63203125 0.084375 0.0890625
0 0.74296875 0.6859375 0.1421875 0.17578125
0 0.64921875 0.7796875 0.103125 0.09140625
0 0.54296875 0.83046875 0.125 0.1515625
0 0.30625 0.875 0.2140625 0.21640625
0 0.3234375 0.5640625 0.2359375 0.25234375
0 0.60234375 0.08046875 0.10546875 0.1078125
0 0.33984375 0.2078125 0.5265625 0.415625
0 0.12421875 0.0140625 0.0453125 0.028125
0 0.10703125 0.0875 0.0578125 0.0890625
0 0.09140625 0.4625 0.1828125 0.27890625
0 0.5984375 0.44140625 0.10546875 0.10078125
0 0.74609375 0.39921875 0.0765625 0.0796875