0 0.16640625 0.24765625 0.0890625 0.0421875
0 0.175 0.08671875 0.10546875 0.103125
0 0.04140625 0.1078125 0.0796875 0.0796875
0 0.42265625 0.07421875 0.1265625 0.1484375
0 0.80859375 0.134375 0.3828125 0.26875
0 0.3015625 0.790625 0.115625 0.178125
0 0.2 0.84765625 0.13203125 0.1390625
0 0.0390625 0.83515625 0.078125 0.1671875
0 0.15078125 0.32890625 0.2140625 0.1203125
0 0.29765625 0.334375 0.1234375 0.13125
0 0.32109375 0.43125 0.0765625 0.096875
0 0.3421875 0.5 0.034375 0.084375
0 0.2765625 0.46796875 0.103125 0.10078125
0 0.3140625 0.55 0.090625 0.1125
0 0.153125 0.44140625 0.09140625 0.09140625
0 0.1453125 0.53671875 0.103125 0.10078125
0 0.1359375 0.71796875 0.08203125 0.08203125
0 0.340625 0.95625 0.0375 0.0875
0 0.28046875 0.93203125 0.0671875 0.0796875
0 0.2296875 0.93828125 0.08671875 0.0890625
0 0.38515625 0.94140625 0.0515625 0.0671875
0 0.5 0.8265625 0.1734375 0.18984375
0 0.48203125 0.675 0.0890625 0.1109375
0 0.61328125 0.5625 0.146875 0.1921875
0 0.55078125 0.42734375 0.053125 0.06015625
0 0.49140625 0.4046875 0.09140625 0.0765625
0 0.3890625 0.41875 0.059375 0.103125
0 0.3828125 0.32265625 0.046875 0.0671875
0 0.5796875 0.2953125 0.08125 0.053125
0 0.70390625 0.30078125 0.0765625 0.0640625
0 0.9296875 0.321875 0.140625 0.10625
0 0.8953125 0.71640625 0.1109375 0.13203125
0 0.6921875 0.84609375 0.06953125 0.0765625
0 0.64765625 0.90703125 0.06015625 0.0765625
0 0.6515625 0.8046875 0.0625 0.0625
0 0.54765625 0.9921875 0.0703125 0.015625