0 0.5609375 0.7859375 0.178125 0.19921875
0 0.54921875 0.275 0.2453125 0.2953125
0 0.85703125 0.32109375 0.1078125 0.0890625
0 0.96484375 0.1578125 0.06953125 0.1078125
0 0.87890625 0.0671875 0.18515625 0.134375
0 0.10234375 0.2859375 0.19921875 0.16328125
0 0.06484375 0.5015625 0.1296875 0.14921875
0 0.9109375 0.76171875 0.1203125 0.11796875
0 0.665625 0.58515625 0.0796875 0.09375
0 0.53125 0.49609375 0.05546875 0.0671875
0 0.9046875 0.5015625 0.06484375 0.071875
0 0.8125 0.5359375 0.0578125 0.0625
0 0.7921875 0.75390625 0.0796875 0.0625
0 0.68515625 0.76953125 0.06015625 0.06484375
0 0.43515625 0.625 0.06484375 0.084375
0 0.23046875 0.6515625 0.071875 0.0796875
0 0.1515625 0.84609375 0.071875 0.07421875