0 0.18046875 0.3328125 0.259375 0.26953125
0 0.2 0.09921875 0.11796875 0.125
0 0.36171875 0.08984375 0.084375 0.0890625
0 0.0984375 0.01171875 0.084375 0.0234375
0 0.025 0.18359375 0.05 0.0984375
0 0.084375 0.253125 0.08671875 0.0890625
0 0.37421875 0.253125 0.10078125 0.1078125
0 0.5359375 0.38203125 0.10546875 0.1078125
0 0.990625 0.43515625 0.01875 0.0671875
0 0.921875 0.4640625 0.03125 0.05078125
0 0.03984375 0.9921875 0.0734375 0.015625
0 0.52890625 0.98828125 0.1171875 0.0234375
0 0.4203125 0.92734375 0.071875 0.071875
0 0.3234375 0.7734375 0.1109375 0.115625
0 0.15703125 0.8421875 0.09375 0.12265625
0 0.3 0.596875 0.05078125 0.05546875
0 0.52734375 0.5859375 0.1421875 0.09375
0 0.62890625 0.7609375 0.0421875 0.146875
0 0.53671875 0.9328125 0.08671875 0.071875
0 0.7359375 0.96171875 0.084375 0.0765625
0 0.6796875 0.8671875 0.059375 0.071875
0 0.659375 0.8515625 0.01875 0.065625
0 0.7078125 0.7015625 0.053125 0.06015625