0 0.31875 0.4453125 0.178125 0.19921875
0 0.33046875 0.040625 0.2453125 0.08125
0 0.0140625 0.4203125 0.028125 0.11875
0 0.2140625 0.24453125 0.0796875 0.09375
0 0.3484375 0.15546875 0.05546875 0.0671875
0 0.0671875 0.1953125 0.0578125 0.0625
0 0.0875 0.41328125 0.0796875 0.0625
0 0.19453125 0.42890625 0.06015625 0.06484375
0 0.44453125 0.284375 0.06484375 0.084375
0 0.64921875 0.3109375 0.071875 0.0796875
0 0.896875 0.1171875 0.0984375 0.09140625
0 0.971875 0.4171875 0.05625 0.071875
0 0.79453125 0.4296875 0.10078125 0.07421875
0 0.08828125 0.65390625 0.084375 0.1109375
0 0.2296875 0.665625 0.2140625 0.209375
0 0.38515625 0.6421875 0.09609375 0.09609375
0 0.3203125 0.575 0.059375 0.05
0 0.23515625 0.5546875 0.0421875 0.009375
0 0.65625 0.621875 0.065625 0.0625
0 0.1421875 0.8796875 0.0671875 0.06484375
0 0.459375 0.56171875 0.053125 0.0234375
0 0.49921875 0.5609375 0.0578125 0.021875
0 0.9453125 0.6578125 0.109375 0.146875
0 0.803125 0.6609375 0.10078125 0.09140625
0 0.859375 0.59375 0.071875 0.07421875
0 0.7140625 0.76328125 0.05 0.1078125
0 0.715625 0.9578125 0.053125 0.084375