0 0.86796875 0.51328125 0.21875 0.2234375
0 0.99296875 0.58046875 0.0140625 0.1390625
0 0.86171875 0.75390625 0.0984375 0.0984375
0 0.3390625 0.8484375 0.1828125 0.1828125
0 0.31484375 0.6609375 0.125 0.125
0 0.35234375 0.52421875 0.1390625 0.1421875
0 0.08203125 0.3234375 0.16328125 0.1734375
0 0.01328125 0.47578125 0.0265625 0.11796875
0 0.39296875 0.421875 0.0984375 0.0984375
0 0.6265625 0.3765625 0.165625 0.16328125
0 0.78984375 0.3484375 0.165625 0.16328125
0 0.940625 0.41953125 0.11875 0.1296875
0 0.67421875 0.72578125 0.10546875 0.10546875
0 0.47265625 0.9890625 0.084375 0.021875
0 0.42421875 0.99140625 0.08203125 0.0171875
0 0.63203125 0.80078125 0.09609375 0.09609375
0 0.93984375 0.66484375 0.1203125 0.13671875
0 0.5640625 0.490625 0.125 0.12734375
0 0.646875 0.4796875 0.1203125 0.1203125
0 0.6421875 0.13828125 0.0984375 0.0984375
0 0.84765625 0.25703125 0.09609375 0.0984375
0 0.928125 0.275 0.0796875 0.08203125