0 0.78359375 0.265625 0.14921875 0.165625
0 0.8890625 0.09765625 0.09140625 0.103125
0 0.63125 0.078125 0.0671875 0.07421875
0 0.16015625 0.3234375 0.12734375 0.13203125
0 0.25625 0.4859375 0.084375 0.09375
0 0.36875 0.57109375 0.09375 0.10546875
0 0.27265625 0.89765625 0.125 0.12265625
0 0.09375 0.8453125 0.0796875 0.0890625
0 0.4625 0.62734375 0.07421875 0.0671875
0 0.67578125 0.5203125 0.125 0.1109375
0 0.821875 0.44375 0.12265625 0.11328125
0 0.90234375 0.28984375 0.09609375 0.0890625
0 0.5 0.2140625 0.0796875 0.071875
0 0.16015625 0.103125 0.05546875 0.0671875
0 0.11875 0.13125 0.06015625 0.05546875
0 0.421875 0.18125 0.06953125 0.0671875
0 0.75625 0.0953125 0.103125 0.09375
0 0.55625 0.46875 0.08671875 0.09375
0 0.62890625 0.4265625 0.08671875 0.084375
0 0.834375 0.69921875 0.071875 0.06953125
0 0.92421875 0.48046875 0.06484375 0.07421875
0 0.97578125 0.415625 0.0484375 0.0671875