0 0.5 0.0765625 0.0375 0.10625
0 0.434375 0.13359375 0.07421875 0.0671875
0 0.2203125 0.040625 0.125 0.08125
0 0.33984375 0.0109375 0.0859375 0.021875
0 0.0625 0.20546875 0.071875 0.06953125
0 0.8140625 0.0234375 0.125 0.046875
0 0.98046875 0.26640625 0.0390625 0.0609375
0 0.728125 0.29609375 0.053125 0.06953125
0 0.709375 0.21015625 0.0796875 0.0765625
0 0.56875 0.209375 0.1 0.10625
0 0.5578125 0.425 0.071875 0.05
0 0.73671875 0.3921875 0.0796875 0.0765625
0 0.6375 0.33984375 0.0625 0.06484375
0 0.05546875 0.46875 0.0859375 0.0375
0 0.128125 0.4765625 0.0875 0.053125
0 0.01484375 0.52421875 0.0296875 0.0796875
0 0.0328125 0.653125 0.065625 0.0875
0 0.06640625 0.7671875 0.1328125 0.159375
0 0.33828125 0.82421875 0.084375 0.0890625
0 0.23125 0.75703125 0.0765625 0.08203125
0 0.34609375 0.9796875 0.0859375 0.040625
0 0.334375 0.5640625 0.11328125 0.115625
0 0.16796875 0.52734375 0.12265625 0.1203125
0 0.4875 0.5484375 0.0625 0.196875
0 0.40078125 0.67578125 0.0578125 0.06015625
0 0.53984375 0.54296875 0.0421875 0.0515625
0 0.92734375 0.4921875 0.1453125 0.084375
0 0.79296875 0.60625 0.134375 0.13203125
0 0.7234375 0.6640625 0.2234375 0.28359375
0 0.58203125 0.75703125 0.1265625 0.4328125
0 0.76875 0.9234375 0.08671875 0.09375
0 0.8578125 0.83828125 0.08671875 0.09375
0 0.94296875 0.75546875 0.1109375 0.115625