0 0.62578125 0.57890625 0.0671875 0.0609375
0 0.15546875 0.340625 0.12734375 0.13203125
0 0.2515625 0.178125 0.084375 0.09375
0 0.3640625 0.09296875 0.09375 0.10546875
0 0.4578125 0.03671875 0.07421875 0.0671875
0 0.65859375 0.14296875 0.1015625 0.1109375
0 0.4953125 0.45 0.0796875 0.071875
0 0.15546875 0.5609375 0.05546875 0.0671875
0 0.1140625 0.5328125 0.06015625 0.05546875
0 0.4171875 0.4828125 0.06953125 0.0671875
0 0.5515625 0.1953125 0.08671875 0.09375
0 0.62421875 0.2375 0.08671875 0.084375
0 0.8484375 0.09140625 0.1109375 0.1203125
0 0.71796875 0.1546875 0.0171875 0.059375
0 0.79921875 0.18671875 0.0578125 0.05078125
0 0.86015625 0.23125 0.06953125 0.0671875
0 0.73984375 0.30390625 0.0609375 0.0640625
0 0.74140625 0.47265625 0.0640625 0.0640625
0 0.73984375 0.53671875 0.0609375 0.0890625
0 0.96875 0.4453125 0.0625 0.103125
0 0.99140625 0.11328125 0.0171875 0.0640625
0 0.3203125 0.93828125 0.121875 0.1234375
0 0.39921875 0.76875 0.06015625 0.071875
0 0.06640625 0.61796875 0.0765625 0.0171875
0 0.109375 0.93515625 0.10078125 0.0890625
0 0.1859375 0.96015625 0.090625 0.0796875
0 0.60546875 0.65625 0.1828125 0.09375
0 0.61796875 0.8625 0.1828125 0.275
0 0.078125 0.7140625 0.0671875 0.06953125
0 0.0421875 0.81796875 0.0765625 0.071875
0 0.225 0.828125 0.06015625 0.053125
0 0.2515625 0.86640625 0.06015625 0.071875
0 0.81796875 0.80078125 0.084375 0.0765625
0 0.9890625 0.88046875 0.021875 0.0671875