0 0.7859375 0.22734375 0.1515625 0.17578125
0 0.89296875 0.0515625 0.09140625 0.103125
0 0.63359375 0.03359375 0.0671875 0.0671875
0 0.15859375 0.28828125 0.1296875 0.1421875
0 0.2546875 0.4625 0.08671875 0.10078125
0 0.36875 0.553125 0.09375 0.11328125
0 0.27265625 0.90234375 0.125 0.1296875
0 0.09140625 0.84609375 0.0796875 0.09609375
0 0.4640625 0.6140625 0.07421875 0.071875
0 0.6765625 0.5 0.125 0.11796875
0 0.82421875 0.4171875 0.12265625 0.1203125
0 0.90625 0.25390625 0.09609375 0.09609375
0 0.5015625 0.1734375 0.0796875 0.0765625
0 0.15859375 0.05390625 0.05546875 0.071875
0 0.11796875 0.084375 0.06015625 0.0578125
0 0.421875 0.13828125 0.06953125 0.071875
0 0.75859375 0.0484375 0.103125 0.09609375
0 0.5578125 0.44453125 0.08671875 0.10078125
0 0.6296875 0.4 0.08671875 0.09140625
0 0.83671875 0.69140625 0.071875 0.07421875
0 0.928125 0.45703125 0.06484375 0.0796875
0 0.978125 0.38828125 0.04296875 0.071875