0 0.153125 0.05234375 0.15 0.1046875
0 0.4484375 0.3796875 0.021875 0.059375
0 0.26171875 0.2765625 0.125 0.1109375
0 0.115625 0.2 0.12265625 0.11328125
0 0.04140625 0.04609375 0.0828125 0.0890625
0 0.38125 0.225 0.08671875 0.09375
0 0.30859375 0.1828125 0.08671875 0.084375
0 0.02265625 0.2359375 0.0453125 0.075
0 0.66328125 0.275 0.1203125 0.13671875
0 0.675 0.3734375 0.115625 0.071875
0 0.76328125 0.3890625 0.0859375 0.040625
0 0.94296875 0.184375 0.06953125 0.071875
0 0.9640625 0.0328125 0.071875 0.065625
0 0.39609375 0.95390625 0.084375 0.06015625
0 0.0671875 0.43046875 0.084375 0.0421875
0 0.7765625 0.7421875 0.1078125 0.1078125
0 0.9421875 0.98046875 0.115625 0.0390625
0 0.49609375 0.83671875 0.0734375 0.1609375
0 0.8546875 0.8625 0.0984375 0.084375
0 0.81953125 0.646875 0.09609375 0.084375