0 0.446875 0.1796875 0.1875 0.2140625
0 0.07265625 0.1875 0.10078125 0.09375
0 0.3359375 0.06015625 0.08671875 0.0890625
0 0.25 0.0453125 0.0875 0.090625
0 0.98359375 0.17734375 0.0328125 0.0640625
0 0.9328125 0.0671875 0.06953125 0.07421875
0 0.79453125 0.209375 0.4109375 0.340625
0 0.17890625 0.42421875 0.1234375 0.0890625
0 0.30234375 0.44921875 0.10078125 0.11328125
0 0.3671875 0.54296875 0.14921875 0.18515625
0 0.534375 0.5125 0.109375 0.10625
0 0.50625 0.6390625 0.09140625 0.10546875
0 0.01328125 0.79140625 0.0265625 0.0671875
0 0.84140625 0.9671875 0.0984375 0.065625
0 0.73671875 0.928125 0.071875 0.08203125
0 0.690625 0.9828125 0.05 0.034375
0 0.64765625 0.8234375 0.0625 0.06015625
0 0.60625 0.73359375 0.034375 0.0578125
0 0.74140625 0.7875 0.07421875 0.0625
0 0.8265625 0.71328125 0.0796875 0.071875
0 0.98125 0.72421875 0.0375 0.0703125
0 0.946875 0.53046875 0.0671875 0.0578125
0 0.86171875 0.45234375 0.07421875 0.0796875
0 0.653125 0.3890625 0.05 0.01875
0 0.64921875 0.46640625 0.0625 0.06953125
0 0.8140625 0.6046875 0.15625 0.13203125
0 0.69375 0.6109375 0.040625 0.0578125