0 0.91015625 0.3609375 0.1390625 0.1390625
0 0.89765625 0.4703125 0.0890625 0.08671875
0 0.1703125 0.7796875 0.1875 0.2140625
0 0.89921875 0.08984375 0.2015625 0.1796875
0 0.17578125 0.36796875 0.10546875 0.09609375
0 0.04296875 0.4765625 0.0859375 0.121875
0 0.50234375 0.39453125 0.1109375 0.0984375
0 0.62890625 0.41796875 0.071875 0.08203125
0 0.54453125 0.771875 0.10078125 0.09375
0 0.28125 0.89921875 0.08671875 0.0890625
0 0.36640625 0.92421875 0.08671875 0.1109375
0 0.86640625 0.81640625 0.08203125 0.06015625
0 0.81328125 0.97421875 0.0484375 0.0515625
0 0.88125 0.9515625 0.04296875 0.05546875
0 0.73828125 0.99609375 0.05078125 0.00703125