0 0.84765625 0.50390625 0.196875 0.1921875
0 0.78125 0.4203125 0.125 0.1203125
0 0.05546875 0.5359375 0.1109375 0.23828125
0 0.91796875 0.69609375 0.16328125 0.28125
0 0.196875 0.8890625 0.115625 0.1203125
0 0.4640625 0.696875 0.14921875 0.1421875
0 0.56640625 0.609375 0.10546875 0.10546875
0 0.3140625 0.36171875 0.13671875 0.13203125
0 0.0375 0.39921875 0.07421875 0.12265625
0 0.0765625 0.33203125 0.134375 0.1390625
0 0.58046875 0.15 0.10546875 0.09609375
0 0.45078125 0.040625 0.0765625 0.08125
0 0.5265625 0.0328125 0.0671875 0.06484375
0 0.359375 0.046875 0.0765625 0.08203125