0 0.2484375 0.51953125 0.209375 0.0796875
0 0.14609375 0.25625 0.11328125 0.10546875
0 0.059375 0.38125 0.115625 0.12734375
0 0.425 0.1921875 0.11796875 0.1109375
0 0.53515625 0.17890625 0.08203125 0.084375
0 0.55546875 0.48828125 0.1078125 0.103125
0 0.95078125 0.5359375 0.0984375 0.046875
0 0.69296875 0.5234375 0.0703125 0.071875
0 0.646875 0.45625 0.05625 0.05625
0 0.6453125 0.0328125 0.053125 0.065625
0 0.984375 0.16640625 0.03125 0.0546875
0 0.875 0.29609375 0.03828125 0.053125
0 0.86328125 0.1328125 0.0484375 0.06484375
0 0.9921875 0.09453125 0.015625 0.0421875
0 0.6421875 0.1796875 0.03359375 0.03828125
0 0.665625 0.38125 0.04296875 0.05078125
0 0.51875 0.8734375 0.2 0.253125
0 0.60546875 0.7265625 0.0265625 0.0625
0 0.52109375 0.6765625 0.08671875 0.071875
0 0.2734375 0.71640625 0.06953125 0.06484375
0 0.1890625 0.87421875 0.11328125 0.11796875
0 0.08828125 0.95 0.05078125 0.05078125
0 0.103125 0.5859375 0.0625 0.053125
0 0.8671875 0.64609375 0.265625 0.1734375
0 0.94140625 0.7328125 0.1171875 0.321875
0 0.79921875 0.7796875 0.06484375 0.0671875
0 0.8125 0.8375 0.10078125 0.10078125
0 0.671875 0.7703125 0.10625 0.115625
0 0.69921875 0.87578125 0.1078125 0.1078125
0 0.7609375 0.88359375 0.09140625 0.09140625
0 0.671875 0.9609375 0.10625 0.078125