0 0.178125 0.68984375 0.35546875 0.384375
0 0.225 0.86640625 0.0890625 0.0890625
0 0.33046875 0.828125 0.103125 0.103125
0 0.4734375 0.64296875 0.08671875 0.08671875
0 0.4328125 0.484375 0.1515625 0.1515625
0 0.21484375 0.47578125 0.0765625 0.0765625
0 0.19609375 0.52265625 0.0671875 0.0671875
0 0.453125 0.36875 0.0671875 0.06484375
0 0.69609375 0.11640625 0.11796875 0.11796875
0 0.2640625 0.4125 0.06484375 0.06484375
0 0.73046875 0.334375 0.33671875 0.33671875
0 0.64765625 0.86328125 0.13203125 0.13203125
0 0.678125 0.6265625 0.0890625 0.0890625
0 0.49296875 0.91953125 0.1078125 0.1078125
0 0.96875 0.65390625 0.0625 0.1078125