0 0.16953125 0.075 0.2984375 0.15
0 0.10078125 0.27734375 0.09375 0.09609375
0 0.459375 0.3171875 0.115625 0.025
0 0.65625 0.24296875 0.05078125 0.05546875
0 0.64296875 0.16953125 0.0453125 0.0484375
0 0.65625 0.11640625 0.03359375 0.05078125
0 0.703125 0.09375 0.05078125 0.0625
0 0.8609375 0.15390625 0.02421875 0.05078125
0 0.990625 0.22734375 0.01875 0.0328125
0 0.98125 0.08203125 0.0375 0.0515625
0 0.54453125 0.11875 0.0484375 0.0625
0 0.496875 0.009375 0.05 0.01875
0 0.13984375 0.42734375 0.1078125 0.125
0 0.92890625 0.94140625 0.1421875 0.1171875
0 0.77109375 0.95625 0.1703125 0.0875
0 0.66484375 0.95234375 0.1953125 0.0953125
0 0.58671875 0.98203125 0.1234375 0.0359375
0 0.496875 0.965625 0.071875 0.06875
0 0.5296875 0.9125 0.0984375 0.103125
0 0.71484375 0.90703125 0.10078125 0.0984375
0 0.97421875 0.6421875 0.0515625 0.059375
0 0.93515625 0.66796875 0.0796875 0.08203125
0 0.90390625 0.62578125 0.071875 0.06953125
0 0.88125 0.3421875 0.096875 0.025
0 0.4671875 0.61875 0.12265625 0.12734375
0 0.378125 0.646875 0.11875 0.13125
0 0.6515625 0.81484375 0.2140625 0.2234375
0 0.5625 0.7484375 0.11796875 0.11328125
0 0.5328125 0.81875 0.11328125 0.11796875
0 0.4859375 0.75078125 0.08671875 0.08671875
0 0.6109375 0.7125 0.08671875 0.08671875
0 0.775 0.70078125 0.0765625 0.0765625
0 0.84140625 0.759375 0.08203125 0.084375
0 0.9203125 0.78828125 0.0671875 0.06484375
0 0.4484375 0.921875 0.09140625 0.08671875
0 0.390625 0.92890625 0.06484375 0.06484375
0 0.87734375 0.89140625 0.05546875 0.0578125
0 0.8125 0.50078125 0.071875 0.0796875
0 0.59140625 0.5140625 0.0765625 0.08203125
0 0.5046875 0.45546875 0.134375 0.13671875
0 0.4265625 0.46171875 0.0765625 0.08203125
0 0.35546875 0.47421875 0.0734375 0.0765625
0 0.33828125 0.6796875 0.0390625 0.18125
0 0.6734375 0.4109375 0.0671875 0.0671875
0 0.7671875 0.45390625 0.06484375 0.0625
0 0.6734375 0.35703125 0.175 0.0546875
0 0.571875 0.37265625 0.09375 0.084375