0 0.45546875 0.053125 0.09375 0.103125
0 0.28984375 0.09140625 0.10546875 0.103125
0 0.2359375 0.33046875 0.08671875 0.08671875
0 0.328125 0.5984375 0.125 0.12734375
0 0.9734375 0.29296875 0.0484375 0.05078125
0 0.87890625 0.271875 0.0625 0.06015625
0 0.7703125 0.3296875 0.11328125 0.12265625
0 0.4859375 0.79296875 0.14921875 0.146875
0 0.42578125 0.89765625 0.115625 0.115625
0 0.2671875 0.67578125 0.08671875 0.08203125
0 0.15625 0.66953125 0.0625 0.06484375
0 0.23046875 0.73671875 0.0796875 0.0796875
0 0.984375 0.49609375 0.03125 0.1078125
0 0.95078125 0.5203125 0.0984375 0.08671875
0 0.91796875 0.5734375 0.1203125 0.103125
0 0.91796875 0.696875 0.125 0.1421875
0 0.84609375 0.65390625 0.08671875 0.09140625
0 0.56640625 0.59765625 0.084375 0.08203125
0 0.60078125 0.4828125 0.084375 0.09140625
0 0.6046875 0.00703125 0.0625 0.0140625