0 0.1359375 0.2953125 0.071875 0.06953125
0 0.18359375 0.36796875 0.0671875 0.06484375
0 0.2671875 0.3015625 0.0625 0.06484375
0 0.3296875 0.2203125 0.0625 0.07421875
0 0.2234375 0.103125 0.07421875 0.0765625
0 0.5609375 0.1359375 0.08671875 0.0796875
0 0.63125 0.1078125 0.03359375 0.04296875
0 0.55859375 0.02421875 0.08203125 0.04296875
0 0.5171875 0.07109375 0.040625 0.040625
0 0.66953125 0.14921875 0.06953125 0.0796875
0 0.78515625 0.1421875 0.0796875 0.084375
0 0.83046875 0.15859375 0.0484375 0.06484375
0 0.78984375 0.0328125 0.1203125 0.06484375
0 0.94609375 0.06484375 0.103125 0.12265625
0 0.97578125 0.2640625 0.04296875 0.05078125
0 0.78125 0.3015625 0.2015625 0.15859375
0 0.671875 0.4109375 0.1515625 0.1296875
0 0.58515625 0.3953125 0.07421875 0.06484375
0 0.5328125 0.3234375 0.06484375 0.06484375
0 0.578125 0.28515625 0.0578125 0.0796875
0 0.625 0.24609375 0.05078125 0.05078125
0 0.475 0.21640625 0.040625 0.040625
0 0.5421875 0.4828125 0.0671875 0.05078125
0 0.61875 0.6203125 0.12265625 0.115625
0 0.73046875 0.66953125 0.06484375 0.08671875
0 0.790625 0.515625 0.1734375 0.165625
0 0.91484375 0.671875 0.06953125 0.07421875
0 0.9203125 0.58671875 0.040625 0.0484375
0 0.91484375 0.7671875 0.07421875 0.08671875
0 0.384375 0.4 0.2640625 0.209375
0 0.3078125 0.44609375 0.084375 0.08671875
0 0.2765625 0.5421875 0.08671875 0.084375
0 0.37109375 0.5265625 0.0578125 0.0578125
0 0.3390625 0.6296875 0.06484375 0.0671875
0 0.38203125 0.703125 0.08671875 0.0890625
0 0.4484375 0.7234375 0.053125 0.04296875
0 0.46015625 0.77890625 0.04296875 0.053125
0 0.29921875 0.7765625 0.0578125 0.0578125
0 0.13125 0.5265625 0.06484375 0.07421875
0 0.1734375 0.57421875 0.05546875 0.0453125
0 0.18359375 0.603125 0.040625 0.040625
0 0.16484375 0.78125 0.06953125 0.071875
0 0.02265625 0.678125 0.0453125 0.053125
0 0.03125 0.9359375 0.0625 0.071875
0 0.0875 0.9390625 0.0984375 0.103125
0 0.3078125 0.9484375 0.071875 0.0578125
0 0.5265625 0.86171875 0.053125 0.0625
0 0.60703125 0.91953125 0.0578125 0.06015625