0 0.221875 0.0734375 0.12265625 0.115625
0 0.11015625 0.12265625 0.06484375 0.08671875
0 0.06796875 0.02578125 0.1359375 0.0515625
0 0.56328125 0.01875 0.0859375 0.0375
0 0.5015625 0.0828125 0.06484375 0.0671875
0 0.45859375 0.15625 0.08671875 0.0890625
0 0.3921875 0.1765625 0.053125 0.04296875
0 0.38046875 0.23203125 0.04296875 0.053125
0 0.54140625 0.2296875 0.0578125 0.0578125
0 0.5328125 0.40078125 0.071875 0.0578125
0 0.3140625 0.31484375 0.053125 0.0625
0 0.23359375 0.37265625 0.0578125 0.06015625
0 0.83828125 0.02109375 0.0640625 0.0421875
0 0.81796875 0.184375 0.0578125 0.053125
0 0.79609375 0.384375 0.06953125 0.071875
0 0.74375 0.390625 0.075 0.078125
0 0.6453125 0.4109375 0.03125 0.0375
0 0.66015625 0.24765625 0.0609375 0.1015625
0 0.64453125 0.01953125 0.0296875 0.0390625
0 0.08671875 0.9515625 0.09140625 0.09375
0 0.2 0.80546875 0.103125 0.0984375
0 0.28671875 0.7859375 0.08203125 0.0890625
0 0.36875 0.4796875 0.096875 0.1
0 0.04296875 0.6109375 0.0859375 0.09375
0 0.95390625 0.62890625 0.0921875 0.1296875
0 0.87421875 0.8671875 0.178125 0.20703125