0 0.0578125 0.0640625 0.06953125 0.07421875
0 0.10390625 0.146875 0.09140625 0.0984375
0 0.1734375 0.1703125 0.05546875 0.0484375
0 0.18671875 0.23125 0.0453125 0.0578125
0 0.0234375 0.228125 0.046875 0.0625
0 0.03125 0.41953125 0.0625 0.0609375
0 0.25625 0.32421875 0.05546875 0.06953125
0 0.43984375 0.40078125 0.1609375 0.0984375
0 0.3140625 0.2875 0.028125 0.034375
0 0.60078125 0.290625 0.125 0.09609375
0 0.97890625 0.42421875 0.0421875 0.0515625
0 0.965625 0.31953125 0.053125 0.10078125
0 0.49921875 0.01171875 0.0453125 0.0234375
0 0.53828125 0.0921875 0.06484375 0.0578125
0 0.45390625 0.1953125 0.05078125 0.06484375
0 0.6921875 0.2421875 0.03125 0.04296875
0 0.8484375 0.27265625 0.05546875 0.05078125
0 0.90234375 0.12109375 0.03359375 0.03828125
0 0.83984375 0.08359375 0.03359375 0.04296875
0 0.66875 0.3875 0.053125 0.0453125
0 0.13046875 0.709375 0.10546875 0.1078125
0 0.03125 0.97265625 0.0625 0.0546875
0 0.28359375 0.9453125 0.0328125 0.109375
0 0.27109375 0.4625 0.0578125 0.025
0 0.14140625 0.48359375 0.0921875 0.0671875
0 0.95078125 0.65078125 0.0984375 0.2609375
0 0.8 0.82578125 0.09140625 0.0890625
0 0.70390625 0.79453125 0.06953125 0.1078125
0 0.759375 0.678125 0.0765625 0.084375
0 0.69296875 0.58671875 0.06953125 0.0625
0 0.93984375 0.88359375 0.05546875 0.06953125
0 0.94921875 0.4734375 0.1015625 0.046875
0 0.515625 0.740625 0.0625 0.06953125
0 0.403125 0.7140625 0.05078125 0.06015625
0 0.6171875 0.77890625 0.06015625 0.07421875