0 0.36640625 0.2359375 0.1046875 0.15625
0 0.3671875 0.0328125 0.103125 0.065625
0 0.2 0.059375 0.15625 0.11875
0 0.071875 0.09921875 0.12265625 0.12265625
0 0.4046875 0.13125 0.028125 0.125
0 0.03984375 0.571875 0.0796875 0.075
0 0.365625 0.559375 0.10625 0.1
0 0.21640625 0.4609375 0.3703125 0.296875
0 0.95078125 0.53203125 0.0984375 0.1546875
0 0.7890625 0.5796875 0.0875 0.059375
0 0.6328125 0.5953125 0.09375 0.028125
0 0.6140625 0.50625 0.14453125 0.1515625
0 0.45390625 0.571875 0.0703125 0.075
0 0.5046875 0.33671875 0.1203125 0.12265625
0 0.78515625 0.2296875 0.13203125 0.13203125
0 0.8765625 0.25390625 0.115625 0.1109375
0 0.11015625 0.97109375 0.1171875 0.0578125
0 0.26484375 0.92265625 0.071875 0.0765625
0 0.259375 0.7703125 0.0578125 0.06015625
0 0.2671875 0.675 0.0671875 0.0671875
0 0.365625 0.72578125 0.06015625 0.06484375
0 0.396875 0.6671875 0.04375 0.08125
0 0.85078125 0.63828125 0.053125 0.053125
0 0.84921875 0.71796875 0.09375 0.0890625
0 0.87109375 0.85 0.0671875 0.0671875
0 0.946875 0.934375 0.053125 0.0578125