0 0.165625 0.3296875 0.10546875 0.115625
0 0.0296875 0.50546875 0.059375 0.0796875
0 0.234375 0.17109375 0.053125 0.06484375
0 0.01171875 0.32265625 0.0234375 0.0828125
0 0.04921875 0.3609375 0.0796875 0.10078125
0 0.4125 0.0546875 0.159375 0.109375
0 0.4265625 0.26484375 0.165625 0.2640625
0 0.08125 0.2265625 0.053125 0.0484375
0 0.10546875 0.2609375 0.053125 0.0671875
0 0.7109375 0.08984375 0.1875 0.1796875
0 0.82421875 0.35859375 0.17578125 0.1703125
0 0.67578125 0.28125 0.10078125 0.1109375
0 0.56875 0.3453125 0.10078125 0.103125
0 0.57265625 0.5265625 0.0796875 0.046875
0 0.96328125 0.2109375 0.0734375 0.103125
0 0.96953125 0.3015625 0.0609375 0.059375
0 0.9890625 0.37421875 0.021875 0.0703125
0 0.1875 0.95 0.125 0.1
0 0.59453125 0.62734375 0.1703125 0.1546875
0 0.6859375 0.5875 0.0578125 0.0578125
0 0.7359375 0.63203125 0.09609375 0.103125
0 0.63515625 0.75 0.103125 0.10546875
0 0.95390625 0.8984375 0.0921875 0.103125
0 0.821875 0.853125 0.11328125 0.103125
0 0.5921875 0.9171875 0.0671875 0.071875
0 0.8328125 0.9515625 0.15 0.096875
0 0.57578125 0.98203125 0.0359375 0.0359375
0 0.53125 0.9796875 0.04375 0.040625
0 0.55234375 0.78828125 0.0453125 0.053125