0 0.3015625 0.32890625 0.1203125 0.1296875
0 0.378125 0.15078125 0.0578125 0.07421875
0 0.0953125 0.32265625 0.09609375 0.09375
0 0.1703125 0.36484375 0.08671875 0.11328125
0 0.578125 0.04140625 0.178125 0.0828125
0 0.64609375 0.25625 0.28828125 0.30078125
0 0.0640625 0.09296875 0.06484375 0.071875
0 0.03359375 0.2015625 0.0671875 0.075
0 0.2078125 0.2125 0.0578125 0.053125
0 0.23359375 0.2515625 0.0578125 0.0765625
0 0.81796875 0.1359375 0.0359375 0.05
0 0.94921875 0.1640625 0.0453125 0.0484375
0 0.8609375 0.0296875 0.0671875 0.0453125
0 0.9859375 0.03515625 0.028125 0.0421875
0 0.99453125 0.4125 0.0109375 0.0375
0 0.025 0.85625 0.05 0.090625
0 0.13359375 0.82734375 0.1203125 0.1109375
0 0.13828125 0.76328125 0.05546875 0.05078125
0 0.32109375 0.48515625 0.1296875 0.0921875
0 0.52890625 0.7859375 0.09140625 0.0890625
0 0.453125 0.75234375 0.0796875 0.0671875
0 0.634375 0.65546875 0.08671875 0.08671875
0 0.7203125 0.56171875 0.12265625 0.1109375
0 0.54453125 0.96484375 0.1203125 0.0703125
0 0.40859375 0.85078125 0.07421875 0.0765625
0 0.90078125 0.46328125 0.1203125 0.0484375
0 0.984375 0.62890625 0.03125 0.1078125
0 0.8734375 0.98125 0.059375 0.0375