0 0.5796875 0.5 0.11796875 0.1390625
0 0.86640625 0.7875 0.10546875 0.1109375
0 0.7453125 0.7125 0.09609375 0.09609375
0 0.90859375 0.68125 0.0796875 0.08203125
0 0.58046875 0.83046875 0.1203125 0.134375
0 0.43359375 0.8890625 0.08203125 0.1203125
0 0.03984375 0.8109375 0.0796875 0.1421875
0 0.00859375 0.63359375 0.0171875 0.1390625
0 0.50390625 0.31015625 0.0578125 0.0796875
0 0.8171875 0.0375 0.084375 0.07421875
0 0.82421875 0.1140625 0.07421875 0.0765625
0 0.78515625 0.49375 0.09609375 0.0984375
0 0.709375 0.53828125 0.08671875 0.1203125
0 0.0265625 0.50625 0.053125 0.0984375
0 0.00625 0.4515625 0.01171875 0.0796875
0 0.30390625 0.14453125 0.178125 0.1828125
0 0.2359375 0.4234375 0.28828125 0.31953125
0 0.41015625 0.05625 0.1734375 0.1125
0 0.81484375 0.24765625 0.06484375 0.0765625
0 0.8484375 0.365625 0.07421875 0.0796875
0 0.6734375 0.375 0.0578125 0.0578125
0 0.646875 0.41796875 0.0578125 0.08203125