0 0.18984375 0.01171875 0.1109375 0.0234375
0 0.38203125 0.2265625 0.0546875 0.08125
0 0.46640625 0.346875 0.0484375 0.04375
0 0.5875 0.24921875 0.11328125 0.11328125
0 0.63203125 0.165625 0.0984375 0.0984375
0 0.6703125 0.10625 0.06953125 0.06953125
0 0.72421875 0.14921875 0.06015625 0.06015625
0 0.846875 0.12734375 0.13671875 0.13671875
0 0.84921875 0.24296875 0.11796875 0.11796875
0 0.778125 0.3265625 0.209375 0.084375
0 0.978125 0.28515625 0.04375 0.0796875
0 0.9828125 0.26328125 0.034375 0.1203125
0 0.98203125 0.19921875 0.0359375 0.0546875
0 0.92890625 0.109375 0.0765625 0.0765625
0 0.91015625 0.00625 0.0546875 0.0125
0 0.440625 0.2375 0.0625 0.071875
0 0.4734375 0.2125 0.07421875 0.07421875
0 0.4859375 0.14296875 0.0484375 0.0484375
0 0.5828125 0.05546875 0.0578125 0.0578125
0 0.30546875 0.9640625 0.06015625 0.0578125
0 0.303125 0.8953125 0.0578125 0.0578125
0 0.37734375 0.71875 0.0640625 0.075
0 0.25546875 0.725 0.06484375 0.0578125
0 0.23984375 0.67890625 0.05546875 0.0484375
0 0.33125 0.65 0.05078125 0.053125
0 0.3671875 0.6140625 0.05546875 0.0625
0 0.1640625 0.5046875 0.0578125 0.06484375
0 0.10234375 0.46796875 0.2046875 0.1984375
0 0.30703125 0.38359375 0.0578125 0.0296875
0 0.04609375 0.66328125 0.0671875 0.0796875
0 0.109375 0.65 0.0484375 0.0578125
0 0.059375 0.7640625 0.07421875 0.0796875
0 0.153125 0.82421875 0.053125 0.0484375
0 0.16171875 0.88671875 0.0578125 0.0578125
0 0.0953125 0.89140625 0.05078125 0.04296875
0 0.7109375 0.81875 0.10546875 0.0984375
0 0.43125 0.42734375 0.04375 0.1171875
0 0.66953125 0.578125 0.071875 0.0796875
0 0.91484375 0.609375 0.0796875 0.0671875