0 0.1015625 0.11796875 0.09140625 0.12265625
0 0.271875 0.115625 0.103125 0.12265625
0 0.38984375 0.26484375 0.06484375 0.0765625
0 0.41484375 0.15546875 0.0578125 0.0796875
0 0.62890625 0.2921875 0.125 0.13203125
0 0.85703125 0.28515625 0.1078125 0.10546875
0 0.84140625 0.4875 0.0625 0.0625
0 0.709375 0.06796875 0.071875 0.071875
0 0.97734375 0.08828125 0.0453125 0.0484375
0 0.990625 0.375 0.01875 0.084375
0 0.8359375 0.01640625 0.065625 0.0328125
0 0.92109375 0.01640625 0.0421875 0.0328125
0 0.5296875 0.16953125 0.040625 0.0453125
0 0.32734375 0.68671875 0.15390625 0.16796875
0 0.16875 0.6828125 0.0984375 0.1109375
0 0.11484375 0.72734375 0.07421875 0.07421875
0 0.02890625 0.73984375 0.0578125 0.2015625
0 0.20859375 0.88203125 0.053125 0.0671875
0 0.27578125 0.92421875 0.07421875 0.09140625
0 0.4203125 0.97734375 0.071875 0.0453125
0 0.484375 0.9828125 0.04375 0.034375
0 0.1578125 0.8328125 0.0578125 0.0578125
0 0.10546875 0.86796875 0.0453125 0.04296875
0 0.1015625 0.928125 0.04296875 0.0453125
0 0.14609375 0.953125 0.040625 0.03828125
0 0.47421875 0.82578125 0.0484375 0.05078125
0 0.36640625 0.8875 0.040625 0.040625
0 0.33515625 0.565625 0.0484375 0.0125
0 0.9671875 0.85703125 0.065625 0.1828125
0 0.9515625 0.72109375 0.096875 0.1203125
0 0.82265625 0.62265625 0.115625 0.115625
0 0.85390625 0.884375 0.1109375 0.11328125
0 0.7484375 0.846875 0.12265625 0.134375