0 0.91875 0.140625 0.1625 0.28125
0 0.9578125 0.30859375 0.084375 0.0859375
0 0.67265625 0.3265625 0.1046875 0.065625
0 0.84765625 0.01953125 0.0859375 0.0390625
0 0.05625 0.88515625 0.1125 0.1296875
0 0.13984375 0.8609375 0.10078125 0.10078125
0 0.24921875 0.91328125 0.12265625 0.12265625
0 0.2828125 0.9890625 0.075 0.021875
0 0.4375 0.82734375 0.1203125 0.1203125
0 0.3671875 0.67265625 0.084375 0.084375
0 0.19140625 0.7203125 0.10546875 0.10546875
0 0.43671875 0.45625 0.1296875 0.1296875
0 0.4484375 0.40234375 0.125 0.0859375
0 0.52734375 0.72109375 0.0453125 0.0953125
0 0.7515625 0.59453125 0.06953125 0.0671875
0 0.61484375 0.9890625 0.0765625 0.021875
0 0.95703125 0.965625 0.0828125 0.06875
0 0.8171875 0.76171875 0.0625 0.0625
0 0.8546875 0.68984375 0.05546875 0.0578125
0 0.9109375 0.73046875 0.0625 0.06015625