0 0.79296875 0.9015625 0.14921875 0.1109375
0 0.61796875 0.86796875 0.084375 0.06484375
0 0.51796875 0.89296875 0.08671875 0.071875
0 0.02890625 0.86171875 0.05078125 0.10078125
0 0.4796875 0.75 0.06953125 0.05546875
0 0.5328125 0.490625 0.084375 0.10546875
0 0.646875 0.39921875 0.0890625 0.05546875
0 0.66484375 0.2828125 0.146875 0.1078125
0 0.04296875 0.3125 0.0859375 0.134375
0 0.50625 0.14765625 0.0984375 0.0765625
0 0.384375 0.23828125 0.06953125 0.09375
0 0.196875 0.08515625 0.134375 0.08671875
0 0.7046875 0.12890625 0.09140625 0.084375
0 0.92890625 0.35 0.02890625 0.06953125
0 0.0296875 0.52421875 0.040625 0.06484375
0 0.0171875 0.64453125 0.03125 0.0625