0 0.13046875 0.42890625 0.0703125 0.0203125
0 0.075 0.1734375 0.084375 0.1109375
0 0.55078125 0.12265625 0.0421875 0.0609375
0 0.76484375 0.21953125 0.4703125 0.4390625
0 0.653125 0.09296875 0.0484375 0.053125
0 0.61171875 0.00625 0.0578125 0.0125
0 0.4390625 0.63671875 0.11328125 0.11328125
0 0.37734375 0.646875 0.09609375 0.09609375
0 0.40625 0.57890625 0.08203125 0.08203125
0 0.40546875 0.4734375 0.0796875 0.06875
0 0.00859375 0.56640625 0.0171875 0.0796875
0 0.66171875 0.9703125 0.2640625 0.059375
0 0.73359375 0.97890625 0.0921875 0.0421875
0 0.76796875 0.8953125 0.09375 0.10078125
0 0.66328125 0.9140625 0.0625 0.0671875
0 0.69921875 0.79140625 0.071875 0.0796875
0 0.65234375 0.70390625 0.09375 0.10546875
0 0.58125 0.67890625 0.0578125 0.053125
0 0.5671875 0.6140625 0.0484375 0.0625
0 0.7421875 0.6171875 0.06484375 0.0671875
0 0.9265625 0.9140625 0.071875 0.0890625
0 0.8796875 0.85625 0.06015625 0.05546875
0 0.86875 0.82265625 0.0453125 0.0484375
0 0.88828125 0.61015625 0.07421875 0.08671875
0 0.959375 0.46171875 0.08125 0.0453125