0 0.2921875 0.06796875 0.071875 0.0671875
0 0.4078125 0.28984375 0.09609375 0.115625
0 0.5109375 0.34375 0.05625 0.071875
0 0.58203125 0.08671875 0.0859375 0.1109375
0 0.646875 0.01796875 0.071875 0.0359375
0 0.5890625 0.23046875 0.06953125 0.071875
0 0.7265625 0.2125 0.12265625 0.165625
0 0.971875 0.16015625 0.05625 0.0984375
0 0.03828125 0.50703125 0.0765625 0.1140625
0 0.01640625 0.64453125 0.0328125 0.1203125
0 0.134375 0.953125 0.07421875 0.05078125
0 0.390625 0.95625 0.0671875 0.06484375
0 0.459375 0.97421875 0.065625 0.0515625
0 0.42421875 0.659375 0.2296875 0.5
0 0.15390625 0.61640625 0.13203125 0.15390625
0 0.68515625 0.5796875 0.10078125 0.1078125
0 0.7546875 0.66484375 0.0984375 0.09375
0 0.57890625 0.93671875 0.0796875 0.0984375
0 0.62109375 0.990625 0.1546875 0.01875
0 0.74609375 0.93046875 0.1671875 0.1390625
0 0.89375 0.54296875 0.2125 0.2390625