0 0.01796875 0.35234375 0.0359375 0.0640625
0 0.3859375 0.02421875 0.1125 0.0484375
0 0.42265625 0.22265625 0.09609375 0.09609375
0 0.1640625 0.16875 0.0671875 0.07421875
0 0.1921875 0.09609375 0.0671875 0.06953125
0 0.1 0.05234375 0.096875 0.1046875
0 0.1390625 0.38203125 0.04296875 0.04296875
0 0.2859375 0.53203125 0.059375 0.0359375
0 0.353125 0.528125 0.05625 0.04375
0 0.42890625 0.51484375 0.0625 0.053125
0 0.965625 0.0734375 0.06875 0.096875
0 0.84140625 0.0875 0.0671875 0.0484375
0 0.853125 0.140625 0.06953125 0.053125
0 0.603125 0.0875 0.0796875 0.10546875
0 0.71875 0.21171875 0.06015625 0.08203125
0 0.7515625 0.128125 0.0359375 0.05546875
0 0.49453125 0.10625 0.0296875 0.10625
0 0.540625 0.50078125 0.0890625 0.08671875
0 0.6671875 0.45546875 0.06953125 0.08203125
0 0.121875 0.90859375 0.13671875 0.11328125
0 0.03203125 0.73359375 0.0640625 0.0765625
0 0.3375 0.6671875 0.0625 0.0578125
0 0.42265625 0.93359375 0.05546875 0.06953125
0 0.93359375 0.975 0.0890625 0.05
0 0.97578125 0.934375 0.0484375 0.0625
0 0.93203125 0.88046875 0.06953125 0.0671875
0 0.74375 0.7 0.1078125 0.1203125
0 0.828125 0.69296875 0.0796875 0.0765625