0 0.82109375 0.103125 0.10078125 0.103125
0 0.80546875 0.20546875 0.0984375 0.103125
0 0.68984375 0.2921875 0.07421875 0.07421875
0 0.7453125 0.303125 0.06953125 0.0765625
0 0.87734375 0.28828125 0.084375 0.09609375
0 0.96640625 0.30078125 0.0671875 0.0625
0 0.4359375 0.1046875 0.10078125 0.07421875
0 0.6578125 0.07421875 0.06484375 0.06484375
0 0.634375 0.0015625 0.06953125 0.00234375
0 0.2140625 0.14296875 0.06015625 0.071875
0 0.146875 0.14765625 0.06015625 0.0671875
0 0.10546875 0.30546875 0.2015625 0.2015625
0 0.1828125 0.3765625 0.0765625 0.06484375
0 0.1734375 0.02734375 0.06875 0.0546875
0 0.078125 0.00859375 0.08671875 0.0171875
0 0.57109375 0.73671875 0.11328125 0.11328125
0 0.60703125 0.50703125 0.09609375 0.09609375
0 0.3484375 0.5609375 0.0671875 0.07421875
0 0.3765625 0.63359375 0.0671875 0.06953125
0 0.28515625 0.67890625 0.09609375 0.1078125
0 0.1515625 0.971875 0.084375 0.05625
0 0.6875 0.78828125 0.07421875 0.07421875
0 0.6984375 0.63125 0.05546875 0.06484375
0 0.60703125 0.14453125 0.06015625 0.06015625
0 0.57578125 0.10078125 0.0484375 0.0484375
0 0.3234375 0.34765625 0.04296875 0.04296875
0 0.47109375 0.19140625 0.06015625 0.0484375
0 0.53828125 0.1921875 0.05546875 0.06015625
0 0.61328125 0.21484375 0.0625 0.053125