0 0.19609375 0.95625 0.1046875 0.0875
0 0.2140625 0.86171875 0.103125 0.103125
0 0.334375 0.775 0.0796875 0.0765625
0 0.2765625 0.7640625 0.07421875 0.0796875
0 0.13828125 0.77890625 0.08671875 0.0984375
0 0.0453125 0.7671875 0.071875 0.0625
0 0.0046875 0.7859375 0.009375 0.071875
0 0.6 0.9640625 0.10546875 0.071875
0 0.36875 0.98046875 0.0671875 0.03828125
0 0.83203125 0.92578125 0.0625 0.071875
0 0.90234375 0.9203125 0.0625 0.0671875
0 0.91953125 0.7609375 0.1609375 0.2046875
0 0.8640625 0.68984375 0.08203125 0.06484375
0 0.459375 0.32421875 0.11796875 0.11328125
0 0.4203125 0.55625 0.10078125 0.0984375
0 0.69140625 0.50234375 0.071875 0.0765625
0 0.6625 0.42890625 0.071875 0.06953125
0 0.75859375 0.38203125 0.10078125 0.1078125
0 0.896875 0.07421875 0.08671875 0.0796875
0 0.33671875 0.27265625 0.0796875 0.0765625
0 0.32578125 0.43125 0.0578125 0.06484375
0 0.4203125 0.92421875 0.0625 0.06015625
0 0.4546875 0.96875 0.05078125 0.0484375
0 0.7171875 0.71875 0.0453125 0.04296875
0 0.5640625 0.87734375 0.0625 0.0484375
0 0.49140625 0.8765625 0.0578125 0.06015625
0 0.41484375 0.85234375 0.06484375 0.053125