0 0.3765625 0.0734375 0.084375 0.146875
0 0.3578125 0.11953125 0.0765625 0.06015625
0 0.01640625 0.453125 0.0328125 0.103125
0 0.1953125 0.290625 0.0671875 0.06953125
0 0.16796875 0.3578125 0.0671875 0.06484375
0 0.2578125 0.40078125 0.09375 0.0984375
0 0.21953125 0.0921875 0.040625 0.03828125
0 0.92890625 0.0359375 0.0953125 0.071875
0 0.4484375 0.2671875 0.059375 0.090625
0 0.4671875 0.04921875 0.0578125 0.0796875
0 0.89140625 0.33125 0.09140625 0.0796875
0 0.8625 0.22109375 0.0796875 0.0671875
0 0.6375 0.384375 0.071875 0.071875
0 0.59453125 0.40703125 0.0625 0.06015625
0 0.4921875 0.428125 0.05078125 0.05078125
0 0.46875 0.38359375 0.0796875 0.08203125
0 0.4375 0.54140625 0.0375 0.0359375
0 0.3765625 0.75390625 0.06484375 0.084375
0 0.40390625 0.8375 0.0296875 0.103125
0 0.378125 0.578125 0.08125 0.0375