0 0.81015625 0.69609375 0.1421875 0.165625
0 0.740625 0.428125 0.0765625 0.08203125
0 0.8328125 0.4703125 0.06484375 0.0796875
0 0.75234375 0.515625 0.08671875 0.08671875
0 0.665625 0.765625 0.084375 0.07421875
0 0.3765625 0.71640625 0.06953125 0.0671875
0 0.1421875 0.7828125 0.0796875 0.06953125
0 0.171875 0.2234375 0.08203125 0.1078125
0 0.240625 0.29453125 0.0765625 0.0765625
0 0.4984375 0.15390625 0.05546875 0.0625
0 0.5828125 0.3265625 0.08203125 0.10546875
0 0.7390625 0.2765625 0.06015625 0.0796875
0 0.7921875 0.30625 0.0984375 0.07421875
0 0.84765625 0.17421875 0.08203125 0.09140625
0 0.67890625 0.12890625 0.0578125 0.0578125
0 0.634375 0.171875 0.06953125 0.0578125
0 0.678125 0.21640625 0.0578125 0.0671875
0 0.4421875 0.54921875 0.0625 0.0625
0 0.4796875 0.62109375 0.05546875 0.0578125
0 0.5359375 0.58046875 0.0625 0.06015625