0 0.18984375 0.30390625 0.1421875 0.165625
0 0.259375 0.571875 0.0765625 0.08203125
0 0.1671875 0.5296875 0.06484375 0.0796875
0 0.24765625 0.484375 0.08671875 0.08671875
0 0.334375 0.234375 0.084375 0.07421875
0 0.6234375 0.28359375 0.06953125 0.0671875
0 0.8578125 0.2171875 0.0796875 0.06953125
0 0.828125 0.7765625 0.08203125 0.1078125
0 0.759375 0.70546875 0.0765625 0.0765625
0 0.5015625 0.84609375 0.05546875 0.0625
0 0.4171875 0.6734375 0.08203125 0.10546875
0 0.2609375 0.7234375 0.06015625 0.0796875
0 0.2078125 0.69375 0.0984375 0.07421875
0 0.15234375 0.82578125 0.08203125 0.09140625
0 0.32109375 0.87109375 0.0578125 0.0578125
0 0.365625 0.828125 0.06953125 0.0578125
0 0.321875 0.78359375 0.0578125 0.0671875
0 0.5578125 0.45078125 0.0625 0.0625
0 0.5203125 0.37890625 0.05546875 0.0578125
0 0.4640625 0.41953125 0.0625 0.06015625