0 0.1890625 0.30546875 0.1421875 0.165625
0 0.259375 0.5734375 0.0765625 0.084375
0 0.1671875 0.5328125 0.06484375 0.0796875
0 0.24765625 0.4859375 0.08671875 0.08671875
0 0.3328125 0.2359375 0.084375 0.07421875
0 0.62265625 0.28359375 0.06953125 0.0671875
0 0.85703125 0.21484375 0.0796875 0.06953125
0 0.8296875 0.77421875 0.084375 0.1078125
0 0.7609375 0.7046875 0.0765625 0.0765625
0 0.50234375 0.84609375 0.05546875 0.0625
0 0.41796875 0.6734375 0.084375 0.10546875
0 0.26171875 0.725 0.06015625 0.0796875
0 0.209375 0.69453125 0.0984375 0.07421875
0 0.15390625 0.828125 0.084375 0.09140625
0 0.321875 0.87265625 0.06015625 0.0578125
0 0.36640625 0.8296875 0.06953125 0.0578125
0 0.3234375 0.78515625 0.0578125 0.0671875
0 0.5578125 0.45078125 0.0625 0.0625
0 0.5203125 0.37890625 0.05546875 0.0578125
0 0.4640625 0.41953125 0.0625 0.06015625