0 0.39765625 0.31953125 0.0640625 0.1078125
0 0.41171875 0.409375 0.0359375 0.115625
0 0.07109375 0.09921875 0.0796875 0.08203125
0 0.2125 0.259375 0.12265625 0.13671875
0 0.37890625 0.1609375 0.09140625 0.10078125
0 0.4046875 0.1765625 0.05 0.10625
0 0.26953125 0.0296875 0.0828125 0.059375
0 0.23046875 0.0796875 0.09375 0.0796875
0 0.29296875 0.11484375 0.08203125 0.08671875
0 0.109375 0.5328125 0.0890625 0.084375
0 0.17109375 0.58984375 0.0765625 0.0578125
0 0.225 0.5390625 0.0890625 0.08203125
0 0.98828125 0.3671875 0.0234375 0.103125
0 0.965625 0.0265625 0.06875 0.053125
0 0.46484375 0.2828125 0.0703125 0.10625
0 0.503125 0.2390625 0.09609375 0.0796875
0 0.4453125 0.21953125 0.03125 0.0734375
0 0.02265625 0.775 0.0453125 0.071875
0 0.06796875 0.834375 0.1109375 0.09375
0 0.13203125 0.953125 0.1109375 0.09375
0 0.21328125 0.8890625 0.0578125 0.08203125
0 0.3265625 0.72109375 0.115625 0.12734375
0 0.6640625 0.91875 0.26875 0.1625
0 0.9640625 0.925 0.071875 0.134375
0 0.98359375 0.734375 0.0328125 0.0875
0 0.7515625 0.74140625 0.0625 0.0625
0 0.8421875 0.75703125 0.06484375 0.05546875
0 0.590625 0.79296875 0.071875 0.0796875