0 0.12734375 0.49765625 0.21640625 0.2234375
0 0.33984375 0.6875 0.11328125 0.115625
0 0.23671875 0.70546875 0.10078125 0.10546875
0 0.2796875 0.6203125 0.125 0.125
0 0.21171875 0.3546875 0.115625 0.11328125
0 0.49140625 0.23046875 0.0984375 0.0984375
0 0.65546875 0.0453125 0.1078125 0.090625
0 0.940625 0.53828125 0.11875 0.1421875
0 0.85 0.5171875 0.1078125 0.1078125
0 0.70546875 0.7875 0.084375 0.08671875
0 0.53515625 0.68515625 0.13203125 0.1390625
0 0.428125 0.81875 0.09609375 0.103125
0 0.3640625 0.8234375 0.12734375 0.1203125
0 0.3921875 0.953125 0.12265625 0.09375
0 0.5640625 0.9125 0.084375 0.08203125
0 0.578125 0.8484375 0.09140625 0.0890625
0 0.5140625 0.83515625 0.08671875 0.09140625
0 0.52890625 0.41328125 0.09140625 0.09140625
0 0.45546875 0.37109375 0.0796875 0.0796875
0 0.43046875 0.43984375 0.0890625 0.0890625