0 0.1921875 0.36953125 0.059375 0.0203125
0 0.07734375 0.2125 0.07421875 0.071875
0 0.25546875 0.103125 0.0484375 0.08125
0 0.63203125 0.115625 0.05546875 0.053125
0 0.47265625 0.1359375 0.0484375 0.06015625
0 0.4125 0.12265625 0.040625 0.0359375
0 0.4078125 0.084375 0.0578125 0.0578125
0 0.37265625 0.10390625 0.0359375 0.04296875
0 0.3109375 0.08125 0.05078125 0.053125
0 0.3578125 0.309375 0.10546875 0.11796875
0 0.38671875 0.20234375 0.05078125 0.05546875
0 0.46875 0.27109375 0.06484375 0.06484375
0 0.571875 0.3390625 0.05546875 0.053125
0 0.88125 0.3640625 0.084375 0.03125
0 0.78828125 0.309375 0.05546875 0.0625
0 0.728125 0.3453125 0.05078125 0.0484375
0 0.98046875 0.25703125 0.0390625 0.0640625
0 0.93359375 0.20703125 0.05546875 0.05546875
0 0.7125 0.16875 0.11328125 0.10078125
0 0.6546875 0.1953125 0.0453125 0.053125
0 0.91875 0.0125 0.065625 0.025
0 0.96171875 0.03046875 0.0484375 0.05546875
0 0.6109375 0.01953125 0.065625 0.0390625
0 0.0890625 0.5234375 0.178125 0.25
0 0.12265625 0.70859375 0.06484375 0.06953125
0 0.16953125 0.721875 0.0765625 0.06015625
0 0.24765625 0.9640625 0.0640625 0.071875
0 0.759375 0.92421875 0.1875 0.1515625
0 0.4828125 0.98828125 0.103125 0.0234375
0 0.340625 0.82734375 0.0984375 0.115625
0 0.41796875 0.396875 0.0671875 0.034375
0 0.4 0.45078125 0.06484375 0.0765625
0 0.44375 0.57578125 0.06953125 0.0765625
0 0.40546875 0.71796875 0.071875 0.0890625
0 0.5609375 0.56015625 0.1109375 0.1421875