0 0.16875 0.10859375 0.16796875 0.178125
0 0.14453125 0.23984375 0.0671875 0.08203125
0 0.053125 0.3359375 0.0890625 0.09609375
0 0.015625 0.05703125 0.03125 0.1140625
0 0.04375 0.215625 0.06953125 0.071875
0 0.23984375 0.4546875 0.0984375 0.09609375
0 0.4921875 0.07265625 0.13203125 0.12734375
0 0.54296875 0.12109375 0.0515625 0.1140625
0 0.3484375 0.06953125 0.14375 0.1390625
0 0.8625 0.3765625 0.275 0.325
0 0.66953125 0.1890625 0.0625 0.084375
0 0.603125 0.1578125 0.05078125 0.0578125
0 0.784375 0.0375 0.1625 0.075
0 0.4609375 0.98828125 0.096875 0.0234375
0 0.4375 0.93984375 0.09375 0.0984375
0 0.33046875 0.8765625 0.071875 0.071875
0 0.37578125 0.86171875 0.0671875 0.07421875
0 0.49140625 0.8609375 0.08203125 0.09375
0 0.55078125 0.840625 0.0359375 0.059375
0 0.23671875 0.6984375 0.09140625 0.09375
0 0.02109375 0.678125 0.0421875 0.071875
0 0.02890625 0.6171875 0.0578125 0.05625
0 0.30234375 0.60078125 0.0546875 0.0234375
0 0.27421875 0.99140625 0.0578125 0.0171875
0 0.015625 0.865625 0.03125 0.040625
0 0.15234375 0.98046875 0.0578125 0.0390625
0 0.209375 0.97421875 0.053125 0.0515625
0 0.271875 0.94921875 0.06015625 0.05078125
0 0.79296875 0.76875 0.2765625 0.28359375
0 0.84765625 0.6234375 0.1296875 0.06875
0 0.94296875 0.684375 0.1140625 0.165625
0 0.64921875 0.928125 0.1609375 0.14375
0 0.75 0.978125 0.18125 0.04375