0 0.03828125 0.37578125 0.0765625 0.1484375
0 0.29375 0.2859375 0.13671875 0.134375
0 0.3828125 0.3171875 0.115625 0.11796875
0 0.1546875 0.31484375 0.14921875 0.14921875
0 0.57109375 0.41328125 0.1265625 0.0734375
0 0.4515625 0.140625 0.09375 0.09609375
0 0.76171875 0.23359375 0.0796875 0.0671875
0 0.7 0.29140625 0.08125 0.0703125
0 0.95 0.01171875 0.1 0.0234375
0 0.80546875 0.3875 0.09140625 0.115625
0 0.33671875 0.4984375 0.1046875 0.096875
0 0.4109375 0.62890625 0.1296875 0.12734375
0 0.36171875 0.69375 0.1390625 0.1390625
0 0.575 0.79140625 0.16875 0.2015625
0 0.5265625 0.978125 0.121875 0.04375
0 0.1390625 0.90859375 0.278125 0.1828125
0 0.0484375 0.88046875 0.096875 0.1109375
0 0.084375 0.76328125 0.103125 0.103125
0 0.0328125 0.62109375 0.065625 0.1421875
0 0.10546875 0.55 0.0984375 0.0984375
0 0.10625 0.46484375 0.1125 0.0296875
0 0.1984375 0.553125 0.0890625 0.08671875
0 0.165625 0.59375 0.08203125 0.08203125
0 0.14296875 0.64453125 0.07421875 0.07421875
0 0.5078125 0.4625 0.10625 0.025
0 0.58125 0.5171875 0.15625 0.134375
0 0.32109375 0.85234375 0.16796875 0.16796875
0 0.8015625 0.46484375 0.1375 0.0296875
0 0.67578125 0.56328125 0.0328125 0.1765625
0 0.68125 0.77734375 0.04375 0.1078125
0 0.8328125 0.62421875 0.22109375 0.2234375
0 0.7640625 0.66875 0.0796875 0.084375
0 0.75546875 0.71328125 0.06953125 0.06953125
0 0.8796875 0.94140625 0.190625 0.1171875
0 0.96484375 0.89296875 0.0703125 0.1671875
0 0.696875 0.91796875 0.075 0.1640625