0 0.07578125 0.40390625 0.1203125 0.1296875
0 0.0078125 0.3015625 0.015625 0.071875
0 0.0125 0.0671875 0.025 0.071875
0 0.3828125 0.3 0.103125 0.09140625
0 0.4328125 0.22109375 0.0765625 0.0890625
0 0.25546875 0.36484375 0.1078125 0.103125
0 0.50078125 0.02578125 0.0859375 0.0515625
0 0.5765625 0.31484375 0.025 0.0703125
0 0.74375 0.3875 0.07421875 0.0796875
0 0.9515625 0.39453125 0.096875 0.1484375
0 0.9 0.4078125 0.053125 0.06484375
0 0.8671875 0.37734375 0.0484375 0.053125
0 0.81328125 0.08828125 0.1296875 0.14453125
0 0.671875 0.05859375 0.125 0.1171875
0 0.9546875 0.07890625 0.090625 0.1234375
0 0.67109375 0.36953125 0.06484375 0.0625
0 0.66875 0.2671875 0.084375 0.1421875
0 0.6234375 0.3046875 0.05546875 0.05078125
0 0.571875 0.67578125 0.034375 0.1359375
0 0.47890625 0.9421875 0.053125 0.053125
0 0.1703125 0.8734375 0.08671875 0.09375
0 0.1546875 0.58515625 0.06484375 0.0671875
0 0.378125 0.53359375 0.0765625 0.08203125
0 0.6703125 0.56015625 0.06015625 0.071875
0 0.89140625 0.946875 0.06015625 0.0453125