0 0.61328125 0.40078125 0.0328125 0.0765625
0 0.41640625 0.0296875 0.0796875 0.059375
0 0.21484375 0.2015625 0.07421875 0.09140625
0 0.16796875 0.134375 0.0671875 0.0765625
0 0.10546875 0.059375 0.0796875 0.06484375
0 0.11171875 0.35 0.0765625 0.08671875
0 0.0453125 0.37109375 0.07421875 0.06484375
0 0.284375 0.37890625 0.06484375 0.06015625
0 0.86171875 0.4046875 0.2390625 0.06875
0 0.875 0.228125 0.10078125 0.10078125
0 0.8515625 0.159375 0.07421875 0.07421875
0 0.8625 0.10234375 0.06484375 0.06484375
0 0.69296875 0.13671875 0.0796875 0.0796875
0 0.703125 0.06875 0.0765625 0.0765625
0 0.925 0.359375 0.08203125 0.08203125
0 0.35078125 0.81953125 0.0671875 0.071875
0 0.06953125 0.8890625 0.1390625 0.221875
0 0.51171875 0.98125 0.1109375 0.0375
0 0.1125 0.59609375 0.0796875 0.0765625
0 0.2484375 0.74609375 0.05546875 0.06015625
0 0.4296875 0.64375 0.06484375 0.06484375
0 0.31953125 0.64375 0.03828125 0.03359375
0 0.284375 0.64140625 0.0265625 0.0453125
0 0.196875 0.66796875 0.03125 0.03125
0 0.23203125 0.446875 0.0359375 0.015625
0 0.3546875 0.4875 0.03359375 0.0578125
0 0.53359375 0.49609375 0.0671875 0.07421875
0 0.58984375 0.4796875 0.0453125 0.04296875
0 0.1984375 0.53828125 0.040625 0.053125
0 0.56015625 0.909375 0.10078125 0.08671875
0 0.4796875 0.8390625 0.0578125 0.0671875
0 0.48671875 0.75234375 0.03359375 0.040625
0 0.5046875 0.6140625 0.0578125 0.0578125
0 0.86171875 0.48125 0.1171875 0.084375
0 0.70078125 0.91171875 0.1421875 0.1359375
0 0.9015625 0.60625 0.0671875 0.05078125
0 0.696875 0.55703125 0.06015625 0.06484375