0 0.0171875 0.1796875 0.034375 0.08125
0 0.05078125 0.059375 0.08203125 0.0796875
0 0.0890625 0.09140625 0.053125 0.0453125
0 0.203125 0.0578125 0.053125 0.0484375
0 0.23671875 0.1578125 0.0671875 0.0625
0 0.1515625 0.23671875 0.0453125 0.06484375
0 0.6390625 0.1125 0.0890625 0.08671875
0 0.9328125 0.10546875 0.071875 0.06953125
0 0.975 0.08203125 0.05 0.0703125
0 0.66953125 0.2453125 0.071875 0.071875
0 0.47265625 0.43828125 0.0328125 0.0921875
0 0.40859375 0.82578125 0.10546875 0.08671875
0 0.95859375 0.8828125 0.0828125 0.146875
0 0.8609375 0.8296875 0.09609375 0.11796875
0 0.63125 0.84765625 0.18515625 0.19453125
0 0.80390625 0.6015625 0.08203125 0.084375