0 0.55859375 0.8921875 0.09140625 0.09375
0 0.8890625 0.93125 0.0578125 0.0453125
0 0.86875 0.65 0.0578125 0.06953125
0 0.91953125 0.6078125 0.06015625 0.06015625
0 0.8015625 0.50703125 0.1203125 0.10546875
0 0.709375 0.3125 0.1609375 0.1703125
0 0.490625 0.14921875 0.0796875 0.0890625
0 0.3015625 0.3078125 0.06484375 0.0984375
0 0.353125 0.43125 0.05546875 0.0578125
0 0.42421875 0.3078125 0.0578125 0.0578125
0 0.553125 0.7515625 0.05546875 0.0359375
0 0.725 0.8421875 0.0453125 0.05546875
0 0.19375 0.4671875 0.0578125 0.06484375