0 0.06015625 0.10234375 0.11328125 0.115625
0 0.09453125 0.2390625 0.0625 0.05078125
0 0.2328125 0.103125 0.06015625 0.06484375
0 0.76640625 0.0515625 0.1390625 0.103125
0 0.709375 0.1765625 0.0796875 0.06953125
0 0.43828125 0.228125 0.09375 0.08671875
0 0.3734375 0.0828125 0.06875 0.09375
0 0.3578125 0.01796875 0.0375 0.0359375
0 0.16953125 0.79296875 0.3390625 0.4140625
0 0.034375 0.6484375 0.06875 0.259375
0 0.3109375 0.57890625 0.05625 0.1328125
0 0.70859375 0.9125 0.3484375 0.175
0 0.384375 0.97421875 0.090625 0.0515625
0 0.36171875 0.82265625 0.0453125 0.1109375
0 0.37578125 0.91640625 0.0734375 0.0796875
0 0.46171875 0.91796875 0.053125 0.053125
0 0.80390625 0.653125 0.303125 0.30078125
0 0.7296875 0.5359375 0.084375 0.084375
0 0.68359375 0.58984375 0.08203125 0.084375
0 0.94453125 0.5703125 0.0984375 0.0984375
0 0.97265625 0.83203125 0.0546875 0.0984375