0 0.25 0.2390625 0.11875 0.128125
0 0.50703125 0.25546875 0.09140625 0.084375
0 0.4640625 0.17265625 0.09140625 0.08203125
0 0.4359375 0.08046875 0.103125 0.09140625
0 0.41484375 0.0140625 0.0765625 0.028125
0 0.5765625 0.07421875 0.09375 0.0890625
0 0.71484375 0.221875 0.08671875 0.07421875
0 0.83671875 0.34140625 0.1171875 0.0765625
0 0.9796875 0.12421875 0.040625 0.0796875
0 0.95 0.0359375 0.1 0.071875
0 0.23515625 0.6390625 0.1484375 0.15625
0 0.753125 0.63359375 0.071875 0.071875
0 0.5890625 0.51796875 0.0984375 0.07421875
0 0.60703125 0.603125 0.06015625 0.0765625
0 0.5765625 0.746875 0.053125 0.0484375
0 0.36015625 0.79921875 0.02890625 0.0453125
0 0.99140625 0.89140625 0.0171875 0.0484375
0 0.6140625 0.85078125 0.05078125 0.0578125
0 0.41953125 0.8609375 0.0578125 0.0578125
0 0.77421875 0.96796875 0.04296875 0.0578125