0 0.8125 0.0765625 0.19375 0.153125
0 0.978125 0.12109375 0.04375 0.0890625
0 0.575 0.05234375 0.103125 0.1046875
0 0.69765625 0.3 0.09375 0.09140625
0 0.84375 0.48515625 0.0625 0.0625
0 0.82265625 0.55234375 0.1140625 0.0953125
0 0.096875 0.8984375 0.19375 0.203125
0 0.240625 0.75234375 0.12734375 0.12734375
0 0.04140625 0.61484375 0.0640625 0.0296875
0 0.80546875 0.953125 0.1890625 0.09375
0 0.83203125 0.88046875 0.1203125 0.115625
0 0.5 0.8 0.321875 0.4
0 0.85703125 0.76015625 0.2859375 0.2640625