0 0.5625 0.225 0.0796875 0.08671875
0 0.37421875 0.2328125 0.0578125 0.04296875
0 0.428125 0.4875 0.03359375 0.03359375
0 0.965625 0.04296875 0.0625 0.0859375
0 0.8859375 0.13125 0.06484375 0.08203125
0 0.98203125 0.48984375 0.0359375 0.0609375
0 0.83125 0.01328125 0.103125 0.0265625
0 0.92109375 0.34296875 0.06484375 0.06484375
0 0.665625 0.30546875 0.05078125 0.03828125
0 0.12265625 0.559375 0.0859375 0.040625
0 0.80234375 0.6421875 0.18046875 0.17578125
0 0.88515625 0.78125 0.17578125 0.1703125
0 0.71640625 0.84765625 0.1953125 0.2171875