0 0.175 0.09140625 0.35 0.1828125
0 0.159375 0.22578125 0.165625 0.0484375
0 0.25 0.078125 0.06015625 0.06015625
0 0.63046875 0.2375 0.0609375 0.025
0 0.77109375 0.23984375 0.0578125 0.0203125
0 0.9890625 0.15859375 0.021875 0.0640625
0 0.9265625 0.13203125 0.05078125 0.0453125
0 0.921875 0.084375 0.03359375 0.0359375
0 0.7921875 0.0453125 0.0625 0.08671875
0 0.79375 0.1828125 0.06953125 0.0765625
0 0.4234375 0.1171875 0.146875 0.15625
0 0.10859375 0.29375 0.08203125 0.07421875
0 0.0125 0.40703125 0.025 0.1421875
0 0.21875 0.8703125 0.11328125 0.11796875
0 0.10390625 0.753125 0.084375 0.103125
0 0.03359375 0.83671875 0.06015625 0.05546875
0 0.29375 0.26875 0.040625 0.0375
0 0.74453125 0.4640625 0.125 0.1515625
0 0.8640625 0.40234375 0.12265625 0.10546875
0 0.6328125 0.50703125 0.09140625 0.071875
0 0.75 0.9234375 0.115625 0.10546875
0 0.7859375 0.81640625 0.103125 0.084375
0 0.90859375 0.60078125 0.07421875 0.08671875
0 0.9578125 0.803125 0.06484375 0.0625