0 0.37734375 0.33203125 0.5046875 0.1546875
0 0.3421875 0.140625 0.146875 0.1921875
0 0.19765625 0.10625 0.209375 0.21171875
0 0.1265625 0.153125 0.0578125 0.06953125
0 0.01484375 0.09765625 0.0296875 0.0453125
0 0.02734375 0.2875 0.0484375 0.0578125
0 0.0125 0.028125 0.025 0.05625
0 0.346875 0.01328125 0.0625 0.0265625
0 0.51640625 0.1953125 0.071875 0.05078125
0 0.2625 0.35234375 0.05546875 0.0578125
0 0.56328125 0.14296875 0.03828125 0.0359375
0 0.934375 0.34375 0.13125 0.13125
0 0.7109375 0.325 0.06953125 0.06953125
0 0.68203125 0.2546875 0.1046875 0.121875
0 0.6515625 0.128125 0.04375 0.090625
0 0.66015625 0.028125 0.0609375 0.05625
0 0.90078125 0.03515625 0.1421875 0.0703125
0 0.9390625 0.1390625 0.121875 0.146875
0 0.428125 0.7046875 0.403125 0.590625
0 0.22578125 0.46875 0.1203125 0.11875
0 0.0765625 0.6359375 0.06015625 0.0796875
0 0.790625 0.621875 0.05546875 0.05078125
0 0.65078125 0.83359375 0.0421875 0.0546875