0 0.1828125 0.29375 0.365625 0.15
0 0.03515625 0.15859375 0.0703125 0.2234375
0 0.02734375 0.02890625 0.0546875 0.0578125
0 0.1984375 0.02734375 0.115625 0.0546875
0 0.38671875 0.1578125 0.2859375 0.315625
0 0.48984375 0.309375 0.0796875 0.0875
0 0.49609375 0.35078125 0.0671875 0.0359375
0 0.13359375 0.2546875 0.08203125 0.06484375
0 0.19140625 0.21640625 0.0484375 0.0453125
0 0.90859375 0.32265625 0.1109375 0.0921875
0 0.8765625 0.1046875 0.09375 0.09375
0 0.75390625 0.10390625 0.115625 0.115625
0 0.6640625 0.02578125 0.071875 0.0515625
0 0.5546875 0.13203125 0.05 0.0921875
0 0.5515625 0.18515625 0.04375 0.0765625
0 0.59765625 0.2625 0.0984375 0.0984375
0 0.82265625 0.25625 0.21640625 0.2140625
0 0.73203125 0.33828125 0.0734375 0.0609375
0 0.4875 0.4609375 0.084375 0.184375
0 0.2953125 0.734375 0.46875 0.53125
0 0.4140625 0.3875 0.134375 0.0375
0 0.3875 0.471875 0.06953125 0.06953125
0 0.2640625 0.43125 0.0984375 0.10078125
0 0.27578125 0.63359375 0.06484375 0.06484375
0 0.61953125 0.6203125 0.115625 0.11328125
0 0.6515625 0.709375 0.1109375 0.12265625
0 0.60625 0.4 0.0765625 0.0625
0 0.85390625 0.68515625 0.0671875 0.06953125
0 0.8609375 0.62578125 0.0578125 0.0578125
0 0.76015625 0.6625 0.06484375 0.08203125
0 0.67421875 0.98046875 0.0859375 0.0390625
0 0.88515625 0.8890625 0.0625 0.0671875
0 0.5765625 0.5046875 0.0625 0.06953125