0 0.59921875 0.5 0.0609375 0.059375
0 0.609375 0.384375 0.040625 0.059375
0 0.53515625 0.37109375 0.0796875 0.0984375
0 0.48125 0.415625 0.0453125 0.06015625
0 0.28046875 0.3484375 0.5609375 0.3625
0 0.334375 0.075 0.15625 0.15
0 0.48515625 0.0609375 0.2203125 0.121875
0 0.56171875 0.05859375 0.06015625 0.07421875
0 0.15078125 0.10390625 0.07421875 0.05546875
0 0.378125 0.38515625 0.0484375 0.053125
0 0.41875 0.275 0.0578125 0.06015625
0 0.1015625 0.04765625 0.040625 0.040625
0 0.640625 0.03828125 0.021875 0.0765625
0 0.68125 0.01640625 0.103125 0.0328125
0 0.84375 0.25703125 0.3125 0.5140625
0 0.33125 0.70625 0.471875 0.353125
0 0.48359375 0.5828125 0.1203125 0.10625
0 0.28125 0.8453125 0.084375 0.0796875
0 0.3609375 0.83125 0.08671875 0.103125
0 0.184375 0.80078125 0.0671875 0.0578125
0 0.59140625 0.71796875 0.0765625 0.0890625
0 0.02109375 0.65859375 0.0421875 0.0828125
0 0.83984375 0.89296875 0.0578125 0.06953125
0 0.7078125 0.61015625 0.08203125 0.09140625
0 0.72109375 0.55 0.0890625 0.040625
0 0.9921875 0.56953125 0.015625 0.0671875