0 0.34765625 0.20859375 0.0640625 0.1171875
0 0.3015625 0.17109375 0.0578125 0.071875
0 0.18984375 0.1796875 0.3796875 0.359375
0 0.19765625 0.21953125 0.0578125 0.0625
0 0.25703125 0.32578125 0.0703125 0.0671875
0 0.94921875 0.3484375 0.0703125 0.021875
0 0.88828125 0.33359375 0.0328125 0.0515625
0 0.98671875 0.31796875 0.0265625 0.0359375
0 0.95703125 0.2421875 0.05078125 0.0453125
0 0.9046875 0.2109375 0.0578125 0.05546875
0 0.8546875 0.08359375 0.0765625 0.10078125
0 0.69296875 0.3203125 0.053125 0.071875
0 0.60390625 0.21484375 0.0578125 0.0765625
0 0.46953125 0.2375 0.071875 0.084375
0 0.38515625 0.14375 0.0109375 0.09375
0 0.28515625 0.809375 0.1890625 0.3625
0 0.17421875 0.96171875 0.1203125 0.0765625
0 0.11171875 0.40078125 0.0953125 0.0828125
0 0.6109375 0.9203125 0.0484375 0.0453125
0 0.771875 0.93125 0.03828125 0.05546875
0 0.82890625 0.95703125 0.03359375 0.03125
0 0.82578125 0.984375 0.0484375 0.03125
0 0.8625 0.98125 0.028125 0.0375
0 0.91796875 0.78359375 0.08671875 0.103125
0 0.86875 0.88359375 0.040625 0.0484375
0 0.80078125 0.80078125 0.05546875 0.0578125
0 0.71328125 0.7125 0.0484375 0.04296875
0 0.83125 0.546875 0.0671875 0.071875
0 0.86875 0.52265625 0.05546875 0.05078125
0 0.93125 0.53125 0.0578125 0.0578125
0 0.9953125 0.49296875 0.009375 0.0671875
0 0.41875 0.60546875 0.071875 0.0671875
0 0.49453125 0.7015625 0.0453125 0.05546875
0 0.5609375 0.678125 0.04296875 0.040625
0 0.71796875 0.47265625 0.0578125 0.0578125
0 0.69453125 0.38515625 0.0921875 0.0515625
0 0.54296875 0.853125 0.0984375 0.084375
0 0.603125 0.8390625 0.0359375 0.0484375
0 0.5328125 0.56953125 0.04296875 0.053125