0 0.21640625 0.09765625 0.2890625 0.1953125
0 0.0453125 0.18046875 0.06484375 0.0890625
0 0.03359375 0.47265625 0.0671875 0.0734375
0 0.240625 0.425 0.196875 0.16875
0 0.49140625 0.396875 0.05546875 0.06015625
0 0.44296875 0.48046875 0.0671875 0.0578125
0 0.465625 0.81640625 0.146875 0.3671875
0 0.48203125 0.56796875 0.1140625 0.1171875
0 0.453125 0.65625 0.08671875 0.0890625
0 0.253125 0.71484375 0.125 0.1109375
0 0.190625 0.73984375 0.0796875 0.08671875
0 0.2015625 0.6453125 0.09609375 0.103125
0 0.3921875 0.98125 0.10625 0.0375
0 0.07734375 0.96953125 0.1546875 0.0609375
0 0.078125 0.56328125 0.134375 0.1078125
0 0.2953125 0.54296875 0.165625 0.0671875
0 0.04375 0.76328125 0.0875 0.0984375
0 0.94296875 0.80078125 0.103125 0.0890625
0 0.78046875 0.83984375 0.0796875 0.08671875
0 0.7703125 0.59375 0.1625 0.16875
0 0.65234375 0.646875 0.1078125 0.07421875
0 0.553125 0.5296875 0.028125 0.040625