0 0.4125 0.44921875 0.0625 0.08671875
0 0.31015625 0.57265625 0.06484375 0.071875
0 0.09296875 0.73125 0.0578125 0.015625
0 0.03671875 0.515625 0.0734375 0.18125
0 0.021875 0.11640625 0.04375 0.0796875
0 0.14765625 0.0265625 0.0671875 0.053125
0 0.44375 0.04375 0.090625 0.0875
0 0.38515625 0.15703125 0.10078125 0.08671875
0 0.46328125 0.665625 0.0515625 0.059375
0 0.853125 0.13828125 0.0796875 0.08203125
0 0.89296875 0.21328125 0.0671875 0.0578125
0 0.8421875 0.22734375 0.084375 0.09609375
0 0.91171875 0.3390625 0.0578125 0.0625
0 0.7125 0.4484375 0.0578125 0.0796875
0 0.50078125 0.46796875 0.0234375 0.0640625
0 0.55859375 0.09140625 0.06953125 0.071875
0 0.73515625 0.0125 0.0578125 0.025
0 0.96328125 0.0234375 0.0734375 0.046875
0 0.85546875 0.72890625 0.0578125 0.0203125
0 0.3515625 0.92421875 0.209375 0.1515625
0 0.01875 0.95625 0.0375 0.0875
0 0.096875 0.85 0.05078125 0.05546875
0 0.2625 0.78125 0.08203125 0.0796875
0 0.36484375 0.77109375 0.0703125 0.0640625
0 0.471875 0.75625 0.034375 0.034375
0 0.0296875 0.7765625 0.053125 0.06015625
0 0.8546875 0.7609375 0.06875 0.04375
0 0.66328125 0.87890625 0.0890625 0.0796875
0 0.49609375 0.9453125 0.0140625 0.059375