0 0.69375 0.2125 0.09375 0.09140625
0 0.63125 0.3171875 0.30546875 0.28828125
0 0.50625 0.4546875 0.07421875 0.0890625
0 0.38671875 0.36640625 0.07421875 0.0765625
0 0.1515625 0.2484375 0.0671875 0.07421875
0 0.10234375 0.49140625 0.2046875 0.2046875
0 0.09609375 0.5921875 0.06953125 0.0671875
0 0.203125 0.8421875 0.10078125 0.09140625
0 0.3609375 0.89453125 0.07421875 0.07421875
0 0.4390625 0.9515625 0.084375 0.07421875
0 0.63671875 0.821875 0.1296875 0.1390625
0 0.54296875 0.7203125 0.1078125 0.0984375
0 0.73203125 0.63828125 0.2140625 0.2140625
0 0.93984375 0.5453125 0.0625 0.06484375
0 0.91796875 0.6359375 0.07421875 0.0796875
0 0.50703125 0.2484375 0.06484375 0.06484375
0 0.0359375 0.134375 0.071875 0.084375
0 0.0328125 0.28359375 0.06484375 0.071875
0 0.9015625 0.171875 0.040625 0.040625
0 0.41953125 0.07578125 0.0484375 0.0453125