0 0.02109375 0.0421875 0.0421875 0.084375
0 0.10859375 0.1890625 0.18984375 0.1921875
0 0.31484375 0.24765625 0.0296875 0.0578125
0 0.29375 0.16171875 0.0671875 0.071875
0 0.70234375 0.22109375 0.5953125 0.3171875
0 0.740625 0.02421875 0.11875 0.0484375
0 0.5 0.08984375 0.071875 0.06484375
0 0.6359375 0.03515625 0.0875 0.0703125
0 0.425 0.115625 0.12265625 0.134375
0 0.02109375 0.92890625 0.0421875 0.0578125
0 0.01953125 0.73359375 0.0390625 0.0640625
0 0.29296875 0.78671875 0.0671875 0.06953125
0 0.2859375 0.84609375 0.0578125 0.0578125
0 0.0390625 0.52109375 0.06953125 0.0796875
0 0.26171875 0.5828125 0.0625 0.0671875
0 0.6625 0.6421875 0.10078125 0.10546875
0 0.50234375 0.65859375 0.071875 0.06953125
0 0.75625 0.740625 0.0984375 0.06953125
0 0.94453125 0.7359375 0.0796875 0.0765625
0 0.86640625 0.6265625 0.07421875 0.0671875
0 0.6625 0.39921875 0.096875 0.0390625
0 0.7140625 0.4328125 0.06953125 0.0625
0 0.57109375 0.5796875 0.09140625 0.0984375
0 0.459375 0.53359375 0.06484375 0.08203125
0 0.3890625 0.48671875 0.0625 0.06015625