0 0.36171875 0.04765625 0.1140625 0.0953125
0 0.4671875 0.0703125 0.1875 0.140625
0 0.09140625 0.02421875 0.1203125 0.0484375
0 0.16328125 0.14453125 0.0796875 0.08203125
0 0.01640625 0.3328125 0.0328125 0.09375
0 0.4140625 0.3453125 0.1375 0.06875
0 0.5265625 0.3421875 0.075 0.075
0 0.1921875 0.21953125 0.0484375 0.0671875
0 0.25625 0.215625 0.09609375 0.10078125
0 0.178125 0.01953125 0.053125 0.0390625
0 0.96875 0.18203125 0.0625 0.0796875
0 0.740625 0.125 0.0796875 0.0796875
0 0.7625 0.0765625 0.10078125 0.103125
0 0.5875 0.040625 0.015625 0.071875
0 0.71796875 0.36953125 0.0765625 0.0203125
0 0.9125 0.26796875 0.071875 0.07421875
0 0.8203125 0.28359375 0.0578125 0.05546875
0 0.796875 0.26015625 0.06015625 0.06015625
0 0.6078125 0.21640625 0.05625 0.0765625
0 0.6734375 0.23984375 0.0625 0.0625
0 0.96328125 0.04140625 0.0578125 0.05546875
0 0.94765625 0.3453125 0.0734375 0.06875
0 0.51875 0.72890625 0.121875 0.1546875
0 0.271875 0.72421875 0.16796875 0.18046875
0 0.3296875 0.6328125 0.1609375 0.178125
0 0.40859375 0.515625 0.14453125 0.15625
0 0.34765625 0.440625 0.09609375 0.09140625
0 0.225 0.55234375 0.15859375 0.165625
0 0.1 0.48984375 0.1609375 0.16328125
0 0.1125 0.71796875 0.225 0.5609375
0 0.50625 0.4640625 0.084375 0.10078125
0 0.53046875 0.959375 0.0796875 0.08125
0 0.54765625 0.88828125 0.0640625 0.0828125
0 0.6890625 0.9359375 0.09140625 0.071875
0 0.95703125 0.97578125 0.0546875 0.0484375
0 0.828125 0.709375 0.06953125 0.0796875
0 0.79453125 0.61171875 0.071875 0.06484375
0 0.8875 0.40546875 0.115625 0.0515625
0 0.6453125 0.6734375 0.13125 0.18125