0 0.240625 0.79921875 0.165625 0.1703125
0 0.171875 0.82578125 0.19921875 0.22578125
0 0.31953125 0.9953125 0.103125 0.009375
0 0.54296875 0.853125 0.46875 0.29296875
0 0.703125 0.80859375 0.09375 0.09375
0 0.7203125 0.7328125 0.15859375 0.1609375
0 0.54453125 0.696875 0.16796875 0.16796875
0 0.88671875 0.30859375 0.21640625 0.21875
0 0.74296875 0.334375 0.165625 0.165625
0 0.646875 0.47265625 0.178125 0.17578125
0 0.3890625 0.5765625 0.11328125 0.11328125
0 0.5875 0.37109375 0.21171875 0.2015625
0 0.4796875 0.2765625 0.15390625 0.15390625
0 0.6046875 0.209375 0.1296875 0.12734375
0 0.665625 0.07578125 0.18984375 0.1515625
0 0.53359375 0.09765625 0.2859375 0.19453125
0 0.43125 0.04453125 0.1390625 0.0890625
0 0.37109375 0.0421875 0.146875 0.084375
0 0.140625 0.20078125 0.1296875 0.1296875
0 0.06875 0.275 0.13671875 0.15859375
0 0.0203125 0.33984375 0.040625 0.14921875
0 0.0515625 0.475 0.103125 0.18984375
0 0.32109375 0.5171875 0.0765625 0.084375
0 0.25625 0.55546875 0.13671875 0.13671875
0 0.44140625 0.72109375 0.0796875 0.0796875