0 0.8109375 0.59140625 0.103125 0.1203125
0 0.9125 0.56640625 0.1703125 0.2046875
0 0.921875 0.87890625 0.1078125 0.09140625
0 0.93046875 0.79921875 0.1078125 0.0984375
0 0.69140625 0.8609375 0.34609375 0.271875
0 0.5203125 0.8640625 0.0625 0.06015625
0 0.46640625 0.8234375 0.103125 0.1078125
0 0.55859375 0.69921875 0.1109375 0.11328125
0 0.115625 0.640625 0.14921875 0.14921875
0 0.22578125 0.5734375 0.1078125 0.1109375
0 0.36640625 0.609375 0.1203125 0.11328125
0 0.58984375 0.5296875 0.071875 0.0765625
0 0.34765625 0.50859375 0.15625 0.115625
0 0.36328125 0.38359375 0.10078125 0.10078125
0 0.24375 0.4109375 0.0890625 0.0796875
0 0.12265625 0.3484375 0.1421875 0.0984375
0 0.2015625 0.2671875 0.196875 0.17578125
0 0.24765625 0.18515625 0.08203125 0.103125
0 0.2828125 0.1046875 0.1203125 0.1609375
0 0.078125 0.08515625 0.115625 0.1078125
0 0.5375 0.12734375 0.0890625 0.10546875
0 0.63203125 0.1203125 0.11328125 0.13671875
0 0.72734375 0.1234375 0.103125 0.103125
0 0.80625 0.03359375 0.12734375 0.0671875
0 0.77734375 0.24140625 0.12734375 0.12265625
0 0.8953125 0.24765625 0.0671875 0.07421875
0 0.6 0.45078125 0.040625 0.06484375
0 0.66328125 0.4390625 0.0890625 0.09375
0 0.63828125 0.65625 0.0484375 0.05546875