0 0.509375 0.46171875 0.13671875 0.115625
0 0.56640625 0.578125 0.05078125 0.06484375
0 0.77890625 0.73046875 0.0765625 0.06015625
0 0.2015625 0.77421875 0.14453125 0.1078125
0 0.1 0.69140625 0.12265625 0.15625
0 0.9625 0.109375 0.06484375 0.0890625
0 0.7640625 0.103125 0.0671875 0.0625
0 0.5515625 0.0578125 0.04296875 0.040625
0 0.4421875 0.0359375 0.0453125 0.0453125
0 0.275 0.03359375 0.0453125 0.040625
0 0.80859375 0.46015625 0.06484375 0.06484375
0 0.88828125 0.634375 0.02890625 0.03828125
0 0.41484375 0.79296875 0.0578125 0.0578125
0 0.46640625 0.75859375 0.0453125 0.03125
0 0.3578125 0.7765625 0.03359375 0.0265625
0 0.29921875 0.7953125 0.03359375 0.03828125
0 0.4265625 0.7328125 0.0453125 0.03359375
0 0.88125 0.9484375 0.05078125 0.03828125
0 0.8171875 0.88125 0.03828125 0.03359375
0 0.93359375 0.79296875 0.02421875 0.03125
0 0.82578125 0.7359375 0.03125 0.01953125
0 0.59609375 0.4265625 0.03359375 0.03359375
0 0.671875 0.4375 0.021875 0.03125
0 0.725 0.50625 0.01953125 0.0265625
0 0.740625 0.365625 0.03359375 0.03125
0 0.93359375 0.3546875 0.0359375 0.021875
0 0.96015625 0.390625 0.03359375 0.03359375