0 0.29765625 0.31484375 0.1390625 0.0703125
0 0.3578125 0.225 0.053125 0.0671875
0 0.575 0.07890625 0.0765625 0.0625
0 0.0359375 0.0375 0.071875 0.075
0 0.59609375 0.3328125 0.0671875 0.034375
0 0.68125 0.178125 0.02890625 0.040625
0 0.21015625 0.0171875 0.0609375 0.034375
0 0.2625 0.0421875 0.0453125 0.03125
0 0.15546875 0.021875 0.0359375 0.0265625
0 0.09453125 0.01015625 0.0328125 0.0203125
0 0.22265625 0.0671875 0.0453125 0.0359375
0 0.621875 0.07421875 0.03125 0.01953125
0 0.5140625 0.3015625 0.01953125 0.0265625
0 0.89375 0.090625 0.16875 0.18125
0 0.35078125 0.3984375 0.0890625 0.08203125
0 0.20390625 0.4828125 0.1203125 0.14453125
0 0.13359375 0.578125 0.125 0.125
0 0.3796875 0.93828125 0.125 0.1234375
0 0.28203125 0.815625 0.09609375 0.10546875
0 0.203125 0.88203125 0.06484375 0.0578125
0 0.12109375 0.8421875 0.06953125 0.06484375
0 0.04453125 0.75703125 0.084375 0.10078125
0 0.0984375 0.390625 0.0796875 0.0765625
0 0.6515625 0.9 0.09609375 0.0984375
0 0.5359375 0.39609375 0.0484375 0.053125
0 0.6453125 0.6765625 0.06484375 0.06015625
0 0.95703125 0.3875 0.06015625 0.05546875
0 0.99375 0.3875 0.0125 0.0375
0 0.903125 0.40546875 0.05078125 0.040625
0 0.73671875 0.4390625 0.0546875 0.0625
0 0.71953125 0.49296875 0.0203125 0.0296875
0 0.8296875 0.4953125 0.05546875 0.0765625
0 0.94609375 0.46796875 0.05078125 0.0578125
0 0.90390625 0.66015625 0.1203125 0.12265625
0 0.84140625 0.759375 0.16328125 0.16328125
0 0.72578125 0.80390625 0.0328125 0.0765625
0 0.95546875 0.7921875 0.05546875 0.053125
0 0.934375 0.87734375 0.040625 0.0359375
0 0.93671875 0.92421875 0.04296875 0.03828125