0 0.1125 0.3078125 0.1734375 0.1734375
0 0.25625 0.271875 0.125 0.1203125
0 0.45625 0.26953125 0.18515625 0.1921875
0 0.5796875 0.2125 0.18046875 0.178125
0 0.71953125 0.0796875 0.0390625 0.134375
0 0.52578125 0.4203125 0.11328125 0.1109375
0 0.60546875 0.5453125 0.1296875 0.06875
0 0.0546875 0.1703125 0.071875 0.071875
0 0.89375 0.54921875 0.1125 0.0609375
0 0.96796875 0.3359375 0.0640625 0.09375
0 0.9546875 0.21328125 0.090625 0.0890625
0 0.78046875 0.11796875 0.0828125 0.1359375
0 0.875 0.034375 0.071875 0.06875
0 0.0609375 0.61875 0.0765625 0.06484375
0 0.4484375 0.9609375 0.1125 0.078125
0 0.48515625 0.74921875 0.09609375 0.09609375
0 0.2265625 0.803125 0.0671875 0.07421875
0 0.2546875 0.87578125 0.0671875 0.06953125
0 0.16328125 0.92109375 0.09609375 0.1078125
0 0.5765625 0.8734375 0.05546875 0.06484375
0 0.20078125 0.5953125 0.0421875 0.03125
0 0.953125 0.98984375 0.084375 0.0203125
0 0.97578125 0.78671875 0.0484375 0.0671875
0 0.87734375 0.86328125 0.07421875 0.0671875
0 0.7640625 0.88046875 0.05 0.0578125
0 0.8390625 0.6046875 0.065625 0.05