0 0.03515625 0.12109375 0.0703125 0.1078125
0 0.109375 0.346875 0.0625 0.071875
0 0.46796875 0.203125 0.0421875 0.05
0 0.20390625 0.38515625 0.0671875 0.11328125
0 0.3125 0.37109375 0.0625 0.08203125
0 0.58359375 0.0234375 0.1109375 0.046875
0 0.928125 0.06171875 0.0890625 0.0890625
0 0.77890625 0.43984375 0.0609375 0.0390625
0 0.421875 0.48828125 0.134375 0.0578125
0 0.33359375 0.70625 0.19921875 0.16796875
0 0.1265625 0.56953125 0.0578125 0.0453125
0 0.1890625 0.6859375 0.0359375 0.0484375
0 0.0265625 0.7609375 0.053125 0.059375
0 0.1421875 0.8015625 0.10078125 0.0625
0 0.06171875 0.92265625 0.0796875 0.06484375
0 0.315625 0.525 0.0765625 0.06015625
0 0.4421875 0.82421875 0.053125 0.0578125
0 0.37109375 0.87734375 0.0578125 0.04296875
0 0.9015625 0.8625 0.0671875 0.0796875