0 0.0609375 0.5734375 0.09140625 0.0796875
0 0.24296875 0.4328125 0.084375 0.09609375
0 0.03671875 0.43515625 0.0734375 0.1390625
0 0.02734375 0.3359375 0.040625 0.0484375
0 0.321875 0.23203125 0.06015625 0.06484375
0 0.41328125 0.196875 0.06484375 0.10078125
0 0.37578125 0.0515625 0.06953125 0.0796875
0 0.44375 0.08671875 0.03125 0.0515625
0 0.53984375 0.4828125 0.06953125 0.0890625
0 0.56015625 0.5890625 0.0765625 0.059375
0 0.70703125 0.57578125 0.0765625 0.0859375
0 0.82109375 0.55859375 0.1109375 0.1203125
0 0.62265625 0.22890625 0.09609375 0.0890625
0 0.521875 0.01171875 0.10625 0.0234375
0 0.80390625 0.3265625 0.23046875 0.259375
0 0.74375 0.11875 0.05546875 0.053125
0 0.790625 0.06328125 0.0453125 0.053125
0 0.2828125 0.77734375 0.353125 0.3171875
0 0.29765625 0.975 0.0828125 0.05
0 0.13359375 0.96796875 0.0953125 0.0640625
0 0.56328125 0.9453125 0.0921875 0.109375
0 0.5640625 0.846875 0.09140625 0.0796875
0 0.49140625 0.81171875 0.0640625 0.0765625
0 0.9875 0.9796875 0.025 0.040625
0 0.93203125 0.7359375 0.0671875 0.0671875