0 0.27578125 0.15234375 0.11328125 0.1109375
0 0.19765625 0.034375 0.0703125 0.06875
0 0.01171875 0.27109375 0.0234375 0.0890625
0 0.06484375 0.19453125 0.0765625 0.0765625
0 0.02890625 0.15 0.0578125 0.0625
0 0.1375 0.34375 0.0578125 0.0578125
0 0.2515625 0.38125 0.0578125 0.05546875
0 0.2671875 0.41328125 0.05546875 0.05546875
0 0.73515625 0.10703125 0.0765625 0.103125
0 0.60546875 0.096875 0.1921875 0.19375
0 0.465625 0.11796875 0.08671875 0.09140625
0 0.5234375 0.19609375 0.05546875 0.0765625
0 0.6015625 0.21875 0.03828125 0.04296875
0 0.60859375 0.3296875 0.0578125 0.0578125
0 0.6390625 0.44453125 0.071875 0.0484375
0 0.746875 0.35859375 0.03828125 0.0453125
0 0.78203125 0.35859375 0.0484375 0.05546875
0 0.81796875 0.40703125 0.2046875 0.1234375
0 0.71796875 0.45859375 0.0484375 0.0203125
0 0.96171875 0.02421875 0.0484375 0.0484375
0 0.86015625 0.04375 0.07421875 0.084375
0 0.93828125 0.14609375 0.053125 0.05546875
0 0.9671875 0.1375 0.05546875 0.0625
0 0.840625 0.24765625 0.040625 0.0578125
0 0.7734375 0.2203125 0.0453125 0.04296875
0 0.946875 0.4578125 0.040625 0.021875
0 0.3984375 0.21328125 0.0484375 0.0578125
0 0.37421875 0.21328125 0.0296875 0.0609375
0 0.071875 0.49375 0.11875 0.05
0 0.13984375 0.846875 0.10546875 0.103125
0 0.3125 0.55234375 0.0796875 0.0765625
0 0.20703125 0.66328125 0.0890625 0.08671875
0 0.08125 0.95234375 0.071875 0.06953125
0 0.0171875 0.80703125 0.034375 0.0765625
0 0.64375 0.55078125 0.1734375 0.15859375
0 0.6671875 0.684375 0.06953125 0.08203125
0 0.8375 0.903125 0.09609375 0.084375
0 0.9484375 0.63984375 0.08671875 0.08671875
0 0.9765625 0.8390625 0.040625 0.0484375
0 0.446875 0.8546875 0.0765625 0.07421875
0 0.5109375 0.8359375 0.05546875 0.0453125
0 0.39609375 0.82109375 0.04296875 0.0359375
0 0.478125 0.7984375 0.0578125 0.0484375
0 0.975 0.99609375 0.034375 0.0078125
0 0.884375 0.921875 0.0359375 0.02890625
0 0.7421875 0.5421875 0.04296875 0.04296875
0 0.815625 0.575 0.03125 0.0359375
0 0.84921875 0.66015625 0.02890625 0.03125
0 0.90703125 0.5234375 0.04296875 0.040625