0 0.4765625 0.4171875 0.09609375 0.0765625
0 0.328125 0.46171875 0.053125 0.0359375
0 0.1078125 0.39921875 0.06015625 0.06484375
0 0.05390625 0.4 0.0484375 0.04296875
0 0.27734375 0.1453125 0.0671875 0.0671875
0 0.309375 0.259375 0.0625 0.05546875
0 0.24453125 0.275 0.05078125 0.0453125
0 0.47109375 0.178125 0.0484375 0.040625
0 0.89765625 0.08671875 0.2046875 0.1734375
0 0.6140625 0.0328125 0.090625 0.065625
0 0.65546875 0.2046875 0.0765625 0.071875
0 0.69921875 0.2765625 0.1203125 0.11796875
0 0.79140625 0.375 0.0765625 0.06484375
0 0.84765625 0.3078125 0.125 0.134375
0 0.98046875 0.2109375 0.0390625 0.0625
0 0.88046875 0.44765625 0.0703125 0.0640625
0 0.51484375 0.5078125 0.06953125 0.05546875
0 0.35859375 0.54140625 0.071875 0.08203125
0 0.24453125 0.5171875 0.06953125 0.07421875
0 0.2046875 0.5921875 0.1109375 0.125
0 0.11953125 0.6953125 0.06953125 0.0671875
0 0.06796875 0.62578125 0.115625 0.1421875
0 0.41640625 0.7046875 0.0796875 0.0890625
0 0.42265625 0.77109375 0.053125 0.05546875
0 0.51171875 0.9453125 0.1109375 0.109375
0 0.43203125 0.9421875 0.0578125 0.071875
0 0.40859375 0.98359375 0.1359375 0.0328125
0 0.03828125 0.77265625 0.06484375 0.0671875
0 0.98046875 0.59140625 0.0390625 0.0796875
0 0.7609375 0.5765625 0.15390625 0.165625
0 0.8421875 0.571875 0.053125 0.06484375
0 0.875 0.60234375 0.0484375 0.053125
0 0.92890625 0.89140625 0.1296875 0.14453125
0 0.9484375 0.98671875 0.09375 0.0265625
0 0.77265625 0.9 0.11796875 0.12265625
0 0.725 0.9578125 0.15 0.084375
0 0.57734375 0.75859375 0.0171875 0.0609375
0 0.6515625 0.81328125 0.0453125 0.06015625