0 0.04375 0.14453125 0.06484375 0.06953125
0 0.25625 0.15390625 0.071875 0.0796875
0 0.2875 0.13671875 0.025 0.0578125
0 0.19375 0.45234375 0.08203125 0.08671875
0 0.12890625 0.34765625 0.071875 0.071875
0 0.17890625 0.3140625 0.06015625 0.06015625
0 0.02265625 0.475 0.0453125 0.053125
0 0.9046875 0.06484375 0.0796875 0.07421875
0 0.771875 0.19609375 0.20703125 0.26953125
0 0.8328125 0.30625 0.0578125 0.06015625
0 0.66953125 0.48359375 0.0578125 0.07421875
0 0.58046875 0.4578125 0.0484375 0.0765625
0 0.55859375 0.31484375 0.0578125 0.0484375
0 0.509375 0.3390625 0.053125 0.0578125
0 0.34453125 0.06171875 0.0890625 0.1234375
0 0.72265625 0.0078125 0.0671875 0.015625
0 0.9734375 0.36875 0.053125 0.071875
0 0.60078125 0.1203125 0.040625 0.0578125
0 0.4625 0.19609375 0.259375 0.26171875
0 0.2203125 0.9421875 0.10078125 0.10078125
0 0.25234375 0.77734375 0.0796875 0.08671875
0 0.09296875 0.690625 0.1859375 0.28125
0 0.871875 0.65625 0.25625 0.253125
0 0.7515625 0.65703125 0.0671875 0.08671875
0 0.946875 0.70859375 0.10625 0.1703125
0 0.8234375 0.8671875 0.221875 0.265625
0 0.81171875 0.99140625 0.0796875 0.0171875
0 0.9171875 0.990625 0.075 0.01875
0 0.45390625 0.8171875 0.09609375 0.1109375
0 0.6453125 0.63203125 0.196875 0.2046875
0 0.31171875 0.55859375 0.0234375 0.0578125