0 0.27109375 0.1578125 0.0578125 0.096875
0 0.21171875 0.0140625 0.0734375 0.028125
0 0.55859375 0.08203125 0.12265625 0.12265625
0 0.6484375 0.1609375 0.103125 0.103125
0 0.68984375 0.2140625 0.08203125 0.08203125
0 0.77578125 0.21328125 0.08671875 0.08671875
0 0.8171875 0.33046875 0.103125 0.103125
0 0.45859375 0.1578125 0.1875 0.1875
0 0.58125 0.3703125 0.10546875 0.10546875
0 0.58671875 0.48125 0.0984375 0.096875
0 0.73125 0.4453125 0.1078125 0.1078125
0 0.43125 0.340625 0.10546875 0.10546875
0 0.93125 0.0625 0.10078125 0.0984375
0 0.91328125 0.3859375 0.1734375 0.2875
0 0.290625 0.80859375 0.01875 0.1234375
0 0.21953125 0.83046875 0.11328125 0.11796875
0 0.1875 0.9109375 0.09375 0.06015625
0 0.10546875 0.959375 0.0890625 0.08125
0 0.259375 0.6171875 0.0796875 0.084375
0 0.0453125 0.603125 0.090625 0.09375
0 0.10546875 0.6953125 0.071875 0.0671875
0 0.74765625 0.7359375 0.134375 0.13671875
0 0.71171875 0.88515625 0.11796875 0.11328125
0 0.31953125 0.6671875 0.0390625 0.153125
0 0.6703125 0.65 0.11796875 0.1109375