0 0.05390625 0.6828125 0.1078125 0.1109375
0 0.03125 0.8171875 0.0625 0.08671875
0 0.30078125 0.5953125 0.0984375 0.103125
0 0.3453125 0.23203125 0.0984375 0.10078125
0 0.8765625 0.51171875 0.10078125 0.10546875
0 0.8234375 0.4671875 0.09609375 0.0796875
0 0.90234375 0.4484375 0.07421875 0.07421875
0 0.9828125 0.37734375 0.03359375 0.06953125
0 0.94609375 0.1140625 0.1078125 0.09140625
0 0.584375 0.02890625 0.06484375 0.053125
0 0.61328125 0.078125 0.0671875 0.07421875
0 0.47890625 0.01171875 0.1109375 0.0234375
0 0.24140625 0.2046875 0.07421875 0.071875
0 0.12265625 0.1890625 0.09140625 0.0796875