0 0.35 0.10390625 0.0984375 0.10078125
0 0.45390625 0.0765625 0.07421875 0.071875
0 0.54296875 0.06015625 0.0328125 0.0796875
0 0.615625 0.10703125 0.1125 0.1359375
0 0.57890625 0.12578125 0.0390625 0.0609375
0 0.703125 0.0453125 0.06953125 0.06953125
0 0.67421875 0.01328125 0.0828125 0.0265625
0 0.82421875 0.01171875 0.0890625 0.0234375
0 0.77578125 0.04921875 0.07421875 0.071875
0 0.90546875 0.03515625 0.0796875 0.0703125
0 0.80234375 0.21640625 0.12734375 0.12734375
0 0.9296875 0.2203125 0.06953125 0.07421875
0 0.98046875 0.26328125 0.0390625 0.0984375
0 0.64140625 0.39140625 0.0671875 0.0171875
0 0.6828125 0.3109375 0.10078125 0.10078125
0 0.6359375 0.3421875 0.09609375 0.09609375
0 0.646875 0.2609375 0.0765625 0.0765625
0 0.45 0.4234375 0.096875 0.046875
0 0.5234375 0.5015625 0.071875 0.175
0 0.4890625 0.65703125 0.1390625 0.146875
0 0.4828125 0.89140625 0.153125 0.2171875
0 0.4046875 0.78125 0.11796875 0.115625
0 0.4390625 0.84609375 0.06484375 0.0671875
0 0.16796875 0.69921875 0.09140625 0.09375
0 0.5671875 0.51796875 0.015625 0.0609375
0 0.60625 0.61015625 0.06953125 0.08671875
0 0.7109375 0.67109375 0.21640625 0.2328125
0 0.82734375 0.8046875 0.0765625 0.0890625
0 0.7671875 0.8203125 0.0796875 0.084375
0 0.71875 0.97890625 0.06875 0.0421875
0 0.91796875 0.978125 0.0515625 0.04375
0 0.89609375 0.80703125 0.06015625 0.071875
0 0.93203125 0.6640625 0.115625 0.13671875
0 0.81015625 0.42109375 0.0484375 0.0421875
0 0.7015625 0.45 0.0453125 0.05546875