0 0.1171875 0.0125 0.075 0.025
0 0.13984375 0.3265625 0.07421875 0.0796875
0 0.23359375 0.334375 0.0578125 0.0578125
0 0.3390625 0.328125 0.071875 0.06015625
0 0.7578125 0.2640625 0.484375 0.490625
0 0.57265625 0.384375 0.084375 0.09140625
0 0.453125 0.18828125 0.028125 0.0765625
0 0.6546875 0.4 0.084375 0.09140625
0 0.553125 0.2171875 0.06015625 0.06953125
0 0.63515625 0.18828125 0.0625 0.08203125
0 0.628125 0.24453125 0.06015625 0.06484375
0 0.36015625 0.71640625 0.07421875 0.07421875
0 0.36328125 0.59921875 0.1515625 0.1796875
0 0.33046875 0.97265625 0.0859375 0.0546875
0 0.75078125 0.59765625 0.15625 0.14453125
0 0.81484375 0.7421875 0.0578125 0.08203125
0 0.64140625 0.98828125 0.0671875 0.0234375
0 0.7015625 0.9671875 0.053125 0.03828125
0 0.578125 0.98515625 0.0375 0.0296875
0 0.51015625 0.99453125 0.0359375 0.0109375
0 0.65703125 0.934375 0.053125 0.04296875
0 0.85 0.5546875 0.0359375 0.040625
0 0.93515625 0.56640625 0.02421875 0.03828125
0 0.9921875 0.65234375 0.015625 0.0328125