0 0.521875 0.29609375 0.134375 0.1765625
0 0.39921875 0.43359375 0.1390625 0.0515625
0 0.07265625 0.2296875 0.1453125 0.459375
0 0.9609375 0.3640625 0.06953125 0.0671875
0 0.75546875 0.2140625 0.1296875 0.12734375
0 0.71640625 0.0328125 0.1171875 0.065625
0 0.615625 0.06796875 0.053125 0.0640625
0 0.753125 0.33515625 0.08203125 0.0671875
0 0.7890625 0.4046875 0.084375 0.0796875
0 0.70859375 0.43984375 0.0828125 0.0390625
0 0.82890625 0.0640625 0.06015625 0.06015625
0 0.88359375 0.1421875 0.0625 0.05546875
0 0.29921875 0.72734375 0.5796875 0.5359375
0 0.5390625 0.534375 0.084375 0.0984375
0 0.72421875 0.940625 0.08203125 0.1078125
0 0.67421875 0.6796875 0.0796875 0.0796875