0 0.10859375 0.175 0.125 0.12265625
0 0.14140625 0.03046875 0.1328125 0.0609375
0 0.04921875 0.03984375 0.0859375 0.0796875
0 0.3421875 0.15859375 0.09375 0.103125
0 0.26640625 0.03515625 0.1078125 0.0703125
0 0.29296875 0.22109375 0.0671875 0.0671875
0 0.24453125 0.2015625 0.07421875 0.071875
0 0.340625 0.3125 0.11796875 0.11328125
0 0.415625 0.39296875 0.06953125 0.06953125
0 0.0171875 0.1359375 0.034375 0.10625
0 0.97109375 0.465625 0.0578125 0.10625
0 0.934375 0.44765625 0.13125 0.1359375
0 0.70390625 0.45859375 0.1890625 0.1203125
0 0.5375 0.27265625 0.05625 0.1421875
0 0.85859375 0.175 0.1421875 0.1421875
0 0.75859375 0.1859375 0.0890625 0.09140625
0 0.95546875 0.21875 0.0890625 0.103125
0 0.9671875 0.2890625 0.065625 0.09375
0 0.64453125 0.0765625 0.07421875 0.07421875
0 0.6171875 0.18828125 0.0890625 0.0890625
0 0.6 0.440625 0.09140625 0.09140625
0 0.73984375 0.3171875 0.0796875 0.0765625
0 0.28046875 0.759375 0.4578125 0.48125
0 0.034375 0.8359375 0.0484375 0.04296875
0 0.5328125 0.69609375 0.046875 0.1109375
0 0.95703125 0.62734375 0.0859375 0.1109375
0 0.7140625 0.72109375 0.1203125 0.12734375
0 0.57265625 0.83046875 0.08203125 0.08671875
0 0.56015625 0.9296875 0.1015625 0.1125
0 0.87734375 0.8078125 0.2234375 0.2546875
0 0.9203125 0.940625 0.159375 0.11875