0 0.103125 0.1046875 0.11328125 0.103125
0 0.23359375 0.0125 0.0765625 0.025
0 0.259375 0.12421875 0.0984375 0.0890625
0 0.603125 0.19765625 0.071875 0.084375
0 0.68125 0.05 0.0875 0.1
0 0.8109375 0.071875 0.05078125 0.0671875
0 0.85703125 0.0296875 0.0921875 0.059375
0 0.82265625 0.29140625 0.09375 0.09140625
0 0.525 0.45078125 0.05 0.0359375
0 0.99140625 0.228125 0.0171875 0.084375
0 0.2765625 0.84375 0.10078125 0.09609375
0 0.0328125 0.70859375 0.065625 0.0984375
0 0.175 0.52421875 0.10078125 0.0765625
0 0.3828125 0.5109375 0.103125 0.0796875
0 0.175 0.96953125 0.1625 0.0609375
0 0.540625 0.6234375 0.08125 0.09375
0 0.58125 0.915625 0.07421875 0.053125
0 0.67578125 0.93359375 0.06015625 0.06953125
0 0.7875 0.8890625 0.06953125 0.0796875
0 0.8703125 0.97890625 0.084375 0.0421875
0 0.97421875 0.9703125 0.0484375 0.059375
0 0.95625 0.78515625 0.0875 0.0890625
0 0.68203125 0.671875 0.06953125 0.071875
0 0.61015625 0.61015625 0.05546875 0.0578125
0 0.9203125 0.58046875 0.0578125 0.0625
0 0.725 0.546875 0.05546875 0.0484375