0 0.0453125 0.57109375 0.0890625 0.09140625
0 0.41328125 0.99609375 0.1078125 0.00703125
0 0.296875 0.87890625 0.09609375 0.09609375
0 0.25390625 0.81875 0.125 0.125
0 0.515625 0.478125 0.36796875 0.36796875
0 0.3578125 0.48828125 0.15390625 0.15625
0 0.37265625 0.66796875 0.14453125 0.14453125
0 0.32421875 0.603125 0.13203125 0.13203125
0 0.5578125 0.74140625 0.10078125 0.10078125
0 0.65625 0.7515625 0.09140625 0.09140625
0 0.7390625 0.696875 0.125 0.12265625
0 0.7609375 0.8015625 0.09375 0.09375
0 0.7703125 0.8953125 0.10078125 0.10078125
0 0.9078125 0.78359375 0.0484375 0.05078125
0 0.821875 0.6859375 0.09375 0.09375
0 0.80859375 0.6265625 0.11328125 0.115625
0 0.86796875 0.61875 0.09140625 0.0890625
0 0.93515625 0.63125 0.09375 0.09375
0 0.9734375 0.6078125 0.053125 0.08203125
0 0.79921875 0.42890625 0.103125 0.103125
0 0.87890625 0.31875 0.0984375 0.10078125
0 0.60703125 0.26328125 0.1078125 0.1078125
0 0.4078125 0.32109375 0.103125 0.103125
0 0.1609375 0.35078125 0.12265625 0.125
0 0.05625 0.4515625 0.09140625 0.09375
0 0.5515625 0.978125 0.07421875 0.04296875
0 0.634375 0.96875 0.13671875 0.0625
0 0.77421875 0.21875 0.1109375 0.1109375
0 0.5453125 0.11875 0.103125 0.103125
0 0.396875 0.12734375 0.0765625 0.0765625