0 0.36484375 0.2921875 0.24765625 0.259375
0 0.440625 0.40390625 0.0984375 0.11796875
0 0.3171875 0.45703125 0.09375 0.0234375
0 0.38515625 0.4578125 0.0890625 0.021875
0 0.1734375 0.415625 0.071875 0.0671875
0 0.11484375 0.35546875 0.0625 0.06484375
0 0.10625 0.26875 0.08671875 0.084375
0 0.0296875 0.31484375 0.059375 0.0671875
0 0.06875 0.20625 0.06953125 0.06015625
0 0.11484375 0.18125 0.06953125 0.0890625
0 0.08828125 0.13671875 0.06484375 0.0578125
0 0.0453125 0.0984375 0.0671875 0.06015625
0 0.03203125 0.04921875 0.0578125 0.0578125
0 0.24609375 0.0734375 0.0671875 0.07421875
0 0.45390625 0.10703125 0.0765625 0.071875
0 0.521875 0.275 0.06953125 0.07421875
0 0.5515625 0.06484375 0.015625 0.0765625
0 0.94609375 0.090625 0.1078125 0.18125
0 0.81484375 0.0890625 0.084375 0.0984375
0 0.8859375 0.434375 0.06953125 0.0578125
0 0.89921875 0.36953125 0.0484375 0.0484375
0 0.84375 0.33125 0.06015625 0.0671875
0 0.73828125 0.25546875 0.07421875 0.0671875
0 0.61796875 0.2375 0.06484375 0.0578125
0 0.58046875 0.4390625 0.0421875 0.059375
0 0.02265625 0.9484375 0.0453125 0.103125
0 0.2046875 0.93984375 0.115625 0.1203125
0 0.171875 0.79921875 0.0796875 0.084375
0 0.17421875 0.72578125 0.053125 0.0578125
0 0.2140625 0.67265625 0.0765625 0.0765625
0 0.09609375 0.58125 0.103125 0.10546875
0 0.02265625 0.503125 0.0453125 0.06875
0 0.521875 0.96015625 0.075 0.0796875
0 0.3703125 0.853125 0.0453125 0.05546875
0 0.06328125 0.96015625 0.0890625 0.0796875
0 0.2984375 0.66484375 0.06953125 0.0671875
0 0.36953125 0.646875 0.0625 0.071875
0 0.9875 0.82578125 0.025 0.0921875
0 0.88125 0.8859375 0.16328125 0.14921875
0 0.79296875 0.7453125 0.1203125 0.13203125
0 0.61328125 0.69375 0.1078125 0.321875
0 0.72734375 0.6234375 0.103125 0.10078125
0 0.6625 0.62265625 0.05546875 0.06015625
0 0.88671875 0.4890625 0.0796875 0.040625