0 0.053125 0.23671875 0.10625 0.3484375
0 0.03515625 0.02109375 0.0703125 0.0421875
0 0.115625 0.028125 0.084375 0.05625
0 0.18203125 0.0921875 0.11328125 0.115625
0 0.21796875 0.02109375 0.0859375 0.0421875
0 0.36484375 0.0125 0.0828125 0.025
0 0.36796875 0.04921875 0.071875 0.0765625
0 0.25625 0.128125 0.0890625 0.084375
0 0.234375 0.1828125 0.10078125 0.11328125
0 0.2875 0.2078125 0.084375 0.08203125
0 0.3515625 0.21640625 0.08671875 0.084375
0 0.396875 0.2546875 0.07421875 0.0765625
0 0.19375 0.37109375 0.09375 0.10078125
0 0.44921875 0.42578125 0.0390625 0.0671875
0 0.81796875 0.41796875 0.1390625 0.0828125
0 0.96328125 0.33671875 0.0734375 0.0984375
0 0.78203125 0.26171875 0.08671875 0.08203125
0 0.54140625 0.0484375 0.1453125 0.096875
0 0.03359375 0.90859375 0.0671875 0.0578125
0 0.04375 0.790625 0.084375 0.06484375
0 0.42578125 0.7921875 0.05078125 0.0484375
0 0.365625 0.68125 0.07421875 0.0796875
0 0.31953125 0.46953125 0.0484375 0.0203125
0 0.51328125 0.821875 0.0890625 0.10625
0 0.4859375 0.771875 0.034375 0.13125
0 0.58359375 0.7640625 0.0765625 0.08203125
0 0.5171875 0.934375 0.096875 0.09375
0 0.5828125 0.59453125 0.07421875 0.071875
0 0.64140625 0.5140625 0.07421875 0.06484375
0 0.98515625 0.5734375 0.0296875 0.121875
0 0.9234375 0.51796875 0.1203125 0.115625
0 0.77421875 0.471875 0.1359375 0.025