0 0.06640625 0.25078125 0.1328125 0.2328125
0 0.1171875 0.15 0.084375 0.1078125
0 0.02421875 0.0421875 0.0484375 0.084375
0 0.0765625 0.0515625 0.0796875 0.084375
0 0.1796875 0.29375 0.0625 0.0671875
0 0.31953125 0.1265625 0.0625 0.09140625
0 0.328125 0.0140625 0.05 0.028125
0 0.29453125 0.41171875 0.0484375 0.0359375
0 0.44375 0.2953125 0.053125 0.06015625
0 0.08984375 0.97734375 0.0984375 0.0453125
0 0.09765625 0.87421875 0.0765625 0.07421875
0 0.35234375 0.725 0.0140625 0.06875
0 0.31640625 0.8734375 0.0859375 0.15
0 0.3828125 0.96796875 0.046875 0.0640625
0 0.41796875 0.85625 0.0484375 0.06015625
0 0.5109375 0.959375 0.0578125 0.0578125
0 0.5875 0.88359375 0.0796875 0.103125
0 0.75078125 0.82109375 0.06953125 0.08203125
0 0.61015625 0.6 0.0796875 0.084375
0 0.53359375 0.5703125 0.0796875 0.0625