0 0.0328125 0.6859375 0.06484375 0.09140625
0 0.70546875 0.984375 0.12265625 0.03125
0 0.4484375 0.9953125 0.084375 0.009375
0 0.30546875 0.90859375 0.084375 0.09609375
0 0.2546875 0.8640625 0.11328125 0.11796875
0 0.43984375 0.4546875 0.33203125 0.3484375
0 0.296875 0.51171875 0.13671875 0.15390625
0 0.33984375 0.6828125 0.1296875 0.1390625
0 0.28515625 0.63359375 0.1203125 0.125
0 0.521875 0.696875 0.09375 0.09375
0 0.6140625 0.678125 0.084375 0.08671875
0 0.68046875 0.6 0.11328125 0.115625
0 0.7171875 0.69453125 0.08671875 0.0890625
0 0.74375 0.78359375 0.09375 0.0984375
0 0.83984375 0.84140625 0.1078125 0.115625
0 0.8640625 0.71171875 0.08203125 0.0890625
0 0.86640625 0.64296875 0.071875 0.0765625
0 0.7546875 0.5640625 0.0890625 0.084375
0 0.7328125 0.509375 0.10078125 0.11328125
0 0.7859375 0.484375 0.084375 0.08203125
0 0.85 0.47578125 0.08671875 0.084375
0 0.8953125 0.4375 0.07421875 0.0765625
0 0.6921875 0.32109375 0.09375 0.10078125
0 0.74609375 0.18984375 0.0890625 0.0984375
0 0.48828125 0.2171875 0.0984375 0.0984375
0 0.31484375 0.334375 0.09375 0.0984375
0 0.09375 0.4390625 0.1078125 0.12265625
0 0.02734375 0.56640625 0.0546875 0.0921875
0 0.5578125 0.94453125 0.0671875 0.071875
0 0.6359375 0.93125 0.12265625 0.134375
0 0.9640625 0.2484375 0.071875 0.10078125
0 0.63359375 0.125 0.0984375 0.1078125
0 0.40859375 0.09765625 0.09140625 0.10078125
0 0.27265625 0.14921875 0.06953125 0.071875
0 0.1984375 0.015625 0.03125 0.03125