0 0.3140625 0.34921875 0.0671875 0.0765625
0 0.23828125 0.33359375 0.0578125 0.05546875
0 0.35859375 0.30859375 0.06015625 0.05546875
0 0.36484375 0.2125 0.08203125 0.084375
0 0.2453125 0.2171875 0.06953125 0.05546875
0 0.38046875 0.48828125 0.0796875 0.0234375
0 0.44375 0.48046875 0.084375 0.0390625
0 0.5859375 0.48046875 0.046875 0.0390625
0 0.77890625 0.48359375 0.0984375 0.0328125
0 0.6421875 0.43828125 0.065625 0.1078125
0 0.7046875 0.26875 0.0796875 0.07421875
0 0.83203125 0.06171875 0.103125 0.103125
0 0.1375 0.7984375 0.125 0.125
0 0.11328125 0.6 0.13203125 0.13671875
0 0.2046875 0.65546875 0.08671875 0.09140625
0 0.08125 0.52265625 0.10625 0.0453125
0 0.01953125 0.61015625 0.0390625 0.1140625
0 0.0171875 0.8109375 0.034375 0.075
0 0.26953125 0.7703125 0.10546875 0.1078125
0 0.7640625 0.6140625 0.19921875 0.21171875
0 0.809375 0.90078125 0.38125 0.1984375
0 0.9796875 0.6515625 0.040625 0.246875