0 0.06015625 0.259375 0.08671875 0.09140625
0 0.0140625 0.29453125 0.028125 0.0703125
0 0.115625 0.28671875 0.07421875 0.06953125
0 0.1484375 0.3765625 0.103125 0.10546875
0 0.03671875 0.4046875 0.0734375 0.071875
0 0.1703125 0.02265625 0.1 0.0453125
0 0.078125 0.08125 0.0984375 0.0984375
0 0.146875 0.08828125 0.09609375 0.0765625
0 0.38515625 0.2453125 0.0078125 0.075
0 0.34296875 0.021875 0.0796875 0.04375
0 0.2890625 0.0515625 0.0671875 0.0625
0 0.40078125 0.4 0.0234375 0.0625
0 0.7078125 0.52421875 0.05078125 0.05546875
0 0.6765625 0.34609375 0.0671875 0.07421875
0 0.7859375 0.11171875 0.1078125 0.1078125
0 0.74375 0.18046875 0.103125 0.0984375
0 0.42734375 0.1890625 0.0765625 0.090625
0 0.4828125 0.58984375 0.0625 0.0203125
0 0.575 0.4390625 0.0890625 0.10546875
0 0.990625 0.3046875 0.01875 0.059375
0 0.9921875 0.2515625 0.015625 0.040625
0 0.97578125 0.4515625 0.0484375 0.053125
0 0.978125 0.0171875 0.04375 0.034375
0 0.60859375 0.00859375 0.0546875 0.0171875
0 0.29453125 0.87421875 0.1890625 0.1828125
0 0.859375 0.71796875 0.053125 0.06015625
0 0.94375 0.7109375 0.08203125 0.09609375
0 0.5046875 0.6859375 0.0578125 0.0578125
0 0.60859375 0.7 0.05546875 0.0578125
0 0.65625 0.7359375 0.05078125 0.0453125
0 0.64921875 0.88125 0.0890625 0.0890625
0 0.4078125 0.89921875 0.0375 0.0796875
0 0.5078125 0.97578125 0.059375 0.0484375
0 0.4078125 0.6546875 0.0375 0.05625
0 0.57734375 0.80703125 0.040625 0.03828125
0 0.99140625 0.9453125 0.0171875 0.084375