0 0.01953125 0.29296875 0.0390625 0.1078125
0 0.090625 0.0453125 0.121875 0.090625
0 0.8734375 0.04140625 0.09375 0.0828125
0 0.76796875 0.30234375 0.3078125 0.1140625
0 0.6625 0.11328125 0.303125 0.2265625
0 0.946875 0.11328125 0.10625 0.1671875
0 0.19296875 0.36875 0.0390625 0.01875
0 0.1609375 0.4390625 0.10078125 0.10078125
0 0.30078125 0.4390625 0.11796875 0.09140625
0 0.38828125 0.8140625 0.06953125 0.0671875
0 0.2765625 0.9640625 0.071875 0.071875
0 0.21640625 0.98125 0.0484375 0.0375
0 0.09375 0.64375 0.04296875 0.0484375
0 0.06875 0.715625 0.0625 0.05078125
0 0.15 0.77734375 0.04296875 0.05078125
0 0.1046875 0.8984375 0.0453125 0.04296875
0 0.0265625 0.93359375 0.053125 0.0515625
0 0.01953125 0.98125 0.0390625 0.0375
0 0.2484375 0.54140625 0.10546875 0.0890625
0 0.0484375 0.78046875 0.0484375 0.0453125
0 0.334375 0.61328125 0.06015625 0.06953125
0 0.3265625 0.70390625 0.0359375 0.04296875
0 0.3078125 0.8453125 0.0625 0.0578125
0 0.809375 0.8125 0.134375 0.11796875
0 0.8625 0.71875 0.0984375 0.0796875
0 0.71953125 0.384375 0.1078125 0.05
0 0.95546875 0.41015625 0.0578125 0.05546875
0 0.6609375 0.4390625 0.06015625 0.0578125
0 0.7390625 0.47265625 0.071875 0.0578125
0 0.7265625 0.5328125 0.06484375 0.0796875
0 0.51796875 0.93203125 0.1421875 0.1359375
0 0.92734375 0.99296875 0.0453125 0.0140625
0 0.4484375 0.63203125 0.0375 0.0546875