0 0.33515625 0.02265625 0.1109375 0.0453125
0 0.47109375 0.1 0.0625 0.06484375
0 0.5234375 0.4015625 0.06953125 0.0765625
0 0.28203125 0.215625 0.0984375 0.09609375
0 0.5765625 0.2671875 0.09609375 0.1078125
0 0.16171875 0.46875 0.0578125 0.040625
0 0.825 0.415625 0.35 0.146875
0 0.90390625 0.02265625 0.0953125 0.0453125
0 0.725 0.11171875 0.15 0.2234375
0 0.696875 0.43828125 0.09375 0.0890625
0 0.66640625 0.37734375 0.0328125 0.0859375
0 0.9046875 0.278125 0.07421875 0.053125
0 0.85703125 0.2234375 0.040625 0.03828125
0 0.26640625 0.69765625 0.2359375 0.23046875
0 0.29453125 0.88515625 0.0671875 0.071875
0 0.15625 0.50625 0.06875 0.034375
0 0.54140625 0.884375 0.2171875 0.23125
0 0.1078125 0.68671875 0.0671875 0.0671875
0 0.7109375 0.9796875 0.090625 0.040625
0 0.72265625 0.6734375 0.12734375 0.1296875
0 0.77890625 0.603125 0.134375 0.13203125
0 0.8859375 0.5640625 0.09140625 0.09140625