0 0.34140625 0.9265625 0.1109375 0.1078125
0 0.47734375 0.81875 0.0625 0.06484375
0 0.8640625 0.740625 0.11328125 0.1078125
0 0.71171875 0.5578125 0.053125 0.05546875
0 0.5296875 0.5171875 0.06953125 0.0765625
0 0.34609375 0.32109375 0.1109375 0.11328125
0 0.3953125 0.38828125 0.10546875 0.10078125
0 0.28828125 0.703125 0.0984375 0.09609375
0 0.7125 0.80625 0.06484375 0.0625
0 0.5828125 0.6515625 0.09609375 0.1078125
0 0.515625 0.9953125 0.03828125 0.009375
0 0.4734375 0.95546875 0.04296875 0.0484375
0 0.61328125 0.17890625 0.0671875 0.06484375
0 0.49765625 0.1140625 0.06015625 0.0578125
0 0.55859375 0.1671875 0.04296875 0.04296875
0 0.64765625 0.04296875 0.053125 0.06015625
0 0.7390625 0.2703125 0.05546875 0.05546875
0 0.0953125 0.265625 0.08671875 0.0890625
0 0.3109375 0.0734375 0.084375 0.08203125
0 0.16796875 0.4421875 0.0578125 0.05546875