0 0.28359375 0.29453125 0.03359375 0.0453125
0 0.153125 0.15 0.040625 0.0671875
0 0.115625 0.29453125 0.0484375 0.103125
0 0.803125 0.20390625 0.16328125 0.15859375
0 0.9328125 0.159375 0.11796875 0.11328125
0 0.95078125 0.01875 0.0984375 0.0375
0 0.540625 0.45 0.084375 0.01875
0 0.59453125 0.4140625 0.0984375 0.090625
0 0.484375 0.36171875 0.090625 0.1078125
0 0.47578125 0.42734375 0.0734375 0.0640625
0 0.48046875 0.025 0.0828125 0.05
0 0.48203125 0.1265625 0.0859375 0.1
0 0.74921875 0.128125 0.09140625 0.09375
0 0.740625 0.28125 0.06953125 0.071875
0 0.15078125 0.9578125 0.0890625 0.084375
0 0.26328125 0.490625 0.1296875 0.0625
0 0.25234375 0.6640625 0.07421875 0.06484375
0 0.25859375 0.77734375 0.06484375 0.08203125
0 0.9796875 0.8421875 0.040625 0.0625
0 0.8328125 0.934375 0.0484375 0.0453125
0 0.76484375 0.9125 0.040625 0.05078125
0 0.76015625 0.828125 0.0625 0.07421875
0 0.6734375 0.8125 0.0578125 0.0671875
0 0.51484375 0.778125 0.06484375 0.0671875
0 0.88203125 0.475 0.0578125 0.03125
0 0.778125 0.46796875 0.05625 0.0171875
0 0.7625 0.57578125 0.03359375 0.0484375
0 0.81484375 0.67109375 0.03828125 0.0453125
0 0.9796875 0.4921875 0.040625 0.05625
0 0.4421875 0.93671875 0.00625 0.0328125
0 0.8984375 0.93046875 0.03828125 0.04296875
0 0.5796875 0.60078125 0.0890625 0.1203125
0 0.9640625 0.9265625 0.071875 0.146875
0 0.98828125 0.578125 0.0234375 0.053125
0 0.85 0.83046875 0.03359375 0.04296875