0 0.09765625 0.45859375 0.0984375 0.0421875
0 0.29765625 0.46015625 0.0453125 0.0390625
0 0.2 0.23203125 0.09140625 0.071875
0 0.5796875 0.38125 0.0765625 0.06484375
0 0.8328125 0.121875 0.06953125 0.0625
0 0.75234375 0.2515625 0.08671875 0.084375
0 0.46484375 0.1546875 0.0296875 0.09375
0 0.584375 0.11953125 0.071875 0.07421875
0 0.05625 0.8734375 0.1125 0.253125
0 0.11484375 0.84296875 0.0671875 0.0765625
0 0.06171875 0.6390625 0.1234375 0.25625
0 0.02734375 0.51015625 0.0546875 0.0609375
0 0.41171875 0.66953125 0.0765625 0.0953125
0 0.23359375 0.88046875 0.18984375 0.22578125
0 0.4375 0.9609375 0.025 0.078125
0 0.50859375 0.59609375 0.1171875 0.1609375
0 0.96328125 0.61796875 0.0734375 0.1140625
0 0.96953125 0.51953125 0.0609375 0.0796875
0 0.77421875 0.49296875 0.0703125 0.0265625
0 0.72734375 0.509375 0.0765625 0.059375
0 0.6390625 0.61171875 0.0625 0.0625
0 0.67421875 0.63125 0.0484375 0.05546875
0 0.75390625 0.62421875 0.053125 0.053125
0 0.87734375 0.65859375 0.03828125 0.05078125
0 0.834375 0.67109375 0.05546875 0.0625
0 0.79921875 0.68125 0.06484375 0.06484375
0 0.5921875 0.81484375 0.04296875 0.0484375
0 0.6203125 0.9421875 0.07421875 0.0765625
0 0.6421875 0.98203125 0.096875 0.0359375
0 0.8890625 0.94453125 0.09609375 0.0890625
0 0.790625 0.91953125 0.0578125 0.05546875
0 0.625 0.71640625 0.1296875 0.134375
0 0.7359375 0.8234375 0.1875 0.20703125