0 0.221875 0.29609375 0.03359375 0.04296875
0 0.0984375 0.1625 0.03828125 0.0625
0 0.06484375 0.009375 0.0828125 0.01875
0 0.06328125 0.29609375 0.0453125 0.09609375
0 0.4109375 0.0890625 0.040625 0.0359375
0 0.88125 0.39765625 0.125 0.0828125
0 0.95 0.3375 0.084375 0.08671875
0 0.53046875 0.03359375 0.1015625 0.0671875
0 0.53203125 0.20078125 0.1046875 0.2109375
0 0.73046875 0.425 0.0890625 0.028125
0 0.8078125 0.24375 0.10546875 0.103125
0 0.37109375 0.4890625 0.1703125 0.1
0 0.35546875 0.62109375 0.1515625 0.1609375
0 0.31875 0.9578125 0.103125 0.084375
0 0.16328125 0.92109375 0.2234375 0.1578125
0 0.1921875 0.76171875 0.0796875 0.0765625
0 0.0734375 0.70625 0.06953125 0.0578125
0 0.08671875 0.64140625 0.0484375 0.0484375
0 0.03125 0.603125 0.06015625 0.0671875
0 0.753125 0.54453125 0.165625 0.165625
0 0.64765625 0.47265625 0.0609375 0.0671875
0 0.53828125 0.49765625 0.1171875 0.1171875
0 0.5890625 0.75625 0.11796875 0.1078125
0 0.6828125 0.67421875 0.10546875 0.103125
0 0.53046875 0.66875 0.1015625 0.103125
0 0.94765625 0.84765625 0.1046875 0.1703125
0 0.8 0.75625 0.0765625 0.0796875
0 0.878125 0.7359375 0.05546875 0.0671875
0 0.71015625 0.98203125 0.0765625 0.0359375
0 0.659375 0.9640625 0.0625 0.06953125
0 0.95390625 0.5984375 0.053125 0.05078125
0 0.89296875 0.5203125 0.06953125 0.0625