0 0.3546875 0.021875 0.09375 0.04375
0 0.071875 0.015625 0.103125 0.03125
0 0.2265625 0.225 0.146875 0.15625
0 0.565625 0.22734375 0.071875 0.06484375
0 0.0359375 0.21015625 0.0671875 0.06953125
0 0.065625 0.178125 0.10546875 0.09609375
0 0.621875 0.065625 0.015625 0.071875
0 0.9140625 0.140625 0.08671875 0.07421875
0 0.83984375 0.20390625 0.06015625 0.07421875
0 0.3375 0.5046875 0.11796875 0.1390625
0 0.26171875 0.69453125 0.0578125 0.0796875
0 0.575 0.96484375 0.084375 0.0703125
0 0.58203125 0.890625 0.07421875 0.0765625
0 0.54296875 0.5109375 0.09609375 0.0984375
0 0.4671875 0.46640625 0.08671875 0.1203125
0 0.075 0.86015625 0.15 0.1828125
0 0.06875 0.58046875 0.1375 0.3203125
0 0.16796875 0.94609375 0.1734375 0.1078125
0 0.57265625 0.75703125 0.06484375 0.0765625
0 0.59921875 0.63828125 0.0609375 0.0796875
0 0.43125 0.6296875 0.0578125 0.0578125
0 0.4046875 0.58671875 0.0578125 0.08203125
0 0.71484375 0.98984375 0.0484375 0.0203125
0 0.64921875 0.51796875 0.0390625 0.1109375
0 0.6421875 0.61171875 0.025 0.0921875
0 0.9515625 0.628125 0.06953125 0.0578125
0 0.91328125 0.48203125 0.0578125 0.05546875
0 0.91796875 0.5734375 0.04296875 0.040625
0 0.97421875 0.8046875 0.0515625 0.053125