0 0.2921875 0.16953125 0.17578125 0.178125
0 0.02265625 0.31484375 0.0453125 0.0890625
0 0.0171875 0.33984375 0.034375 0.0390625
0 0.0765625 0.11171875 0.0796875 0.0796875
0 0.11640625 0.08125 0.12265625 0.115625
0 0.56953125 0.10625 0.0609375 0.1
0 0.55859375 0.20703125 0.0390625 0.1078125
0 0.6078125 0.284375 0.09609375 0.09609375
0 0.621875 0.33828125 0.090625 0.0421875
0 0.90546875 0.31484375 0.0953125 0.0890625
0 0.76953125 0.0953125 0.4609375 0.190625
0 0.26015625 0.56796875 0.1109375 0.1296875
0 0.1796875 0.6703125 0.0796875 0.08671875
0 0.2234375 0.7203125 0.084375 0.09140625
0 0.1484375 0.778125 0.07421875 0.08671875
0 0.05859375 0.74140625 0.08671875 0.08671875
0 0.03125 0.8484375 0.0625 0.115625
0 0.1078125 0.8796875 0.0796875 0.08671875
0 0.18828125 0.959375 0.0734375 0.08125
0 0.38671875 0.92265625 0.08671875 0.09609375
0 0.31640625 0.975 0.0828125 0.05
0 0.42421875 0.37578125 0.0484375 0.0328125
0 0.24296875 0.40078125 0.0765625 0.0828125
0 0.0921875 0.4390625 0.134375 0.159375
0 0.39609375 0.665625 0.0625 0.06484375