0 0.28828125 0.87890625 0.08671875 0.084375
0 0.19375 0.9390625 0.071875 0.06015625
0 0.00625 0.76796875 0.01171875 0.08671875
0 0.83671875 0.9265625 0.146875 0.1421875
0 0.93359375 0.8328125 0.1109375 0.1109375
0 0.4015625 0.21875 0.1296875 0.13203125
0 0.2921875 0.13359375 0.0890625 0.07421875
0 0.140625 0.06015625 0.1875 0.1203125
0 0.2515625 0.5765625 0.1296875 0.14453125
0 0.8734375 0.05546875 0.15859375 0.1109375
0 0.9109375 0.2078125 0.10546875 0.0984375
0 0.80546875 0.3015625 0.10546875 0.0984375
0 0.6296875 0.72578125 0.071875 0.053125
0 0.07109375 0.26328125 0.084375 0.07421875
0 0.0890625 0.2078125 0.0890625 0.07421875
0 0.0296875 0.12890625 0.059375 0.0546875
0 0.01796875 0.0734375 0.0359375 0.08203125
0 0.0296875 0.5046875 0.059375 0.0625
0 0.05078125 0.55546875 0.10078125 0.08203125
0 0.64921875 0.9390625 0.06484375 0.0671875