0 0.5421875 0.15546875 0.0765625 0.0796875
0 0.9171875 0.22265625 0.165625 0.1328125
0 0.56171875 0.271875 0.0734375 0.034375
0 0.715625 0.278125 0.053125 0.021875
0 0.77734375 0.215625 0.06953125 0.0625
0 0.78359375 0.1125 0.05546875 0.06484375
0 0.09765625 0.74921875 0.1953125 0.2328125
0 0.50234375 0.4234375 0.1046875 0.1125
0 0.93359375 0.30390625 0.0703125 0.0296875
0 0.775 0.53828125 0.08203125 0.084375
0 0.6296875 0.49609375 0.084375 0.08203125
0 0.70859375 0.59453125 0.06484375 0.06484375
0 0.890625 0.6203125 0.08203125 0.08203125
0 0.92421875 0.540625 0.071875 0.071875
0 0.81328125 0.80546875 0.0890625 0.0890625
0 0.53671875 0.8078125 0.0765625 0.07421875
0 0.58984375 0.91953125 0.09375 0.09375
0 0.73359375 0.98984375 0.0578125 0.0203125
0 0.690625 0.9359375 0.053125 0.05546875
0 0.97890625 0.984375 0.0421875 0.03125
0 0.99140625 0.65390625 0.0171875 0.0796875
0 0.6765625 0.753125 0.0765625 0.0765625
0 0.69140625 0.3375 0.1234375 0.096875
0 0.60546875 0.5921875 0.0625 0.0625
0 0.65 0.615625 0.06015625 0.0578125