0 0.184375 0.2953125 0.10078125 0.10078125
0 0.08984375 0.2953125 0.0796875 0.0765625
0 0.03125 0.06640625 0.0625 0.1078125
0 0.30078125 0.07109375 0.1578125 0.1421875
0 0.88828125 0.1859375 0.1390625 0.14921875
0 0.5328125 0.11875 0.1703125 0.15625
0 0.71875 0.06015625 0.5625 0.1203125
0 0.715625 0.2640625 0.10078125 0.125
0 0.7015625 0.31953125 0.115625 0.0609375
0 0.63671875 0.3359375 0.0578125 0.028125
0 0.471875 0.2796875 0.06015625 0.05546875
0 0.46796875 0.00625 0.0640625 0.0125
0 0.98984375 0.09375 0.0203125 0.053125
0 0.94296875 0.32109375 0.0671875 0.0578125
0 0.18125 0.92421875 0.246875 0.1515625
0 0.06953125 0.53515625 0.1390625 0.3703125
0 0.35078125 0.696875 0.1171875 0.21875
0 0.21015625 0.7328125 0.13203125 0.134375
0 0.1078125 0.6234375 0.1296875 0.1296875
0 0.1765625 0.40625 0.10078125 0.0984375
0 0.31953125 0.3890625 0.0796875 0.06953125
0 0.4375 0.6875 0.05625 0.115625
0 0.5015625 0.6390625 0.1078125 0.1078125
0 0.540625 0.75625 0.103125 0.10546875
0 0.5484375 0.88125 0.1078125 0.115625
0 0.421875 0.940625 0.025 0.11875
0 0.94375 0.8765625 0.1125 0.228125
0 0.909375 0.8421875 0.11328125 0.11328125
0 0.81328125 0.88828125 0.10546875 0.1078125
0 0.83203125 0.94921875 0.1046875 0.1015625
0 0.85234375 0.99140625 0.0796875 0.0171875
0 0.68828125 0.9671875 0.0671875 0.065625
0 0.9234375 0.7234375 0.0984375 0.09140625
0 0.7171875 0.72109375 0.3921875 0.37734375
0 0.67109375 0.62734375 0.13671875 0.1421875
0 0.70234375 0.50625 0.1390625 0.1421875
0 0.7859375 0.5796875 0.09140625 0.09375
0 0.81953125 0.45078125 0.10546875 0.1109375
0 0.90703125 0.41015625 0.1421875 0.1203125
0 0.97265625 0.41328125 0.0546875 0.0765625
0 0.5515625 0.4390625 0.1109375 0.11796875
0 0.6234375 0.4125 0.08203125 0.0796875
0 0.65234375 0.38828125 0.0671875 0.0671875