0 0.0296875 0.16875 0.059375 0.09375
0 0.0140625 0.26875 0.028125 0.05625
0 0.01328125 0.5203125 0.0265625 0.090625
0 0.09609375 0.44140625 0.0671875 0.0796875
0 0.146875 0.38984375 0.06953125 0.071875
0 0.23125 0.11015625 0.08671875 0.06953125
0 0.08828125 0.025 0.0640625 0.05
0 0.0296875 0.0140625 0.059375 0.028125
0 0.371875 0.5171875 0.165625 0.103125
0 0.3578125 0.42265625 0.071875 0.08203125
0 0.30703125 0.31640625 0.0359375 0.0984375
0 0.4765625 0.21953125 0.10078125 0.10078125
0 0.36484375 0.040625 0.1203125 0.08125
0 0.76875 0.54921875 0.1125 0.0390625
0 0.93984375 0.44140625 0.1203125 0.1265625
0 0.8671875 0.340625 0.115625 0.115625
0 0.98125 0.21015625 0.0375 0.1109375
0 0.04765625 0.721875 0.0953125 0.30625
0 0.1390625 0.7515625 0.0625 0.0765625
0 0.22734375 0.71875 0.0796875 0.0984375
0 0.11640625 0.94765625 0.084375 0.0890625
0 0.1765625 0.8546875 0.06015625 0.0765625
0 0.48828125 0.9484375 0.0984375 0.103125
0 0.6359375 0.86953125 0.209375 0.23046875
0 0.67109375 0.66796875 0.1984375 0.1984375
0 0.3234375 0.753125 0.0671875 0.09375
0 0.31953125 0.9375 0.0609375 0.075
0 0.753125 0.92109375 0.49375 0.1578125
0 0.96328125 0.60390625 0.0671875 0.0703125
0 0.978125 0.6578125 0.04375 0.071875
0 0.50234375 0.5828125 0.0671875 0.028125