0 0.34296875 0.3953125 0.0578125 0.053125
0 0.36484375 0.1578125 0.09609375 0.08671875
0 0.2578125 0.23125 0.0578125 0.07421875
0 0.21328125 0.28046875 0.06015625 0.0671875
0 0.025 0.24609375 0.05 0.0671875
0 0.01484375 0.1703125 0.0296875 0.0625
0 0.9234375 0.17421875 0.09140625 0.10078125
0 0.94609375 0.26796875 0.0671875 0.06015625
0 0.77421875 0.3234375 0.1109375 0.134375
0 0.86171875 0.30625 0.0625 0.07421875
0 0.796875 0.4078125 0.146875 0.084375
0 0.51796875 0.21875 0.071875 0.06484375
0 0.6734375 0.03984375 0.06953125 0.071875
0 0.578125 0.0734375 0.0578125 0.071875
0 0.0484375 0.9734375 0.096875 0.053125
0 0.40546875 0.7671875 0.0671875 0.084375
0 0.4265625 0.684375 0.025 0.08125
0 0.3484375 0.58671875 0.09375 0.0890625
0 0.21015625 0.734375 0.08671875 0.07421875
0 0.0875 0.87421875 0.11796875 0.115625
0 0.16640625 0.4640625 0.0765625 0.028125
0 0.2625 0.96328125 0.071875 0.0734375
0 0.66640625 0.67421875 0.134375 0.146875
0 0.525 0.715625 0.12734375 0.15390625
0 0.6421875 0.809375 0.09609375 0.1078125
0 0.82265625 0.68671875 0.1203125 0.125
0 0.8671875 0.7671875 0.15390625 0.13203125
0 0.7625 0.903125 0.14453125 0.125
0 0.61953125 0.984375 0.1203125 0.03125
0 0.44765625 0.7984375 0.0171875 0.09375
0 0.94765625 0.9359375 0.1046875 0.128125
0 0.52578125 0.50625 0.0890625 0.1125
0 0.48046875 0.4640625 0.0546875 0.028125
0 0.9453125 0.60234375 0.0484375 0.0625