0 0.27890625 0.72109375 0.10078125 0.0890625
0 0.27421875 0.6265625 0.0578125 0.053125
0 0.11171875 0.4625 0.09375 0.09609375
0 0.25234375 0.3890625 0.09609375 0.08671875
0 0.359375 0.4625 0.0578125 0.07421875
0 0.40390625 0.51171875 0.06015625 0.0671875
0 0.83671875 0.803125 0.1078125 0.115625
0 0.70078125 0.7078125 0.0671875 0.0671875
0 0.47734375 0.7765625 0.0765625 0.06484375
0 0.23203125 0.90625 0.071875 0.06484375
0 0.0609375 0.8703125 0.07421875 0.071875
0 0.3578125 0.96171875 0.05078125 0.0578125
0 0.59609375 0.47734375 0.06015625 0.0671875
0 0.61640625 0.4015625 0.0578125 0.0625
0 0.240625 0.06015625 0.071875 0.0765625
0 0.65234375 0.9578125 0.09609375 0.0796875
0 0.3546875 0.85703125 0.0578125 0.0484375
0 0.3015625 0.87890625 0.05546875 0.053125