0 0.27890625 0.27890625 0.10078125 0.0890625
0 0.27421875 0.3734375 0.0578125 0.053125
0 0.11171875 0.5375 0.09375 0.09609375
0 0.25234375 0.6109375 0.09609375 0.08671875
0 0.359375 0.5375 0.0578125 0.07421875
0 0.40390625 0.48828125 0.06015625 0.0671875
0 0.83671875 0.196875 0.1078125 0.115625
0 0.70078125 0.2921875 0.0671875 0.0671875
0 0.47734375 0.2234375 0.0765625 0.06484375
0 0.23203125 0.09375 0.071875 0.06484375
0 0.0609375 0.1296875 0.07421875 0.071875
0 0.3578125 0.03828125 0.05078125 0.0578125
0 0.59609375 0.52265625 0.06015625 0.0671875
0 0.61640625 0.5984375 0.0578125 0.0625
0 0.240625 0.93984375 0.071875 0.0765625
0 0.65234375 0.0421875 0.09609375 0.0796875
0 0.3546875 0.14296875 0.0578125 0.0484375
0 0.3015625 0.12109375 0.05546875 0.053125