0 0.47890625 0.31796875 0.0203125 0.0859375
0 0.4671875 0.5015625 0.04375 0.125
0 0.45390625 0.45234375 0.0671875 0.0671875
0 0.32890625 0.33828125 0.17578125 0.1921875
0 0.34609375 0.1859375 0.09140625 0.11328125
0 0.2125 0.0859375 0.15 0.171875
0 0.1375 0.36015625 0.06953125 0.0765625
0 0.18203125 0.42109375 0.0625 0.0765625
0 0.17734375 0.31875 0.06484375 0.06484375
0 0.284375 0.53046875 0.06953125 0.0671875
0 0.971875 0.44140625 0.05625 0.1703125
0 0.5921875 0.5015625 0.10078125 0.08203125
0 0.5859375 0.303125 0.06953125 0.0578125
0 0.5609375 0.2078125 0.0796875 0.06953125
0 0.6390625 0.0875 0.0765625 0.0796875
0 0.65234375 0.01015625 0.0671875 0.0203125
0 0.50859375 0.078125 0.0390625 0.115625
0 0.51015625 0.01171875 0.0421875 0.0234375
0 0.4515625 0.61796875 0.075 0.0984375
0 0.19140625 0.83359375 0.09609375 0.1296875
0 0.19140625 0.95 0.09609375 0.09140625
0 0.1140625 0.97265625 0.071875 0.0546875
0 0.85390625 0.65703125 0.14921875 0.14921875
0 0.7421875 0.58515625 0.06875 0.0328125
0 0.6515625 0.8734375 0.0890625 0.09140625
0 0.66328125 0.90234375 0.2890625 0.1953125
0 0.5171875 0.80546875 0.05625 0.1046875
0 0.53359375 0.6125 0.0890625 0.0875
0 0.62734375 0.721875 0.09140625 0.09140625
0 0.74453125 0.67734375 0.0984375 0.10078125