0 0.87734375 0.7046875 0.228125 0.24765625
0 0.96484375 0.421875 0.06953125 0.134375
0 0.984375 0.26171875 0.03125 0.08671875
0 0.83046875 0.296875 0.28828125 0.30078125
0 0.75234375 0.46640625 0.15625 0.16796875
0 0.55390625 0.5046875 0.26171875 0.2859375
0 0.52890625 0.68125 0.0890625 0.09375
0 0.571875 0.740625 0.13671875 0.13203125
0 0.7015625 0.79921875 0.16796875 0.1703125
0 0.63125 0.89453125 0.10078125 0.10546875
0 0.60546875 0.96015625 0.115625 0.0796875
0 0.41953125 0.94921875 0.15859375 0.10078125
0 0.4015625 0.82578125 0.1421875 0.1515625
0 0.2953125 0.73203125 0.12265625 0.12734375
0 0.0984375 0.6265625 0.196875 0.3484375
0 0.02265625 0.53828125 0.0453125 0.30546875
0 0.37734375 0.17890625 0.1921875 0.2046875
0 0.6578125 0.16328125 0.115625 0.1203125
0 0.73828125 0.1265625 0.1078125 0.115625
0 0.6703125 0.23046875 0.10078125 0.103125