0 0.64140625 0.10859375 0.1171875 0.2171875
0 0.603125 0.4796875 0.19375 0.259375
0 0.57265625 0.33203125 0.15625 0.16796875
0 0.37421875 0.29375 0.26171875 0.2859375
0 0.34921875 0.1171875 0.0890625 0.09375
0 0.39140625 0.06171875 0.1359375 0.1234375
0 0.52109375 0.0421875 0.1671875 0.084375
0 0.22109375 0.02421875 0.1421875 0.0484375
0 0.115625 0.06640625 0.12265625 0.12734375
0 0.19765625 0.56328125 0.1921875 0.0921875
0 0.478125 0.5921875 0.115625 0.034375
0 0.48984375 0.5625 0.1015625 0.09375
0 0.9921875 0.4359375 0.015625 0.06875
0 0.92109375 0.03203125 0.0921875 0.0640625
0 0.7890625 0.06640625 0.0671875 0.0671875
0 0.728125 0.14140625 0.05625 0.0796875
0 0.74296875 0.4375 0.05546875 0.05078125
0 0.9453125 0.52421875 0.05546875 0.05546875
0 0.85859375 0.0265625 0.04296875 0.05078125
0 0.440625 0.9578125 0.115625 0.084375
0 0.096875 0.98671875 0.103125 0.0265625
0 0.025 0.940625 0.05 0.0625
0 0.3453125 0.8046875 0.690625 0.390625
0 0.58671875 0.83359375 0.10546875 0.1078125
0 0.62890625 0.66328125 0.06015625 0.06484375
0 0.65859375 0.8046875 0.0828125 0.390625
0 0.91484375 0.9609375 0.05546875 0.05078125
0 0.83125 0.97734375 0.0625 0.0453125
0 0.7171875 0.91015625 0.034375 0.0484375
0 0.77421875 0.93125 0.103125 0.10546875
0 0.865625 0.90078125 0.07421875 0.071875
0 0.8859375 0.83984375 0.03359375 0.0359375
0 0.85 0.82421875 0.053125 0.04296875
0 0.821875 0.7859375 0.03359375 0.03359375
0 0.7515625 0.821875 0.0484375 0.040625
0 0.7125 0.7703125 0.025 0.034375
0 0.7171875 0.72734375 0.034375 0.0484375
0 0.78125 0.75078125 0.11796875 0.12265625
0 0.92890625 0.66640625 0.0796875 0.08203125
0 0.81875 0.61796875 0.065625 0.0171875