0 0.3671875 0.115625 0.15625 0.12734375
0 0.51875 0.11796875 0.08125 0.0796875
0 0.47421875 0.06015625 0.0671875 0.06484375
0 0.01171875 0.05078125 0.0234375 0.0484375
0 0.20625 0.16953125 0.05546875 0.0484375
0 0.61796875 0.1640625 0.06484375 0.071875
0 0.93203125 0.15 0.11796875 0.10546875
0 0.92734375 0.0625 0.1453125 0.125
0 0.896875 0.2625 0.084375 0.071875
0 0.784375 0.3421875 0.071875 0.015625
0 0.31484375 0.57734375 0.1203125 0.1078125
0 0.36171875 0.6640625 0.08671875 0.071875
0 0.23515625 0.97265625 0.0953125 0.0546875
0 0.44375 0.94609375 0.05078125 0.05078125
0 0.18359375 0.91875 0.053125 0.053125
0 0.25234375 0.88828125 0.0625 0.053125
0 0.24296875 0.8328125 0.0578125 0.071875
0 0.06015625 0.46484375 0.1203125 0.1265625
0 0.50859375 0.39296875 0.0625 0.06015625
0 0.41953125 0.39453125 0.040625 0.0484375
0 0.525 0.69765625 0.03828125 0.04296875
0 0.91796875 0.5 0.13671875 0.1421875
0 0.83828125 0.55390625 0.0890625 0.0890625
0 0.78203125 0.5734375 0.0765625 0.0796875
0 0.6484375 0.5265625 0.084375 0.08671875
0 0.6578125 0.59765625 0.053125 0.053125
0 0.61015625 0.65078125 0.1015625 0.1078125
0 0.6390625 0.75703125 0.09375 0.09609375
0 0.58203125 0.88359375 0.0453125 0.0828125
0 0.60390625 0.9015625 0.07421875 0.07421875
0 0.68203125 0.91796875 0.06015625 0.06015625
0 0.9703125 0.96640625 0.059375 0.0671875
0 0.94921875 0.80078125 0.1015625 0.1078125
0 0.91640625 0.70078125 0.07421875 0.07421875
0 0.85859375 0.67578125 0.07421875 0.07421875
0 0.8 0.7609375 0.14921875 0.14921875
0 0.7546875 0.9828125 0.071875 0.034375
0 0.9703125 0.471875 0.059375 0.1
0 0.9765625 0.5625 0.046875 0.071875
0 0.96953125 0.70078125 0.0609375 0.0734375