0 0.1875 0.1953125 0.1875 0.18515625
0 0.08046875 0.29140625 0.115625 0.115625
0 0.078125 0.2171875 0.08671875 0.08671875
0 0.0375 0.1375 0.07421875 0.07421875
0 0.30859375 0.13828125 0.0203125 0.0671875
0 0.06328125 0.41328125 0.1265625 0.1109375
0 0.7 0.3609375 0.15625 0.165625
0 0.5734375 0.35078125 0.08671875 0.0984375
0 0.49296875 0.2546875 0.0984375 0.1109375
0 0.41640625 0.42265625 0.1421875 0.0921875
0 0.36796875 0.32109375 0.0796875 0.08671875
0 0.725 0.11796875 0.55 0.2359375
0 0.9328125 0.1921875 0.12265625 0.12734375
0 0.98046875 0.27578125 0.0390625 0.0671875
0 0.91484375 0.3890625 0.09140625 0.10546875
0 0.96171875 0.025 0.0765625 0.05
0 0.5421875 0.08984375 0.05078125 0.0625
0 0.88359375 0.125 0.06484375 0.053125
0 0.840625 0.24296875 0.08671875 0.0890625
0 0.78515625 0.225 0.0796875 0.084375
0 0.4703125 0.08984375 0.08203125 0.08203125
0 0.66328125 0.4375 0.1296875 0.0625
0 0.034375 0.49296875 0.0625 0.0484375
0 0.2765625 0.88828125 0.0578125 0.05078125
0 0.16875 0.978125 0.125 0.04375
0 0.10390625 0.95703125 0.05078125 0.06484375
0 0.08203125 0.84296875 0.071875 0.0796875
0 0.078125 0.7515625 0.03359375 0.05078125
0 0.11796875 0.57578125 0.06015625 0.0671875
0 0.06875 0.60390625 0.0578125 0.0453125
0 0.79921875 0.946875 0.3265625 0.10625
0 0.67421875 0.9625 0.1140625 0.075
0 0.503125 0.72421875 0.09375 0.09375
0 0.4515625 0.89765625 0.1390625 0.13671875
0 0.95625 0.51953125 0.0875 0.1015625
0 0.6390625 0.49609375 0.125 0.0546875
0 0.71484375 0.6546875 0.0984375 0.0984375
0 0.840625 0.596875 0.303125 0.25625
0 0.978125 0.6203125 0.04375 0.05625
0 0.9625 0.64375 0.053125 0.053125
0 0.89375 0.83359375 0.07421875 0.07421875
0 0.9203125 0.86640625 0.0484375 0.05078125
0 0.35 0.8 0.0625 0.084375
0 0.5859375 0.7421875 0.05546875 0.05546875
0 0.6890625 0.8 0.0578125 0.0578125
0 0.58203125 0.509375 0.06015625 0.06015625
0 0.54375 0.51171875 0.07421875 0.07421875