0 0.50703125 0.0453125 0.05546875 0.0625
0 0.47734375 0.30234375 0.0625 0.071875
0 0.540625 0.29765625 0.06484375 0.0765625
0 0.09453125 0.3234375 0.0734375 0.03125
0 0.8109375 0.12265625 0.053125 0.0578125
0 0.728125 0.14296875 0.0578125 0.06015625
0 0.62734375 0.23046875 0.0765625 0.0796875
0 0.6765625 0.26171875 0.0453125 0.0578125
0 0.5953125 0.10703125 0.03125 0.0578125
0 0.21640625 0.89765625 0.05078125 0.05546875
0 0.18125 0.71953125 0.0671875 0.07421875
0 0.2875 0.4828125 0.10546875 0.1078125
0 0.24609375 0.5515625 0.103125 0.09609375
0 0.01171875 0.978125 0.0234375 0.04375
0 0.08046875 0.81484375 0.0890625 0.10546875
0 0.51953125 0.67265625 0.06484375 0.06015625
0 0.5328125 0.5453125 0.0578125 0.05546875
0 0.509375 0.61953125 0.04296875 0.040625
0 0.4859375 0.81953125 0.05546875 0.053125
0 0.4953125 0.3703125 0.08125 0.0625
0 0.10703125 0.36640625 0.05546875 0.053125
0 0.6671875 0.85625 0.084375 0.08671875
0 0.81015625 0.48828125 0.0796875 0.0796875
0 0.73515625 0.415625 0.0765625 0.0765625
0 0.71796875 0.36484375 0.0671875 0.0515625
0 0.98671875 0.38671875 0.0265625 0.0953125
0 0.6453125 0.5078125 0.05546875 0.0578125
0 0.63125 0.61484375 0.0578125 0.06015625
0 0.86796875 0.80859375 0.0796875 0.0796875
0 0.96640625 0.93125 0.0671875 0.071875
0 0.875 0.57421875 0.071875 0.07421875
0 0.9671875 0.58984375 0.0578125 0.05546875
0 0.9796875 0.565625 0.040625 0.059375
0 0.82421875 0.35703125 0.0578125 0.0359375
0 0.80625 0.92109375 0.0625 0.06484375
0 0.7609375 0.8921875 0.040625 0.04296875
0 0.6484375 0.91484375 0.1375 0.1703125
0 0.8390625 0.6546875 0.07421875 0.07421875
0 0.96484375 0.7484375 0.06015625 0.06015625