0 0.43125 0.6359375 0.16796875 0.146875
0 0.603125 0.6390625 0.10078125 0.09140625
0 0.546875 0.571875 0.071875 0.07421875
0 0.7640625 0.521875 0.09609375 0.09609375
0 0.8125 0.35703125 0.084375 0.09375
0 0.93359375 0.18359375 0.13203125 0.15390625
0 0.7515625 0.1859375 0.10546875 0.11328125
0 0.71640625 0.27421875 0.084375 0.09609375
0 0.521875 0.46875 0.06015625 0.06484375
0 0.4890625 0.20546875 0.0671875 0.07421875
0 0.55859375 0.21171875 0.06953125 0.0796875
0 0.2921875 0.08671875 0.084375 0.0765625
0 0.0765625 0.15234375 0.08203125 0.09375
0 0.12109375 0.0921875 0.07421875 0.08203125
0 0.07421875 0.04296875 0.07421875 0.0765625
0 0.01328125 0.73203125 0.0265625 0.08203125
0 0.0328125 0.5625 0.05546875 0.05546875
0 0.25625 0.696875 0.06015625 0.053125
0 0.725 0.74140625 0.11796875 0.1078125
0 0.8421875 0.80625 0.06484375 0.053125
0 0.73828125 0.946875 0.14921875 0.10546875
0 0.96484375 0.98203125 0.06953125 0.0359375