0 0.4125 0.5953125 0.15625 0.12734375
0 0.57109375 0.5984375 0.09375 0.0796875
0 0.51953125 0.53984375 0.0671875 0.06484375
0 0.7203125 0.4953125 0.0890625 0.084375
0 0.7640625 0.35234375 0.0765625 0.08203125
0 0.88125 0.20078125 0.13203125 0.134375
0 0.7078125 0.203125 0.0984375 0.0984375
0 0.67578125 0.27890625 0.0765625 0.084375
0 0.49609375 0.44921875 0.05546875 0.05546875
0 0.46640625 0.2203125 0.0625 0.06484375
0 0.5296875 0.225 0.06484375 0.06953125
0 0.28359375 0.11640625 0.0765625 0.0671875
0 0.08515625 0.1734375 0.07421875 0.08203125
0 0.1265625 0.1203125 0.06953125 0.071875
0 0.0828125 0.078125 0.06953125 0.0671875
0 0.01953125 0.67890625 0.03828125 0.071875
0 0.04453125 0.53125 0.05078125 0.0484375
0 0.2515625 0.64921875 0.05546875 0.0484375
0 0.68359375 0.6875 0.1078125 0.09375
0 0.7921875 0.74375 0.06015625 0.0484375
0 0.69609375 0.88359375 0.13671875 0.125
0 0.93046875 0.940625 0.1171875 0.11875