0 0.56640625 0.58984375 0.1421875 0.125
0 0.4234375 0.59375 0.084375 0.0796875
0 0.4703125 0.5359375 0.06015625 0.0625
0 0.28828125 0.49375 0.0796875 0.08203125
0 0.24765625 0.353125 0.06953125 0.0796875
0 0.1421875 0.20703125 0.1203125 0.1296875
0 0.29921875 0.209375 0.0890625 0.09609375
0 0.328125 0.2828125 0.06953125 0.08203125
0 0.490625 0.4484375 0.05078125 0.05546875
0 0.5171875 0.225 0.0578125 0.0625
0 0.46015625 0.2296875 0.0578125 0.0671875
0 0.6828125 0.1234375 0.06953125 0.06484375
0 0.86171875 0.17890625 0.0671875 0.0796875
0 0.82421875 0.12890625 0.0625 0.06953125
0 0.8640625 0.08671875 0.0625 0.06484375
0 0.9421875 0.671875 0.0765625 0.06953125
0 0.89921875 0.52890625 0.0453125 0.0484375
0 0.71171875 0.6421875 0.05078125 0.0453125
0 0.32109375 0.68046875 0.0984375 0.09140625
0 0.22265625 0.7359375 0.05546875 0.0453125
0 0.31015625 0.87109375 0.125 0.12265625
0 0.09609375 0.9265625 0.10546875 0.115625