0 0.5 0.04140625 0.0375 0.0796875
0 0.46484375 0.1859375 0.0890625 0.09609375
0 0.4359375 0.1125 0.06953125 0.08203125
0 0.246875 0.1703125 0.0578125 0.0625
0 0.30390625 0.165625 0.0578125 0.0671875
0 0.08046875 0.26953125 0.0703125 0.0609375
0 0.81953125 0.2875 0.0578125 0.025
0 0.54140625 0.12734375 0.0453125 0.0640625
0 0.853125 0.1375 0.0578125 0.0578125
0 0.48828125 0.7578125 0.0609375 0.084375
0 0.40703125 0.775 0.06953125 0.06015625
0 0.4171875 0.903125 0.08203125 0.06015625
0 0.0453125 0.9546875 0.090625 0.090625
0 0.03984375 0.33984375 0.0796875 0.0796875
0 0.49140625 0.315625 0.0546875 0.03125
0 0.7109375 0.7015625 0.09375 0.10078125
0 0.86328125 0.40234375 0.1078125 0.125
0 0.94453125 0.33515625 0.0765625 0.0703125
0 0.5515625 0.875 0.065625 0.115625
0 0.70078125 0.8859375 0.2015625 0.228125
0 0.8484375 0.95546875 0.215625 0.0890625
0 0.834375 0.80859375 0.0890625 0.09140625
0 0.70625 0.55 0.07421875 0.0765625
0 0.73046875 0.41796875 0.2796875 0.2359375
0 0.87890625 0.59375 0.2421875 0.4