0 0.609375 0.525 0.1875 0.18515625
0 0.50234375 0.62109375 0.115625 0.115625
0 0.5 0.546875 0.08671875 0.08671875
0 0.33515625 0.63359375 0.115625 0.115625
0 0.2125 0.55390625 0.10546875 0.10546875
0 0.0625 0.51171875 0.125 0.178125
0 0.1578125 0.4109375 0.1296875 0.1296875
0 0.228125 0.4484375 0.10546875 0.1078125
0 0.459375 0.4671875 0.07421875 0.07421875
0 0.3328125 0.2796875 0.084375 0.084375
0 0.2921875 0.32109375 0.0890625 0.0890625
0 0.3921875 0.09609375 0.09609375 0.09375
0 0.5640625 0.0359375 0.103125 0.071875
0 0.50234375 0.0265625 0.09375 0.053125
0 0.946875 0.34140625 0.103125 0.103125
0 0.82109375 0.2609375 0.06484375 0.06484375
0 0.75390625 0.46875 0.0671875 0.0671875
0 0.48203125 0.75390625 0.134375 0.13203125
0 0.44453125 0.859375 0.071875 0.06953125
0 0.5984375 0.90625 0.1734375 0.1734375