0 0.11796875 0.36328125 0.1421875 0.125
0 0.2609375 0.359375 0.084375 0.0796875
0 0.2140625 0.4171875 0.06015625 0.0625
0 0.37265625 0.45859375 0.0328125 0.0828125
0 0.19375 0.5046875 0.05078125 0.05546875
0 0.3515625 0.271875 0.075 0.090625
0 0.35 0.08125 0.078125 0.121875
0 0.51640625 0.490625 0.08671875 0.08671875
0 0.625 0.478125 0.0765625 0.08203125
0 0.68984375 0.3125 0.13203125 0.1078125
0 0.90625 0.16484375 0.08203125 0.06484375
0 0.68984375 0.04375 0.0578125 0.0578125
0 0.57265625 0.14765625 0.053125 0.06953125
0 0.03203125 0.6203125 0.0640625 0.0625
0 0.24453125 0.953125 0.0578125 0.0453125
0 0.05078125 0.96171875 0.0765625 0.0765625
0 0.18125 0.77578125 0.196875 0.12734375
0 0.24375 0.66015625 0.28125 0.1421875
0 0.4390625 0.9234375 0.1 0.153125
0 0.571875 0.9359375 0.0984375 0.1109375
0 0.62578125 0.89140625 0.07421875 0.07421875
0 0.7671875 0.878125 0.1703125 0.2015625
0 0.94765625 0.94453125 0.0625 0.06953125
0 0.86484375 0.675 0.0484375 0.0671875
0 0.77734375 0.64609375 0.08203125 0.103125
0 0.53203125 0.73671875 0.053125 0.0671875
0 0.46484375 0.69453125 0.07421875 0.09140625
0 0.5828125 0.7859375 0.0578125 0.0578125
0 0.63515625 0.75078125 0.0453125 0.04296875
0 0.6390625 0.690625 0.04296875 0.0453125
0 0.59453125 0.665625 0.040625 0.03828125