0 0.38125 0.1078125 0.0796875 0.08203125
0 0.234375 0.1203125 0.084375 0.07421875
0 0.190625 0.10703125 0.071875 0.06953125
0 0.14921875 0.09140625 0.09375 0.09375
0 0.1546875 0.0328125 0.103125 0.065625
0 0.20625 0.38984375 0.09375 0.0203125
0 0.58828125 0.2 0.2984375 0.4
0 0.6265625 0.1234375 0.09140625 0.09375
0 0.61328125 0.05 0.09609375 0.0984375
0 0.859375 0.02265625 0.08125 0.0453125
0 0.46171875 0.08515625 0.0453125 0.0859375
0 0.671875 0.35234375 0.159375 0.0953125
0 0.95625 0.196875 0.0875 0.103125
0 0.98828125 0.3234375 0.0234375 0.053125
0 0.390625 0.9234375 0.06484375 0.0625
0 0.37109375 0.85625 0.053125 0.0453125
0 0.38515625 0.75859375 0.0453125 0.05546875
0 0.09921875 0.665625 0.0578125 0.06015625
0 0.02421875 0.79140625 0.0484375 0.0484375
0 0.015625 0.6640625 0.03125 0.05
0 0.13515625 0.52890625 0.0578125 0.0578125
0 0.30625 0.5265625 0.06015625 0.03359375
0 0.2109375 0.56875 0.05078125 0.053125
0 0.41640625 0.54609375 0.03828125 0.05546875
0 0.39609375 0.4640625 0.0359375 0.03828125
0 0.4265625 0.4296875 0.025 0.01875
0 0.421875 0.41015625 0.034375 0.0203125
0 0.3375 0.4265625 0.0625 0.053125
0 0.215625 0.42109375 0.0625 0.0421875
0 0.28515625 0.98203125 0.0921875 0.0359375
0 0.171875 0.88203125 0.0890625 0.084375
0 0.73671875 0.42265625 0.0796875 0.0453125
0 0.74765625 0.5171875 0.10078125 0.115625
0 0.89296875 0.53046875 0.134375 0.15390625
0 0.91953125 0.6421875 0.0984375 0.115625
0 0.91953125 0.79375 0.09375 0.1078125
0 0.94296875 0.91328125 0.1140625 0.1734375
0 0.51953125 0.94921875 0.0734375 0.1015625
0 0.571875 0.5328125 0.0890625 0.084375