0 0.171875 0.3921875 0.11796875 0.125
0 0.0265625 0.31015625 0.053125 0.0765625
0 0.02578125 0.15703125 0.0515625 0.0609375
0 0.02421875 0.06171875 0.0484375 0.0671875
0 0.7765625 0.43359375 0.08203125 0.0796875
0 0.625 0.38125 0.10546875 0.09375
0 0.615625 0.28828125 0.10546875 0.1109375
0 0.36875 0.38359375 0.1375 0.1671875
0 0.78046875 0.03203125 0.0703125 0.0640625
0 0.95078125 0.06796875 0.0984375 0.1203125
0 0.91796875 0.2125 0.071875 0.08203125
0 0.98359375 0.31796875 0.0328125 0.0921875
0 0.84375 0.2796875 0.071875 0.06484375
0 0.83984375 0.22109375 0.0671875 0.0578125
0 0.82109375 0.1625 0.053125 0.06484375
0 0.5796875 0.5640625 0.115625 0.03125
0 0.53359375 0.12734375 0.13203125 0.1296875
0 0.42421875 0.76953125 0.2484375 0.3359375
0 0.390625 0.96328125 0.0578125 0.06015625
0 0.53046875 0.953125 0.1265625 0.09375
0 0.7078125 0.85234375 0.1390625 0.1421875
0 0.82265625 0.9515625 0.0984375 0.096875
0 0.82265625 0.85703125 0.15625 0.15625
0 0.953125 0.77578125 0.09375 0.1421875
0 0.93203125 0.65859375 0.1359375 0.1578125
0 0.65625 0.67578125 0.07421875 0.07421875
0 0.7125 0.60859375 0.084375 0.0578125
0 0.53125 0.6875 0.06015625 0.06015625
0 0.571875 0.609375 0.065625 0.059375
0 0.509375 0.61015625 0.13125 0.0609375
0 0.3359375 0.62890625 0.071875 0.0890625