0 0.2515625 0.07421875 0.134375 0.1484375
0 0.46640625 0.27578125 0.0453125 0.0609375
0 0.02734375 0.17109375 0.0546875 0.0953125
0 0.72421875 0.4171875 0.0765625 0.025
0 0.78984375 0.28125 0.13203125 0.1078125
0 0.98203125 0.1328125 0.0359375 0.065625
0 0.78984375 0.0203125 0.0578125 0.040625
0 0.67265625 0.11640625 0.053125 0.06953125
0 0.25390625 0.59296875 0.0796875 0.0671875
0 0.3328125 0.63828125 0.0625 0.07421875
0 0.43984375 0.7875 0.0984375 0.0890625
0 0.3453125 0.8765625 0.08203125 0.0796875
0 0.3921875 0.92578125 0.19375 0.1484375
0 0.109375 0.9484375 0.05546875 0.05546875
0 0.19609375 0.865625 0.05546875 0.0625
0 0.265625 0.88828125 0.0453125 0.053125
0 0.30546875 0.73359375 0.05546875 0.05546875
0 0.05390625 0.8984375 0.1078125 0.175
0 0.1140625 0.559375 0.06953125 0.06015625
0 0.37421875 0.45703125 0.053125 0.04296875
0 0.72265625 0.8921875 0.1875 0.1828125
0 0.553125 0.946875 0.125 0.10625
0 0.5078125 0.85234375 0.0375 0.1609375
0 0.9875 0.4875 0.025 0.084375
0 0.878125 0.5984375 0.08671875 0.08671875
0 0.9296875 0.7546875 0.10078125 0.10078125
0 0.7 0.671875 0.0765625 0.0765625