0 0.5796875 0.121875 0.053125 0.05078125
0 0.55859375 0.2765625 0.07421875 0.08203125
0 0.684375 0.27421875 0.05 0.0671875
0 0.4109375 0.2953125 0.06015625 0.06484375
0 0.265625 0.34140625 0.075 0.0171875
0 0.14453125 0.03671875 0.0890625 0.0734375
0 0.07890625 0.0890625 0.06953125 0.0765625
0 0.8703125 0.1703125 0.2453125 0.25
0 0.74140625 0.2296875 0.0640625 0.08125
0 0.7703125 0.1359375 0.09375 0.10078125
0 0.7609375 0.03671875 0.09375 0.0734375
0 0.94453125 0.24296875 0.1109375 0.1859375
0 0.98984375 0.15625 0.0203125 0.0875
0 0.86640625 0.0078125 0.0671875 0.015625
0 0.203125 0.56328125 0.12734375 0.125
0 0.0625 0.3640625 0.125 0.028125
0 0.08828125 0.3578125 0.0578125 0.015625
0 0.671875 0.4671875 0.075 0.084375
0 0.66328125 0.3765625 0.0921875 0.053125
0 0.44609375 0.3828125 0.0578125 0.053125
0 0.40625 0.42109375 0.06015625 0.0578125
0 0.35078125 0.54140625 0.05078125 0.0484375
0 0.38828125 0.55078125 0.0359375 0.04296875
0 0.46171875 0.52578125 0.040625 0.040625
0 0.5875 0.528125 0.02890625 0.040625
0 0.55078125 0.55 0.04296875 0.05078125
0 0.51953125 0.56640625 0.053125 0.05078125
0 0.35703125 0.7359375 0.03359375 0.0359375
0 0.41484375 0.8453125 0.0578125 0.0578125
0 0.45078125 0.8984375 0.0796875 0.06015625
0 0.21171875 0.86953125 0.0765625 0.0765625
0 0.09140625 0.91171875 0.0578125 0.0578125
0 0.0359375 0.88359375 0.071875 0.1046875
0 0.0078125 0.97734375 0.015625 0.0453125
0 0.35859375 0.990625 0.0734375 0.01875
0 0.66953125 0.784375 0.0796875 0.0671875
0 0.56953125 0.784375 0.0484375 0.040625
0 0.36328125 0.63984375 0.103125 0.103125
0 0.4953125 0.7109375 0.146875 0.16328125
0 0.89140625 0.9640625 0.0796875 0.071875
0 0.76171875 0.81640625 0.1046875 0.1140625
0 0.85 0.703125 0.10078125 0.10078125
0 0.8078125 0.58046875 0.196875 0.3609375
0 0.82265625 0.36015625 0.0765625 0.0203125
0 0.740625 0.390625 0.0625 0.053125
0 0.99140625 0.69765625 0.0171875 0.0796875
0 0.93671875 0.6796875 0.0578125 0.06484375
0 0.9125 0.8625 0.0671875 0.06953125