0 0.24453125 0.01796875 0.1640625 0.0359375
0 0.02890625 0.2359375 0.0578125 0.125
0 0.1578125 0.19375 0.0671875 0.06484375
0 0.24765625 0.3125 0.0984375 0.103125
0 0.13046875 0.3734375 0.0953125 0.090625
0 0.3765625 0.2609375 0.0796875 0.08203125
0 0.5203125 0.24765625 0.078125 0.0734375
0 0.5453125 0.2609375 0.028125 0.06875
0 0.85234375 0.0765625 0.2953125 0.153125
0 0.6546875 0.1796875 0.0578125 0.08203125
0 0.59453125 0.21015625 0.0453125 0.0578125
0 0.7578125 0.3546875 0.146875 0.128125
0 0.75546875 0.4109375 0.0578125 0.015625
0 0.2375 0.990625 0.0875 0.01875
0 0.5 0.69296875 0.10546875 0.10546875
0 0.42109375 0.675 0.071875 0.07421875
0 0.4265625 0.72578125 0.08203125 0.08671875
0 0.11796875 0.61015625 0.12734375 0.134375
0 0.3578125 0.4640625 0.146875 0.090625
0 0.42265625 0.44296875 0.1078125 0.0484375
0 0.24296875 0.6109375 0.4859375 0.384375
0 0.19609375 0.88671875 0.06953125 0.071875