0 0.5296875 0.5140625 0.134375 0.15625
0 0.86796875 0.79921875 0.1109375 0.1109375
0 0.86796875 0.66953125 0.19921875 0.196875
0 0.9640625 0.96875 0.071875 0.0625
0 0.96484375 0.51796875 0.06953125 0.08671875
0 0.93984375 0.359375 0.1109375 0.1109375
0 0.7515625 0.3078125 0.0578125 0.06015625
0 0.72734375 0.1234375 0.0796875 0.09609375
0 0.8796875 0.1265625 0.084375 0.08203125
0 0.9796875 0.0890625 0.040625 0.06015625
0 0.56953125 0.10234375 0.06484375 0.07421875
0 0.41484375 0.02890625 0.0796875 0.0578125
0 0.37734375 0.00859375 0.06484375 0.0171875
0 0.28515625 0.4125 0.09609375 0.09609375
0 0.353125 0.615625 0.08203125 0.09375
0 0.3578125 0.80625 0.0671875 0.07421875
0 0.35078125 0.9234375 0.0765625 0.084375
0 0.23828125 0.859375 0.06953125 0.08203125
0 0.1828125 0.9328125 0.084375 0.103125
0 0.1109375 0.48203125 0.0890625 0.07421875
0 0.02265625 0.384375 0.0453125 0.071875
0 0.21484375 0.3453125 0.07421875 0.09140625
0 0.87890625 0.9796875 0.0671875 0.040625
0 0.78125 0.95703125 0.053125 0.06015625
0 0.7203125 0.9421875 0.06015625 0.071875