0 0.70703125 0.14296875 0.10078125 0.1078125
0 0.65859375 0.24375 0.08203125 0.0796875
0 0.5734375 0.2328125 0.0890625 0.11796875
0 0.61875 0.2921875 0.053125 0.05546875
0 0.603125 0.41328125 0.0796875 0.06484375
0 0.625 0.478125 0.0578125 0.06015625
0 0.7203125 0.634375 0.08671875 0.08671875
0 0.96015625 0.6625 0.0796875 0.10546875
0 0.94140625 0.9375 0.08203125 0.0796875
0 0.459375 0.66328125 0.0578125 0.06953125
0 0.36875 0.63359375 0.06015625 0.0765625
0 0.2921875 0.71015625 0.0671875 0.0796875
0 0.36171875 0.74765625 0.0765625 0.06953125
0 0.3921875 0.86171875 0.040625 0.05546875
0 0.5609375 0.95546875 0.0796875 0.0765625
0 0.13359375 0.56484375 0.0765625 0.08203125
0 0.0609375 0.67578125 0.0796875 0.0984375
0 0.0625 0.803125 0.0671875 0.0796875
0 0.16953125 0.9234375 0.06484375 0.05546875
0 0.19921875 0.16796875 0.06953125 0.071875
0 0.11328125 0.22578125 0.12265625 0.1609375
0 0.05625 0.10234375 0.06953125 0.08671875
0 0.2171875 0.271875 0.03359375 0.04296875
0 0.26796875 0.275 0.040625 0.0453125
0 0.3390625 0.2203125 0.053125 0.053125
0 0.2640625 0.31015625 0.040625 0.05078125
0 0.296875 0.3375 0.05546875 0.05546875