0 0.44921875 0.103125 0.08203125 0.0796875
0 0.3640625 0.1140625 0.0890625 0.11796875
0 0.409375 0.0546875 0.053125 0.05546875
0 0.01171875 0.07421875 0.0234375 0.0421875
0 0.05859375 0.071875 0.040625 0.0453125
0 0.1296875 0.1265625 0.053125 0.053125
0 0.0546875 0.03671875 0.040625 0.05078125
0 0.08671875 0.01796875 0.0546875 0.0359375
0 0.98984375 0.0890625 0.0203125 0.0375
0 0.93046875 0.01953125 0.0890625 0.0390625
0 0.84609375 0.06875 0.08203125 0.08203125
0 0.7921875 0.1625 0.146875 0.034375
0 0.7109375 0.00859375 0.059375 0.0171875
0 0.10859375 0.87109375 0.2171875 0.2578125
0 0.378125 0.86328125 0.28125 0.2734375
0 0.209375 0.98671875 0.11875 0.0265625
0 0.290625 0.39765625 0.0890625 0.0765625
0 0.015625 0.40390625 0.03125 0.0640625
0 0.103125 0.190625 0.103125 0.021875
0 0.359375 0.5890625 0.0890625 0.09140625
0 0.68828125 0.82421875 0.3390625 0.3078125
0 0.9359375 0.4515625 0.128125 0.165625
0 0.965625 0.23515625 0.06875 0.1109375
0 0.72578125 0.2890625 0.0984375 0.0796875
0 0.784375 0.946875 0.06953125 0.06015625
0 0.9703125 0.76328125 0.059375 0.0671875
0 0.6703125 0.61328125 0.06953125 0.0578125