0 0.040625 0.0734375 0.08125 0.146875
0 0.384375 0.271875 0.103125 0.05625
0 0.4828125 0.23359375 0.159375 0.1328125
0 0.4078125 0.18359375 0.05546875 0.06015625
0 0.35546875 0.15859375 0.0625 0.06484375
0 0.25703125 0.18359375 0.0765625 0.07421875
0 0.3734375 0.125 0.06484375 0.0671875
0 0.35078125 0.0828125 0.08203125 0.0796875
0 0.91015625 0.2375 0.0578125 0.0625
0 0.7109375 0.128125 0.0578125 0.0796875
0 0.31171875 0.984375 0.0703125 0.03125
0 0.29453125 0.84765625 0.0890625 0.0890625
0 0.35078125 0.68984375 0.0671875 0.0796875
0 0.396875 0.36328125 0.240625 0.1265625
0 0.171875 0.57421875 0.21875 0.25234375
0 0.44609375 0.89453125 0.0625 0.06015625
0 0.46484375 0.6515625 0.0890625 0.146875
0 0.5625 0.61953125 0.053125 0.1609375
0 0.615625 0.5453125 0.053125 0.11875
0 0.63828125 0.85 0.08203125 0.0765625
0 0.615625 0.75234375 0.053125 0.0984375
0 0.6546875 0.6609375 0.084375 0.0796875
0 0.67265625 0.3515625 0.1671875 0.103125
0 0.80390625 0.8609375 0.13203125 0.13671875
0 0.91015625 0.80078125 0.06953125 0.06953125
0 0.96484375 0.83671875 0.0703125 0.1046875
0 0.925 0.95390625 0.15 0.0921875
0 0.6796875 0.9875 0.08125 0.025
0 0.7296875 0.73671875 0.1078125 0.0984375
0 0.696875 0.80078125 0.07421875 0.08203125
0 0.709375 0.50390625 0.06484375 0.06484375
0 0.66953125 0.4890625 0.0453125 0.0453125
0 0.7078125 0.621875 0.06015625 0.0625
0 0.63359375 0.93984375 0.05546875 0.05078125
0 0.625 0.9078125 0.0671875 0.0671875
0 0.8109375 0.34375 0.05546875 0.0625
0 0.81484375 0.3875 0.0625 0.0625