0 0.35625 0.66171875 0.1 0.0546875
0 0.30859375 0.5875 0.08203125 0.0796875
0 0.2234375 0.5984375 0.0890625 0.11796875
0 0.26875 0.5390625 0.053125 0.05546875
0 0.253125 0.41796875 0.0796875 0.06484375
0 0.275 0.353125 0.0578125 0.06015625
0 0.3703125 0.196875 0.08671875 0.08671875
0 0.58515625 0.16796875 0.0296875 0.1046875
0 0.109375 0.16796875 0.0578125 0.06953125
0 0.02421875 0.19765625 0.0484375 0.0765625
0 0.025 0.0828125 0.05 0.06875
0 0.0078125 0.6109375 0.015625 0.053125
0 0.65625 0.08046875 0.08203125 0.11328125
0 0.85546875 0.078125 0.1609375 0.15625
0 0.953125 0.66171875 0.09375 0.0546875
0 0.7046875 0.29921875 0.071875 0.0796875
0 0.04296875 0.84765625 0.06484375 0.05546875
0 0.15234375 0.90703125 0.05546875 0.06953125
0 0.025 0.92265625 0.05 0.0359375
0 0.0765625 0.96328125 0.0484375 0.0484375
0 0.934375 0.9671875 0.0625 0.065625
0 0.865625 0.98359375 0.05625 0.0328125
0 0.82890625 0.98125 0.0359375 0.0375
0 0.98125 0.9015625 0.0375 0.065625
0 0.915625 0.753125 0.05078125 0.05546875
0 0.73671875 0.9734375 0.1171875 0.053125
0 0.78125 0.89296875 0.053125 0.05078125
0 0.721875 0.8828125 0.05078125 0.05078125
0 0.8109375 0.7703125 0.0453125 0.06484375
0 0.8796875 0.7484375 0.03125 0.03125
0 0.85078125 0.759375 0.0359375 0.02890625
0 0.834375 0.73671875 0.03359375 0.03125
0 0.82578125 0.69375 0.0359375 0.009375
0 0.6125 0.7703125 0.025 0.0375