0 0.0703125 0.26796875 0.06015625 0.0765625
0 0.146875 0.34453125 0.0671875 0.0796875
0 0.07734375 0.38203125 0.0765625 0.06953125
0 0.046875 0.49609375 0.040625 0.05546875
0 0.30546875 0.19921875 0.0765625 0.08203125
0 0.36875 0.31015625 0.0625 0.0984375
0 0.37109375 0.43671875 0.0578125 0.0796875
0 0.80859375 0.4265625 0.06015625 0.0625
0 0.75546875 0.37734375 0.125 0.11796875
0 0.57421875 0.41484375 0.1203125 0.10078125
0 0.5734375 0.5234375 0.05625 0.03125
0 0.75546875 0.2171875 0.06015625 0.0625
0 0.71015625 0.1765625 0.084375 0.0765625
0 0.64765625 0.115625 0.0765625 0.0796875
0 0.40625 0.3546875 0.0125 0.071875
0 0.4359375 0.41796875 0.071875 0.06484375
0 0.43359375 0.509375 0.0671875 0.059375
0 0.96484375 0.03828125 0.0578125 0.06484375
0 0.4125 0.246875 0.025 0.05625
0 0.809375 0.27890625 0.053125 0.05078125
0 0.51875 0.225 0.03828125 0.03359375
0 0.36171875 0.67265625 0.0765625 0.2109375
0 0.01640625 0.6203125 0.0328125 0.09375
0 0.01015625 0.82890625 0.0203125 0.0453125
0 0.08125 0.76328125 0.0453125 0.0484375
0 0.2078125 0.76796875 0.0578125 0.05078125
0 0.19375 0.715625 0.04296875 0.04296875
0 0.3125 0.72265625 0.0453125 0.03828125
0 0.28203125 0.64296875 0.053125 0.053125
0 0.18984375 0.5890625 0.0578125 0.0484375
0 0.35859375 0.54453125 0.0484375 0.0109375
0 0.15703125 0.9546875 0.0625 0.06484375
0 0.96328125 0.9390625 0.0734375 0.121875
0 0.66953125 0.5640625 0.1703125 0.05
0 0.575 0.66015625 0.0796875 0.0796875
0 0.640625 0.70625 0.0796875 0.071875
0 0.77421875 0.81640625 0.07421875 0.05546875
0 0.77890625 0.8625 0.0796875 0.0671875
0 0.45703125 0.8984375 0.11328125 0.115625
0 0.53515625 0.8984375 0.0578125 0.06015625
0 0.6640625 0.98984375 0.05625 0.0203125
0 0.89921875 0.70859375 0.05546875 0.053125
0 0.8234375 0.6203125 0.0625 0.0625
0 0.41640625 0.79765625 0.0328125 0.1078125
0 0.471875 0.64609375 0.040625 0.0484375