0 0.60859375 0.35546875 0.0609375 0.0984375
0 0.528125 0.36796875 0.103125 0.1421875
0 0.58203125 0.29765625 0.06015625 0.0671875
0 0.5640625 0.15 0.09375 0.0796875
0 0.5890625 0.0703125 0.0671875 0.07421875
0 0.0953125 0.42109375 0.08125 0.0359375
0 0.0328125 0.359375 0.065625 0.159375
0 0.1171875 0.32265625 0.040625 0.053125
0 0.17578125 0.31796875 0.0484375 0.05546875
0 0.2578125 0.38671875 0.06015625 0.0625
0 0.17109375 0.27578125 0.0484375 0.06015625
0 0.2078125 0.240625 0.0625 0.0671875
0 0.8625 0.01328125 0.103125 0.0265625
0 0.878125 0.18671875 0.03828125 0.053125
0 0.66015625 0.01328125 0.0421875 0.0265625
0 0.6859375 0.16171875 0.0625 0.05546875
0 0.6609375 0.3734375 0.04375 0.0625
0 0.7734375 0.06796875 0.0359375 0.06015625
0 0.13671875 0.940625 0.06484375 0.0578125
0 0.034375 0.4828125 0.06875 0.0875
0 0.3515625 0.5046875 0.0890625 0.0765625
0 0.0921875 0.68359375 0.053125 0.05078125
0 0.1453125 0.6546875 0.04296875 0.0484375
0 0.39296875 0.94296875 0.1609375 0.1140625
0 0.559375 0.6859375 0.0484375 0.0453125
0 0.6171875 0.6375 0.04375 0.05
0 0.66796875 0.47890625 0.0578125 0.0796875
0 0.9875 0.61328125 0.025 0.0546875
0 0.971875 0.67734375 0.0453125 0.0625
0 0.76015625 0.8828125 0.05546875 0.0484375