0 0.1640625 0.11328125 0.278125 0.2265625
0 0.22578125 0.2515625 0.06953125 0.0796875
0 0.21640625 0.35 0.0890625 0.09609375
0 0.0875 0.3609375 0.1203125 0.125
0 0.0640625 0.44140625 0.0875 0.0765625
0 0.4328125 0.01640625 0.0625 0.0328125
0 0.37109375 0.36328125 0.0796875 0.06953125
0 0.5625 0.4234375 0.0578125 0.0796875
0 0.81015625 0.403125 0.09609375 0.06484375
0 0.90390625 0.37734375 0.0890625 0.0796875
0 0.81171875 0.21171875 0.071875 0.08203125
0 0.51015625 0.08203125 0.0203125 0.0578125
0 0.60078125 0.07734375 0.08203125 0.07421875
0 0.8078125 0.10234375 0.0578125 0.05078125
0 0.18046875 0.9265625 0.084375 0.084375
0 0.48359375 0.96953125 0.0328125 0.0609375
0 0.45703125 0.6765625 0.0859375 0.125
0 0.37109375 0.71875 0.2578125 0.478125
0 0.36953125 0.5203125 0.1140625 0.08125
0 0.1890625 0.5609375 0.378125 0.1625
0 0.01640625 0.81875 0.0328125 0.075
0 0.278125 0.8421875 0.0671875 0.06953125
0 0.05703125 0.97578125 0.0734375 0.0484375
0 0.5890625 0.6671875 0.178125 0.375
0 0.81484375 0.75234375 0.0578125 0.0765625
0 0.78984375 0.8578125 0.084375 0.08203125