0 0.359375 0.41875 0.278125 0.08125
0 0.29921875 0.3546875 0.06953125 0.0796875
0 0.30859375 0.25625 0.0890625 0.09609375
0 0.4375 0.2453125 0.1203125 0.125
0 0.46015625 0.1546875 0.08671875 0.09609375
0 0.459375 0.03671875 0.08125 0.0734375
0 0.63671875 0.0796875 0.0578125 0.0671875
0 0.56875 0.35390625 0.040625 0.05078125
0 0.6390625 0.35234375 0.0578125 0.06484375
0 0.15390625 0.24296875 0.0796875 0.06953125
0 0.65625 0.621875 0.065625 0.14375
0 0.58828125 0.8640625 0.2015625 0.271875
0 0.53828125 0.9765625 0.0796875 0.046875
0 0.471875 0.95390625 0.13125 0.0921875
0 0.50625 0.82578125 0.1390625 0.1421875
0 0.08515625 0.9296875 0.1703125 0.140625
0 0.15 0.84609375 0.13671875 0.1390625
0 0.29375 0.821875 0.14921875 0.14453125
0 0.465625 0.6578125 0.09375 0.09609375
0 0.234375 0.73828125 0.1828125 0.16328125
0 0.196875 0.61640625 0.1296875 0.1296875
0 0.10078125 0.69140625 0.1109375 0.10546875
0 0.02265625 0.68359375 0.0453125 0.1453125
0 0.0625 0.57734375 0.125 0.2328125
0 0.03359375 0.5015625 0.0671875 0.084375
0 0.44140625 0.58046875 0.0625 0.071875
0 0.49375 0.54453125 0.11328125 0.115625
0 0.56015625 0.75234375 0.06484375 0.0671875
0 0.73125 0.9828125 0.075 0.034375
0 0.90546875 0.9828125 0.1265625 0.034375
0 0.91796875 0.61171875 0.1640625 0.3046875
0 0.746875 0.4765625 0.1125 0.034375