0 0.303125 0.4296875 0.3703125 0.36328125
0 0.265625 0.275 0.103125 0.103125
0 0.20078125 0.2015625 0.12734375 0.1296875
0 0.090625 0.26796875 0.1703125 0.1734375
0 0.040625 0.20703125 0.08125 0.1265625
0 0.0484375 0.43125 0.0625 0.06484375
0 0.015625 0.47109375 0.03125 0.0859375
0 0.13125 0.5453125 0.0890625 0.09140625
0 0.0828125 0.60703125 0.084375 0.08671875
0 0.19765625 0.628125 0.0890625 0.0625
0 0.54140625 0.44140625 0.0546875 0.1015625
0 0.55234375 0.35546875 0.0328125 0.0890625
0 0.31953125 0.09921875 0.103125 0.103125
0 0.7171875 0.05859375 0.13671875 0.11328125
0 0.61640625 0.2328125 0.08671875 0.0765625
0 0.9328125 0.3 0.0625 0.0578125
0 0.86875 0.4953125 0.10078125 0.071875
0 0.4890625 0.8296875 0.159375 0.340625
0 0.8734375 0.94140625 0.15 0.1171875
0 0.975 0.93828125 0.05 0.1015625
0 0.609375 0.971875 0.06875 0.05625
0 0.60859375 0.8703125 0.0796875 0.08125
0 0.66875 0.81171875 0.1078125 0.1109375
0 0.7375 0.809375 0.0625 0.05546875
0 0.76484375 0.76015625 0.05546875 0.0625
0 0.60859375 0.71796875 0.071875 0.06953125
0 0.85 0.69765625 0.0671875 0.07421875
0 0.94375 0.68046875 0.071875 0.0421875