0 0.503125 0.59296875 0.3125 0.1921875
0 0.434375 0.471875 0.0765625 0.0796875
0 0.4453125 0.371875 0.10078125 0.0984375
0 0.58984375 0.3609375 0.134375 0.1296875
0 0.61484375 0.2671875 0.0984375 0.0984375
0 0.61484375 0.13984375 0.09375 0.09140625
0 0.675 0.05546875 0.1875 0.1109375
0 0.7359375 0.4703125 0.0453125 0.05078125
0 0.7359375 0.61484375 0.06484375 0.07421875
0 0.21875 0.02578125 0.071875 0.0515625
0 0.27109375 0.35859375 0.0890625 0.071875
0 0.8890625 0.046875 0.09140625 0.084375
0 0.92109375 0.3671875 0.0765625 0.08203125
0 0.92109375 0.44609375 0.07421875 0.0765625
0 0.52265625 0.72578125 0.0921875 0.0734375
0 0.059375 0.8171875 0.0671875 0.08671875
0 0.14453125 0.81953125 0.06015625 0.06015625
0 0.921875 0.7078125 0.14375 0.0375