0 0.36328125 0.709375 0.27890625 0.24765625
0 0.42421875 0.5609375 0.06953125 0.0796875
0 0.41484375 0.4625 0.0890625 0.09609375
0 0.2859375 0.4515625 0.1203125 0.125
0 0.26328125 0.3609375 0.08671875 0.09609375
0 0.26328125 0.2359375 0.08203125 0.0890625
0 0.21015625 0.11640625 0.16796875 0.18515625
0 0.08671875 0.2859375 0.0578125 0.0671875
0 0.1546875 0.56015625 0.040625 0.05078125
0 0.084375 0.55859375 0.0578125 0.06484375
0 0.1546875 0.70078125 0.0578125 0.071875
0 0.08203125 0.72265625 0.0578125 0.0625
0 0.15390625 0.81875 0.06015625 0.0671875
0 0.13671875 0.88671875 0.04296875 0.06015625
0 0.83515625 0.83984375 0.06015625 0.05546875
0 0.5671875 0.8703125 0.06484375 0.0765625
0 0.63125 0.81015625 0.0625 0.0625
0 0.87265625 0.671875 0.0578125 0.06484375
0 0.84765625 0.515625 0.06484375 0.06484375
0 0.95078125 0.2046875 0.0796875 0.08671875
0 0.97734375 0.14765625 0.040625 0.06484375
0 0.615625 0.1078125 0.06484375 0.084375
0 0.56953125 0.44921875 0.0796875 0.06953125