0 0.45703125 0.66953125 0.10078125 0.1078125
0 0.66953125 0.4359375 0.08671875 0.084375
0 0.134375 0.3921875 0.0625 0.08203125
0 0.86640625 0.321875 0.06015625 0.0671875
0 0.53125 0.42578125 0.053125 0.053125
0 0.42890625 0.5890625 0.06015625 0.04296875
0 0.1109375 0.58515625 0.0578125 0.053125
0 0.296875 0.66484375 0.0625 0.06015625
0 0.1 0.546875 0.02890625 0.0484375
0 0.2765625 0.47578125 0.0625 0.08203125
0 0.3421875 0.5328125 0.0578125 0.05546875
0 0.17578125 0.5359375 0.06484375 0.071875
0 0.50703125 0.36328125 0.040625 0.0359375
0 0.12734375 0.1140625 0.0453125 0.0453125
0 0.0578125 0.31484375 0.04296875 0.0578125
0 0.021875 0.334375 0.03828125 0.053125