0 0.55546875 0.665625 0.09609375 0.103125
0 0.3265625 0.4484375 0.08203125 0.08203125
0 0.85703125 0.36796875 0.0578125 0.08203125
0 0.12265625 0.34765625 0.0578125 0.06484375
0 0.4640625 0.428125 0.05078125 0.05078125
0 0.5765625 0.584375 0.0578125 0.03828125
0 0.89453125 0.55859375 0.05546875 0.0484375
0 0.7140625 0.6515625 0.06015625 0.0578125
0 0.90234375 0.5203125 0.02421875 0.0484375
0 0.72265625 0.46171875 0.0578125 0.08203125
0 0.66015625 0.521875 0.05546875 0.053125
0 0.82578125 0.5140625 0.0625 0.06953125
0 0.484375 0.3640625 0.03828125 0.03359375
0 0.84609375 0.08984375 0.04296875 0.0453125
0 0.92890625 0.2859375 0.040625 0.0578125
0 0.96484375 0.303125 0.0359375 0.053125