0 0.3640625 0.08359375 0.05 0.0703125
0 0.2453125 0.12734375 0.04296875 0.04296875
0 0.10625 0.00390625 0.05625 0.0078125
0 0.0359375 0.06875 0.0484375 0.0453125
0 0.23671875 0.19375 0.03359375 0.02890625
0 0.7875 0.37421875 0.1828125 0.17578125
0 0.74921875 0.175 0.15390625 0.15625
0 0.6109375 0.025 0.13125 0.05
0 0.47890625 0.153125 0.05546875 0.0578125
0 0.5375 0.03515625 0.0765625 0.06953125
0 0.67578125 0.0859375 0.06484375 0.06953125
0 0.6140625 0.42109375 0.0578125 0.053125
0 0.39453125 0.21640625 0.0109375 0.0515625
0 0.79140625 0.02578125 0.05078125 0.05078125
0 0.19453125 0.66953125 0.3890625 0.4015625
0 0.29375 0.70234375 0.190625 0.2640625
0 0.35078125 0.64296875 0.0765625 0.3171875
0 0.3796875 0.834375 0.01875 0.096875
0 0.31640625 0.96328125 0.1390625 0.0734375
0 0.13125 0.9359375 0.2625 0.128125
0 0.14296875 0.76328125 0.09375 0.0890625
0 0.2515625 0.4875 0.08125 0.0375
0 0.13828125 0.8390625 0.0578125 0.0578125
0 0.64296875 0.978125 0.1015625 0.04375
0 0.66953125 0.87109375 0.084375 0.06484375
0 0.51796875 0.6828125 0.2578125 0.25625
0 0.4453125 0.5234375 0.09609375 0.053125
0 0.97734375 0.76328125 0.0453125 0.0765625
0 0.94609375 0.546875 0.0484375 0.040625