0 0.2375 0.21640625 0.10546875 0.115625
0 0.1265625 0.25546875 0.07421875 0.071875
0 0.26171875 0.0453125 0.1109375 0.090625
0 0.9125 0.2765625 0.13671875 0.13203125
0 0.6375 0.3734375 0.14453125 0.15625
0 0.7328125 0.4125 0.134375 0.09375
0 0.42890625 0.3375 0.1984375 0.24375
0 0.8203125 0.04453125 0.06953125 0.071875
0 0.878125 0.10546875 0.08203125 0.06484375
0 0.30859375 0.846875 0.0421875 0.071875
0 0.23203125 0.47890625 0.0671875 0.0390625
0 0.04921875 0.684375 0.08203125 0.09140625
0 0.2125 0.88359375 0.16796875 0.2140625
0 0.02265625 0.9609375 0.0453125 0.078125
0 0.50078125 0.54296875 0.1734375 0.1671875
0 0.96640625 0.503125 0.0671875 0.0875
0 0.98515625 0.5859375 0.0296875 0.084375
0 0.50859375 0.7625 0.18046875 0.1515625
0 0.38671875 0.77109375 0.1140625 0.1265625
0 0.43515625 0.98515625 0.1078125 0.0296875
0 0.5515625 0.97578125 0.14375 0.0484375
0 0.8578125 0.87265625 0.125 0.11796875
0 0.98671875 0.83671875 0.0265625 0.0796875
0 0.940625 0.63359375 0.09375 0.09140625