0 0.25078125 0.1578125 0.0359375 0.053125
0 0.68984375 0.178125 0.103125 0.10078125
0 0.5921875 0.10078125 0.0984375 0.0984375
0 0.134375 0.82265625 0.146875 0.146875
0 0.16171875 0.95625 0.1015625 0.0875
0 0.071875 0.54609375 0.08671875 0.0625
0 0.01875 0.76015625 0.0375 0.0609375
0 0.02109375 0.8515625 0.0421875 0.05625
0 0.95703125 0.8703125 0.0859375 0.125
0 0.89765625 0.771875 0.125 0.11796875
0 0.86875 0.8296875 0.07421875 0.0765625
0 0.45234375 0.9484375 0.1390625 0.103125
0 0.33203125 0.98125 0.1015625 0.0375
0 0.29453125 0.9609375 0.0515625 0.078125
0 0.51875 0.71875 0.09609375 0.09609375
0 0.55078125 0.97265625 0.0984375 0.0546875
0 0.765625 0.92421875 0.08671875 0.08671875
0 0.484375 0.51875 0.165625 0.1