0 0.03125 0.10625 0.0625 0.09140625
0 0.11015625 0.028125 0.0640625 0.05625
0 0.17109375 0.29765625 0.0828125 0.0828125
0 0.16484375 0.17578125 0.103125 0.11328125
0 0.37890625 0.0765625 0.0421875 0.084375
0 0.76953125 0.26484375 0.07421875 0.0578125
0 0.496875 0.30078125 0.0625 0.0765625
0 0.45234375 0.153125 0.0625 0.0484375
0 0.41953125 0.21796875 0.0390625 0.0359375
0 0.93828125 0.09296875 0.0625 0.071875
0 0.97265625 0.2234375 0.0484375 0.06015625
0 0.034375 0.82734375 0.06875 0.0796875
0 0.08203125 0.74765625 0.1640625 0.1703125
0 0.10234375 0.55546875 0.1609375 0.16796875
0 0.28515625 0.515625 0.10546875 0.1078125
0 0.36875 0.653125 0.0625 0.090625
0 0.3515625 0.3859375 0.096875 0.09375
0 0.75234375 0.62265625 0.1109375 0.103125
0 0.93046875 0.69375 0.09375 0.07421875
0 0.81875 0.87734375 0.09375 0.0796875
0 0.47578125 0.625 0.05546875 0.06015625
0 0.83046875 0.359375 0.1421875 0.040625
0 0.47734375 0.35234375 0.0890625 0.0265625
0 0.49453125 0.99140625 0.0890625 0.0171875
0 0.4234375 0.85703125 0.046875 0.0703125
0 0.61328125 0.76875 0.0453125 0.04296875
0 0.57578125 0.80546875 0.0484375 0.0453125