0 0.10859375 0.32109375 0.10546875 0.1109375
0 0.12421875 0.22890625 0.10078125 0.1109375
0 0.23984375 0.265625 0.0984375 0.103125
0 0.13828125 0.02421875 0.1265625 0.0484375
0 0.20390625 0.1 0.146875 0.1515625
0 0.46328125 0.0609375 0.1328125 0.121875
0 0.31796875 0.465625 0.0890625 0.0890625
0 0.50859375 0.30078125 0.0421875 0.0609375
0 0.6375 0.19921875 0.146875 0.14921875
0 0.5609375 0.36015625 0.0625 0.1515625
0 0.67734375 0.109375 0.09375 0.09375
0 0.9203125 0.02265625 0.075 0.0453125
0 0.96796875 0.01171875 0.0640625 0.0234375
0 0.96953125 0.05546875 0.0609375 0.1109375
0 0.1328125 0.853125 0.10078125 0.10546875
0 0.10390625 0.79296875 0.0796875 0.084375
0 0.3234375 0.63671875 0.10078125 0.09609375
0 0.06796875 0.9796875 0.0546875 0.040625
0 0.115625 0.96484375 0.05078125 0.053125
0 0.37421875 0.5625 0.08203125 0.0796875
0 0.5234375 0.753125 0.0125 0.103125
0 0.75078125 0.57578125 0.1203125 0.1140625
0 0.56953125 0.6546875 0.0796875 0.084375
0 0.6796875 0.86796875 0.103125 0.09140625
0 0.903125 0.74296875 0.05078125 0.0484375
0 0.94453125 0.78359375 0.053125 0.053125