0 0.06484375 0.88125 0.0796875 0.0765625
0 0.93046875 0.96015625 0.11328125 0.0796875
0 0.71875 0.55390625 0.071875 0.08671875
0 0.6578125 0.4828125 0.0625 0.09140625
0 0.578125 0.5734375 0.06484375 0.08203125
0 0.6875 0.9328125 0.06015625 0.06015625
0 0.76171875 0.2203125 0.09375 0.1078125
0 0.5171875 0.27734375 0.08203125 0.1109375
0 0.52421875 0.41328125 0.103125 0.11328125
0 0.9703125 0.15234375 0.053125 0.08671875
0 0.6296875 0.05625 0.0453125 0.06953125
0 0.88671875 0.02421875 0.03359375 0.03828125
0 0.26953125 0.51171875 0.12265625 0.084375
0 0.25 0.41015625 0.0484375 0.0984375
0 0.61328125 0.78515625 0.06484375 0.06484375
0 0.3578125 0.74765625 0.05078125 0.03828125
0 0.265625 0.6859375 0.0484375 0.0453125
0 0.259375 0.94921875 0.0453125 0.04296875