0 0.36875 0.075 0.040625 0.103125
0 0.33125 0.43671875 0.08125 0.0640625
0 0.33359375 0.28046875 0.08671875 0.08671875
0 0.121875 0.13125 0.0625 0.0578125
0 0.06796875 0.03515625 0.0625 0.0625
0 0.775 0.36328125 0.1515625 0.1515625
0 0.84453125 0.215625 0.12734375 0.125
0 0.6515625 0.45625 0.125 0.025
0 0.4203125 0.2765625 0.0625 0.125
0 0.47578125 0.41796875 0.08671875 0.08671875
0 0.25390625 0.81640625 0.084375 0.0765625
0 0.35546875 0.94765625 0.0671875 0.0796875
0 0.12265625 0.8703125 0.0484375 0.05546875
0 0.07734375 0.5484375 0.06015625 0.0671875
0 0.1046875 0.6625 0.0578125 0.05546875
0 0.046875 0.6765625 0.0453125 0.0453125
0 0.24765625 0.58046875 0.04296875 0.03828125
0 0.36328125 0.6140625 0.04296875 0.0359375
0 0.38203125 0.5953125 0.0140625 0.040625
0 0.7109375 0.59296875 0.125 0.13203125
0 0.9171875 0.76875 0.053125 0.05078125
0 0.89609375 0.9234375 0.07421875 0.08203125
0 0.7484375 0.9421875 0.06015625 0.06484375
0 0.603125 0.98984375 0.075 0.0203125
0 0.4828125 0.6796875 0.0890625 0.08203125
0 0.54609375 0.5078125 0.0765625 0.078125
0 0.41953125 0.73515625 0.0609375 0.0765625