0 0.5765625 0.0640625 0.11796875 0.11796875
0 0.5890625 0.1109375 0.0671875 0.0671875
0 0.4703125 0.30625 0.15625 0.15859375
0 0.421875 0.4 0.0890625 0.0890625
0 0.47734375 0.4484375 0.13671875 0.1421875
0 0.08203125 0.32109375 0.16328125 0.17578125
0 0.0578125 0.49296875 0.115625 0.19453125
0 0.04453125 0.62890625 0.0890625 0.125
0 0.10078125 0.73203125 0.10546875 0.1078125
0 0.4359375 0.8296875 0.15390625 0.165625
0 0.46015625 0.9359375 0.165625 0.12734375
0 0.27734375 0.99375 0.1109375 0.01171875
0 0.634375 0.96171875 0.084375 0.0765625
0 0.64296875 0.8015625 0.1421875 0.14453125
0 0.76328125 0.77890625 0.13203125 0.134375
0 0.890625 0.68984375 0.21875 0.3171875
0 0.828125 0.5109375 0.0765625 0.0796875
0 0.74375 0.5359375 0.084375 0.084375
0 0.60703125 0.50859375 0.1109375 0.11328125
0 0.634375 0.453125 0.071875 0.07421875
0 0.63359375 0.64453125 0.0796875 0.08203125
0 0.63125 0.22265625 0.3578125 0.3609375