0 0.43203125 0.0171875 0.1078125 0.034375
0 0.3484375 0.034375 0.06015625 0.0625
0 0.37109375 0.09921875 0.09375 0.103125
0 0.44921875 0.2046875 0.0765625 0.06875
0 0.496875 0.17890625 0.04375 0.0578125
0 0.02734375 0.54765625 0.0546875 0.0640625
0 0.353125 0.984375 0.084375 0.03125
0 0.2703125 0.2890625 0.06953125 0.0625
0 0.18984375 0.41875 0.08671875 0.084375
0 0.02890625 0.2859375 0.0578125 0.075
0 0.7953125 0.78359375 0.0984375 0.09140625
0 0.5734375 0.25078125 0.053125 0.0234375
0 0.67109375 0.25234375 0.0828125 0.0265625
0 0.828125 0.253125 0.05625 0.028125
0 0.953125 0.3984375 0.09375 0.30625
0 0.71875 0.4609375 0.4 0.44375
0 0.99296875 0.95859375 0.0140625 0.0765625