0 0.78125 0.8171875 0.0890625 0.08671875
0 0.765625 0.77421875 0.0484375 0.05078125
0 0.56484375 0.6828125 0.115625 0.11796875
0 0.47734375 0.63359375 0.06484375 0.0671875
0 0.49609375 0.56640625 0.0984375 0.1078125
0 0.2453125 0.87734375 0.12265625 0.13203125
0 0.10703125 0.7703125 0.134375 0.14921875
0 0.04296875 0.65859375 0.071875 0.103125
0 0.04296875 0.5421875 0.0796875 0.0796875
0 0.259375 0.28828125 0.10546875 0.13203125
0 0.21015625 0.171875 0.115625 0.134375
0 0.02265625 0.19375 0.0453125 0.115625
0 0.34609375 0.07421875 0.06484375 0.0625
0 0.44140625 0.20078125 0.10078125 0.1109375
0 0.54921875 0.1546875 0.09609375 0.10078125
0 0.7390625 0.12265625 0.24765625 0.2453125
0 0.94140625 0.13671875 0.08671875 0.1703125
0 0.7453125 0.3328125 0.05546875 0.06015625
0 0.66328125 0.35703125 0.06015625 0.06484375
0 0.5671875 0.45078125 0.08203125 0.084375
0 0.6203125 0.4796875 0.0484375 0.06015625
0 0.5171875 0.33046875 0.0578125 0.0625
0 0.7390625 0.66484375 0.2640625 0.2671875