0 0.1453125 0.18125 0.228125 0.25
0 0.01328125 0.3921875 0.0265625 0.0375
0 0.5453125 0.18828125 0.1390625 0.11796875
0 0.60078125 0.28046875 0.10078125 0.0765625
0 0.86640625 0.56953125 0.0578125 0.0390625
0 0.69453125 0.5734375 0.0578125 0.03125
0 0.39296875 0.5546875 0.06015625 0.05546875
0 0.471875 0.521875 0.07421875 0.05546875
0 0.4609375 0.4625 0.06484375 0.0765625
0 0.28828125 0.06796875 0.0578125 0.1359375
0 0.7703125 0.0109375 0.075 0.021875
0 0.66796875 0.00859375 0.0484375 0.0171875
0 0.95078125 0.34375 0.0984375 0.084375
0 0.790625 0.31640625 0.0453125 0.0453125
0 0.1546875 0.93984375 0.146875 0.1203125
0 0.0328125 0.71484375 0.065625 0.0765625
0 0.13671875 0.7484375 0.103125 0.11328125
0 0.746875 0.63828125 0.2375 0.0984375
0 0.9859375 0.76171875 0.028125 0.0828125
0 0.93046875 0.92578125 0.071875 0.0796875
0 0.95546875 0.8296875 0.0578125 0.053125
0 0.8875 0.77421875 0.03359375 0.03828125
0 0.45546875 0.765625 0.2234375 0.19453125
0 0.44140625 0.89921875 0.0625 0.05546875
0 0.51015625 0.8875 0.0578125 0.0578125
0 0.29609375 0.74453125 0.071875 0.06484375