0 0.86171875 0.28515625 0.12265625 0.12734375
0 0.80390625 0.3109375 0.10078125 0.103125
0 0.765625 0.39453125 0.08203125 0.08203125
0 0.75 0.52265625 0.13203125 0.13671875
0 0.8390625 0.64765625 0.08671875 0.084375
0 0.79453125 0.87265625 0.0796875 0.07421875
0 0.3609375 0.96171875 0.14453125 0.0765625
0 0.3484375 0.86796875 0.125 0.12265625
0 0.31015625 0.796875 0.09609375 0.09609375
0 0.396875 0.5609375 0.3484375 0.35078125
0 0.06015625 0.56640625 0.115625 0.115625
0 0.13203125 0.75859375 0.084375 0.084375
0 0.27890625 0.73203125 0.0765625 0.0765625
0 0.24296875 0.76796875 0.084375 0.08671875
0 0.0359375 0.38203125 0.071875 0.1109375
0 0.06015625 0.47578125 0.0796875 0.0796875
0 0.14921875 0.47734375 0.053125 0.053125
0 0.49140625 0.2125 0.303125 0.30078125
0 0.4171875 0.0953125 0.084375 0.084375
0 0.37109375 0.14921875 0.08203125 0.084375
0 0.63203125 0.1296875 0.0984375 0.0984375
0 0.68359375 0.3921875 0.10078125 0.0984375
0 0.62265625 0.74375 0.103125 0.10078125