0 0.4671875 0.37265625 0.084375 0.0734375
0 0.46015625 0.2984375 0.06953125 0.06484375
0 0.24609375 0.1734375 0.23828125 0.25
0 0.44375 0.23046875 0.05546875 0.053125
0 0.4875 0.23359375 0.04375 0.0640625
0 0.18359375 0.44609375 0.0796875 0.06484375
0 0.55234375 0.4796875 0.0578125 0.040625
0 0.93515625 0.234375 0.09375 0.053125
0 0.96015625 0.12890625 0.0796875 0.0578125
0 0.79609375 0.0375 0.2828125 0.075
0 0.01484375 0.79140625 0.0296875 0.0703125
0 0.07109375 0.56640625 0.10546875 0.06953125
0 0.22109375 0.53515625 0.0671875 0.0625
0 0.45546875 0.90546875 0.06953125 0.06015625
0 0.35234375 0.87265625 0.05546875 0.053125
0 0.25625 0.96796875 0.0625 0.0578125
0 0.03515625 0.95078125 0.040625 0.0484375
0 0.0765625 0.91015625 0.053125 0.0484375
0 0.72578125 0.6578125 0.09609375 0.0765625
0 0.8421875 0.6921875 0.09609375 0.09375
0 0.8453125 0.746875 0.0453125 0.040625
0 0.96796875 0.9796875 0.0640625 0.040625