0 0.54296875 0.61640625 0.06953125 0.06953125
0 0.63828125 0.740625 0.0578125 0.0671875
0 0.11640625 0.865625 0.09609375 0.0984375
0 0.50234375 0.91484375 0.053125 0.053125
0 0.640625 0.89453125 0.09140625 0.07421875
0 0.9109375 0.95078125 0.053125 0.05078125
0 0.9734375 0.93515625 0.053125 0.0578125
0 0.80078125 0.946875 0.0484375 0.0484375
0 0.83515625 0.740625 0.040625 0.0484375
0 0.8953125 0.50859375 0.0578125 0.0671875
0 0.88125 0.2859375 0.05078125 0.0484375
0 0.9125 0.265625 0.05078125 0.0453125
0 0.87890625 0.20546875 0.04296875 0.0484375
0 0.86875 0.146875 0.0484375 0.05078125
0 0.85234375 0.06484375 0.0453125 0.0484375
0 0.740625 0.0015625 0.0625 0.00234375
0 0.58046875 0.09375 0.0578125 0.06484375
0 0.5296875 0.2796875 0.05078125 0.05078125
0 0.47578125 0.49296875 0.0625 0.06953125
0 0.4203125 0.49765625 0.06484375 0.0890625
0 0.375 0.77734375 0.0453125 0.0578125
0 0.2484375 0.834375 0.053125 0.06484375
0 0.14296875 0.6140625 0.0765625 0.09375
0 0.0671875 0.5875 0.0453125 0.06953125
0 0.13828125 0.49609375 0.0625 0.0578125
0 0.3015625 0.509375 0.05546875 0.06484375
0 0.22265625 0.44375 0.0796875 0.09609375
0 0.2203125 0.2859375 0.071875 0.071875
0 0.3484375 0.31953125 0.071875 0.10078125
0 0.290625 0.2125 0.0578125 0.053125
0 0.38359375 0.01328125 0.05546875 0.0265625
0 0.3703125 0.0671875 0.05078125 0.04296875
0 0.29921875 0.0265625 0.06484375 0.053125
0 0.5 0.02421875 0.115625 0.0484375
0 0.4421875 0.0109375 0.0484375 0.021875
0 0.21328125 0.96953125 0.1265625 0.0609375