0 0.2625 0.19375 0.09140625 0.0890625
0 0.24296875 0.05 0.0796875 0.08203125
0 0.43203125 0.009375 0.0546875 0.01875
0 0.25859375 0.325 0.084375 0.08671875
0 0.3046875 0.33359375 0.096875 0.0703125
0 0.45234375 0.15703125 0.0140625 0.0671875
0 0.6265625 0.23515625 0.303125 0.2671875
0 0.93125 0.0875 0.1375 0.165625
0 0.83671875 0.2375 0.03828125 0.040625
0 0.76953125 0.18828125 0.03359375 0.04296875
0 0.79453125 0.11015625 0.0578125 0.06484375
0 0.790625 0.02734375 0.06875 0.0546875
0 0.64296875 0.0875 0.0484375 0.0453125
0 0.04375 0.76015625 0.0875 0.0890625
0 0.0359375 0.88359375 0.071875 0.1265625
0 0.3609375 0.6515625 0.07421875 0.08203125
0 0.03359375 0.39765625 0.0671875 0.0578125
0 0.22265625 0.9828125 0.0671875 0.034375
0 0.5265625 0.41328125 0.134375 0.0890625
0 0.64296875 0.4546875 0.11796875 0.12734375
0 0.60234375 0.52109375 0.08203125 0.08203125
0 0.48984375 0.70546875 0.0609375 0.0828125
0 0.71875 0.80078125 0.13671875 0.1421875
0 0.77734375 0.884375 0.0796875 0.08203125
0 0.7625 0.9375 0.16875 0.125
0 0.90546875 0.98671875 0.0953125 0.0265625
0 0.86015625 0.70625 0.2796875 0.3875