0 0.44140625 0.3375 0.071875 0.06953125
0 0.33984375 0.228125 0.0625 0.06484375
0 0.85546875 0.08203125 0.10078125 0.09609375
0 0.46640625 0.0578125 0.05546875 0.053125
0 0.328125 0.084375 0.09609375 0.07421875
0 0.05390625 0.046875 0.05546875 0.0484375
0 0.0109375 0.0640625 0.021875 0.05546875
0 0.165625 0.0421875 0.05078125 0.0484375
0 0.140625 0.2390625 0.04296875 0.0484375
0 0.0921875 0.46015625 0.0625 0.06484375
0 0.11875 0.6671875 0.053125 0.0484375
0 0.0890625 0.6875 0.053125 0.0453125
0 0.1265625 0.74296875 0.0453125 0.0484375
0 0.13828125 0.796875 0.05078125 0.05078125
0 0.16015625 0.8734375 0.05078125 0.0484375
0 0.27734375 0.96171875 0.0671875 0.0765625
0 0.22109375 0.97578125 0.09609375 0.0484375
0 0.43125 0.83046875 0.0625 0.0625
0 0.47109375 0.65234375 0.053125 0.05078125
0 0.515625 0.45078125 0.06484375 0.0671875
0 0.56953125 0.44375 0.06953125 0.08671875
0 0.60234375 0.178125 0.05078125 0.05546875
0 0.725 0.11796875 0.0578125 0.0625
0 0.8421875 0.31875 0.08203125 0.09140625
0 0.91953125 0.3390625 0.05078125 0.0671875
0 0.853125 0.42890625 0.06484375 0.0578125
0 0.6890625 0.42578125 0.06015625 0.0625
0 0.771875 0.4828125 0.084375 0.09375
0 0.7828125 0.6296875 0.07421875 0.071875
0 0.6515625 0.60546875 0.0765625 0.0984375
0 0.71484375 0.703125 0.06015625 0.053125
0 0.69375 0.9546875 0.053125 0.053125
0 0.63359375 0.9109375 0.0578125 0.06015625
0 0.64296875 0.8453125 0.053125 0.04296875
0 0.7171875 0.884375 0.0671875 0.06484375
0 0.5171875 0.93046875 0.12265625 0.12734375
0 0.57578125 0.92890625 0.053125 0.0796875
0 0.75234375 0.009375 0.1296875 0.01875