0 0.01171875 0.2125 0.0234375 0.11875
0 0.259375 0.16953125 0.51875 0.3390625
0 0.54375 0.23671875 0.03828125 0.05546875
0 0.83125 0.33046875 0.05 0.0171875
0 0.78828125 0.32265625 0.0328125 0.0328125
0 0.77890625 0.2859375 0.071875 0.0671875
0 0.69609375 0.28984375 0.03359375 0.03828125
0 0.74765625 0.23203125 0.04296875 0.0453125
0 0.84765625 0.18046875 0.0578125 0.05546875
0 0.53359375 0.09765625 0.0296875 0.0640625
0 0.98828125 0.21328125 0.0234375 0.0390625
0 0.12265625 0.671875 0.115625 0.11328125
0 0.1546875 0.5828125 0.1109375 0.12265625
0 0.109375 0.8921875 0.0765625 0.0625
0 0.10546875 0.95234375 0.06484375 0.06015625
0 0.0171875 0.92578125 0.034375 0.0578125
0 0.35703125 0.60703125 0.0671875 0.06953125
0 0.3640625 0.66640625 0.0578125 0.0578125
0 0.26328125 0.6296875 0.06484375 0.08203125
0 0.38828125 0.403125 0.0625 0.0671875
0 0.0796875 0.7875 0.0625 0.06953125
0 0.5453125 0.71875 0.053125 0.121875
0 0.57734375 0.815625 0.08203125 0.08203125
0 0.546875 0.85390625 0.05625 0.0859375
0 0.59296875 0.91171875 0.0765625 0.08203125
0 0.678125 0.890625 0.08671875 0.084375
0 0.7046875 0.96640625 0.1 0.0671875
0 0.6171875 0.98046875 0.08125 0.0390625
0 0.55390625 0.57890625 0.0703125 0.0796875
0 0.6828125 0.61484375 0.1421875 0.18046875
0 0.94140625 0.70078125 0.11328125 0.1109375
0 0.92734375 0.965625 0.1453125 0.06875
0 0.99140625 0.4265625 0.0171875 0.05625