0 0.26796875 0.06796875 0.1578125 0.1359375
0 0.0625 0.103125 0.0578125 0.06484375
0 0.01796875 0.04296875 0.0359375 0.0734375
0 0.03671875 0.2625 0.0734375 0.115625
0 0.16328125 0.3171875 0.071875 0.06015625
0 0.86328125 0.0140625 0.0828125 0.028125
0 0.6453125 0.11640625 0.290625 0.2328125
0 0.61484375 0.26640625 0.08671875 0.0890625
0 0.65234375 0.296875 0.09375 0.08671875
0 0.9859375 0.09375 0.028125 0.090625
0 0.95390625 0.11875 0.084375 0.0796875
0 0.4515625 0.63359375 0.075 0.2734375
0 0.303125 0.98515625 0.06875 0.0296875
0 0.3671875 0.921875 0.08671875 0.11328125
0 0.31484375 0.92421875 0.05078125 0.07421875
0 0.16640625 0.97421875 0.0765625 0.0515625
0 0.0875 0.8484375 0.040625 0.0484375
0 0.103125 0.8046875 0.06953125 0.0796875
0 0.0734375 0.7234375 0.05078125 0.05546875
0 0.05234375 0.7734375 0.06015625 0.071875
0 0.02734375 0.69765625 0.0359375 0.0453125
0 0.13046875 0.38671875 0.1109375 0.0734375
0 0.2375 0.4265625 0.0984375 0.12734375
0 0.425 0.77734375 0.08203125 0.06484375
0 0.76875 0.69921875 0.07421875 0.071875
0 0.54140625 0.63125 0.05078125 0.06015625
0 0.9046875 0.653125 0.0453125 0.0453125
0 0.9140625 0.584375 0.0359375 0.02890625