0 0.365625 0.79453125 0.15859375 0.2046875
0 0.571875 0.728125 0.0578125 0.06953125
0 0.63359375 0.790625 0.0671875 0.08203125
0 0.490625 0.9578125 0.1609375 0.084375
0 0.078125 0.8296875 0.0671875 0.071875
0 0.6140625 0.55625 0.1109375 0.125
0 0.47265625 0.49765625 0.071875 0.06484375
0 0.55546875 0.3796875 0.084375 0.09375
0 0.60546875 0.1140625 0.103125 0.11328125
0 0.75390625 0.36171875 0.1921875 0.22578125
0 0.76953125 0.77734375 0.07421875 0.0984375
0 0.80625 0.875 0.115625 0.134375
0 0.91015625 0.71171875 0.1109375 0.12265625
0 0.93046875 0.296875 0.0984375 0.10546875
0 0.8921875 0.03984375 0.0671875 0.0796875
0 0.82421875 0.0359375 0.0625 0.071875
0 0.21484375 0.99296875 0.071875 0.0140625
0 0.13359375 0.9671875 0.0796875 0.05546875