0 0.0359375 0.3296875 0.071875 0.084375
0 0.04296875 0.390625 0.0859375 0.05625
0 0.159375 0.234375 0.1515625 0.1515625
0 0.090625 0.109375 0.0890625 0.0890625
0 0.21796875 0.075 0.115625 0.115625
0 0.36796875 0.1796875 0.2640625 0.271875
0 0.4859375 0.23828125 0.028125 0.1328125
0 0.928125 0.309375 0.14375 0.21875
0 0.8640625 0.32734375 0.0671875 0.08671875
0 0.9125 0.12421875 0.175 0.2484375
0 0.56640625 0.1671875 0.09609375 0.1109375
0 0.7578125 0.33359375 0.196875 0.1703125
0 0.45234375 0.91171875 0.0953125 0.0859375
0 0.1125 0.82109375 0.09375 0.0796875
0 0.40234375 0.7953125 0.12734375 0.1203125
0 0.35078125 0.65625 0.08671875 0.09609375
0 0.44609375 0.66640625 0.1078125 0.1234375
0 0.4625 0.57265625 0.075 0.0921875
0 0.22578125 0.43515625 0.0640625 0.0328125
0 0.0375 0.459375 0.075 0.08125
0 0.0875 0.6828125 0.12265625 0.1390625
0 0.3921875 0.97421875 0.14375 0.0515625
0 0.734375 0.66640625 0.15859375 0.13671875
0 0.73203125 0.84453125 0.0796875 0.06953125
0 0.56640625 0.80390625 0.07421875 0.0625
0 0.88984375 0.8109375 0.07421875 0.05546875
0 0.9671875 0.71953125 0.065625 0.0578125
0 0.96484375 0.5953125 0.0703125 0.115625
0 0.6484375 0.44765625 0.0875 0.0578125
0 0.60625 0.5546875 0.0796875 0.06953125
0 0.67109375 0.5328125 0.07421875 0.06015625