0 0.3140625 0.45859375 0.071875 0.1421875
0 0.1515625 0.421875 0.0578125 0.06484375
0 0.09140625 0.48125 0.0671875 0.07421875
0 0.109375 0.2625 0.1078125 0.115625
0 0.25234375 0.2078125 0.071875 0.06015625
0 0.16953125 0.1 0.084375 0.08671875
0 0.0328125 0.09375 0.065625 0.1875
0 0.95859375 0.5125 0.0796875 0.034375
0 0.9796875 0.26953125 0.040625 0.0578125
0 0.978125 0.2109375 0.04375 0.075
0 0.59765625 0.0640625 0.10546875 0.11328125
0 0.6875 0.0109375 0.075 0.021875
0 0.721875 0.36875 0.10546875 0.125
0 0.409375 0.49765625 0.0578125 0.0453125
0 0.87109375 0.10234375 0.06953125 0.0625
0 0.85546875 0.05390625 0.07421875 0.0625
0 0.90703125 0.00625 0.0578125 0.0125
0 0.9046875 0.3078125 0.05078125 0.05546875
0 0.8890625 0.35078125 0.084375 0.06953125
0 0.32890625 0.78359375 0.0421875 0.2390625
0 0.3140625 0.7375 0.071875 0.1
0 0.3078125 0.59296875 0.084375 0.1046875
0 0.22734375 0.55703125 0.0578125 0.0546875
0 0.14296875 0.56796875 0.1265625 0.0765625
0 0.16328125 0.6203125 0.08671875 0.08671875
0 0.09609375 0.66484375 0.14921875 0.14921875
0 0.040625 0.69453125 0.08125 0.0984375
0 0.01171875 0.76171875 0.0234375 0.0890625
0 0.175 0.82421875 0.35 0.3515625
0 0.97109375 0.8 0.0578125 0.184375
0 0.41796875 0.78203125 0.1359375 0.1390625
0 0.57421875 0.8375 0.1109375 0.11328125
0 0.76875 0.91171875 0.0671875 0.06953125
0 0.815625 0.9 0.0765625 0.0625
0 0.90859375 0.65703125 0.084375 0.0765625
0 0.94375 0.53515625 0.05625 0.0109375
0 0.4984375 0.66796875 0.05546875 0.0671875
0 0.45625 0.62421875 0.053125 0.05546875
0 0.3609375 0.60625 0.021875 0.0625