0 0.1421875 0.575 0.05625 0.05
0 0.1828125 0.4265625 0.103125 0.11328125
0 0.05078125 0.3734375 0.0671875 0.0578125
0 0.12734375 0.26640625 0.0796875 0.084375
0 0.175 0.03828125 0.096875 0.0765625
0 0.3140625 0.25078125 0.18046875 0.2046875
0 0.32578125 0.590625 0.0703125 0.01875
0 0.42890625 0.55546875 0.0421875 0.0890625
0 0.440625 0.19140625 0.01875 0.0953125
0 0.61328125 0.58671875 0.1296875 0.0265625
0 0.48828125 0.4765625 0.0765625 0.209375
0 0.5109375 0.54296875 0.115625 0.11328125
0 0.67890625 0.33359375 0.084375 0.084375
0 0.75625 0.55 0.103125 0.1
0 0.83515625 0.54609375 0.09609375 0.09609375
0 0.971875 0.3625 0.05625 0.09375
0 0.96171875 0.290625 0.0765625 0.128125
0 0.821875 0.1125 0.12265625 0.12265625
0 0.7484375 0.19296875 0.1109375 0.10546875
0 0.6921875 0.1796875 0.071875 0.06953125
0 0.625 0.175 0.0765625 0.0765625
0 0.56640625 0.0203125 0.0703125 0.040625
0 0.4671875 0.034375 0.034375 0.05625
0 0.57734375 0.61484375 0.0734375 0.0296875
0 0.53359375 0.73671875 0.08671875 0.103125
0 0.61484375 0.9046875 0.0765625 0.0890625
0 0.9875 0.76484375 0.025 0.0890625
0 0.69140625 0.62109375 0.2203125 0.0421875
0 0.80625 0.8921875 0.09375 0.10078125
0 0.696875 0.9890625 0.0625 0.021875
0 0.940625 0.91875 0.11875 0.1625