0 0.0796875 0.44609375 0.159375 0.1671875
0 0.2671875 0.27265625 0.1734375 0.2359375
0 0.45078125 0.2796875 0.21640625 0.3078125
0 0.60703125 0.2546875 0.1453125 0.396875
0 0.03984375 0.16328125 0.040625 0.05078125
0 0.18125 0.09140625 0.06953125 0.071875
0 0.271875 0.0765625 0.0578125 0.06015625
0 0.3765625 0.0421875 0.05546875 0.06484375
0 0.50703125 0.06015625 0.07421875 0.06484375
0 0.9421875 0.42578125 0.08203125 0.08203125
0 0.8125 0.4546875 0.13203125 0.1390625
0 0.753125 0.1515625 0.146875 0.303125
0 0.93515625 0.12265625 0.1296875 0.2453125
0 0.915625 0.3453125 0.103125 0.0984375
0 0.415625 0.73125 0.1609375 0.134375
0 0.253125 0.72734375 0.09609375 0.084375
0 0.30625 0.78984375 0.06953125 0.0671875
0 0.10078125 0.8359375 0.09140625 0.0890625
0 0.05390625 0.971875 0.0796875 0.05625
0 0.33046875 0.88515625 0.0578125 0.0578125
0 0.58125 0.675 0.0578125 0.05078125
0 0.13828125 0.63359375 0.1109375 0.0984375
0 0.02890625 0.57265625 0.0578125 0.0515625
0 0.92109375 0.56640625 0.1390625 0.0734375
0 0.70390625 0.60703125 0.0484375 0.0578125
0 0.9296875 0.73125 0.140625 0.13125
0 0.83125 0.74375 0.09375 0.11328125
0 0.87890625 0.96171875 0.0890625 0.0765625
0 0.9578125 0.9515625 0.084375 0.096875