0 0.05 0.40546875 0.1 0.2078125
0 0.240625 0.20546875 0.27890625 0.30546875
0 0.36640625 0.44453125 0.0453125 0.1296875
0 0.9453125 0.4203125 0.109375 0.178125
0 0.4171875 0.08671875 0.05625 0.1078125
0 0.9578125 0.10625 0.084375 0.11875
0 0.87265625 0.21484375 0.09140625 0.0890625
0 0.4421875 0.45078125 0.08671875 0.08203125
0 0.88671875 0.43515625 0.11328125 0.115625
0 0.53828125 0.30546875 0.08203125 0.084375
0 0.54296875 0.396875 0.06953125 0.071875
0 0.47265625 0.0390625 0.0921875 0.078125
0 0.57734375 0.0203125 0.0734375 0.040625
0 0.03046875 0.95703125 0.0609375 0.0859375
0 0.01484375 0.91015625 0.0296875 0.1421875
0 0.35625 0.865625 0.065625 0.19375
0 0.36953125 0.7296875 0.0390625 0.125
0 0.33671875 0.62734375 0.1046875 0.1078125
0 0.03984375 0.5609375 0.0796875 0.103125
0 0.70078125 0.56796875 0.08203125 0.0625
0 0.8046875 0.85546875 0.0625 0.0625
0 0.7015625 0.98203125 0.09375 0.0359375
0 0.4609375 0.7359375 0.07421875 0.08671875
0 0.70234375 0.715625 0.0796875 0.0625
0 0.89921875 0.909375 0.08203125 0.0765625