0 0.1546875 0.10390625 0.309375 0.2078125
0 0.05546875 0.33203125 0.1109375 0.2828125
0 0.27109375 0.22109375 0.0890625 0.10078125
0 0.32265625 0.2203125 0.0734375 0.084375
0 0.2375 0.34921875 0.0578125 0.0625
0 0.13203125 0.45625 0.0921875 0.065625
0 0.3203125 0.3890625 0.06015625 0.0671875
0 0.8390625 0.29375 0.10078125 0.09375
0 0.7125 0.27890625 0.0890625 0.0890625
0 0.63671875 0.10078125 0.15625 0.11796875
0 0.27421875 0.53671875 0.1078125 0.0953125
0 0.13828125 0.621875 0.0671875 0.0671875
0 0.03359375 0.85234375 0.06015625 0.0671875
0 0.05390625 0.928125 0.0578125 0.0625
0 0.7921875 0.54921875 0.0796875 0.0796875
0 0.84765625 0.63984375 0.0578125 0.06484375
0 0.8875 0.653125 0.0625 0.0578125
0 0.9546875 0.68984375 0.05078125 0.05078125
0 0.9875 0.6171875 0.025 0.040625
0 0.92265625 0.50390625 0.0546875 0.0296875
0 0.99296875 0.70859375 0.0140625 0.0515625
0 0.98671875 0.85859375 0.0265625 0.0546875
0 0.99375 0.928125 0.0125 0.053125
0 0.93046875 0.9578125 0.0578125 0.0625
0 0.81953125 0.7875 0.05078125 0.05546875
0 0.85546875 0.49921875 0.0546875 0.0203125