0 0.1890625 0.159375 0.25 0.28359375
0 0.36328125 0.221875 0.3171875 0.365625
0 0.55390625 0.2546875 0.3921875 0.328125
0 0.675 0.06953125 0.16875 0.1390625
0 0.04375 0.2953125 0.0875 0.090625
0 0.121875 0.34296875 0.0765625 0.0796875
0 0.20390625 0.3953125 0.0734375 0.046875
0 0.03046875 0.3984375 0.0609375 0.040625
0 0.99296875 0.18515625 0.0140625 0.0734375
0 0.9703125 0.13671875 0.059375 0.0671875
0 0.78359375 0.17109375 0.0484375 0.0671875
0 0.7734375 0.246875 0.028125 0.0625
0 0.025 0.7390625 0.05 0.178125
0 0.43515625 0.68359375 0.5234375 0.5296875
0 0.9 0.55703125 0.2 0.2640625
0 0.97734375 0.9375 0.0453125 0.071875
0 0.82109375 0.94140625 0.053125 0.05546875
0 0.81953125 0.43515625 0.0984375 0.0328125