0 0.13125 0.2515625 0.115625 0.16328125
0 0.17421875 0.1140625 0.1109375 0.11328125
0 0.3234375 0.0703125 0.0984375 0.0890625
0 0.04296875 0.053125 0.07421875 0.08671875
0 0.02890625 0.1578125 0.0578125 0.115625
0 0.44375 0.125 0.0625 0.0671875
0 0.21015625 0.3671875 0.0578125 0.04375
0 0.88203125 0.025 0.0796875 0.05
0 0.20859375 0.47578125 0.06953125 0.071875
0 0.1421875 0.55078125 0.14921875 0.15859375
0 0.06796875 0.75625 0.1296875 0.1609375
0 0.34296875 0.96015625 0.0890625 0.0796875
0 0.4796875 0.53359375 0.01875 0.0765625
0 0.43046875 0.53125 0.0765625 0.09140625
0 0.284375 0.71796875 0.0671875 0.0671875
0 0.55234375 0.46640625 0.1265625 0.1546875
0 0.903125 0.4546875 0.10078125 0.10078125
0 0.93515625 0.61953125 0.0796875 0.08671875
0 0.8953125 0.934375 0.209375 0.13125
0 0.74140625 0.70625 0.2546875 0.28125