0 0.92734375 0.2765625 0.1453125 0.23125
0 0.9359375 0.52265625 0.06484375 0.0765625
0 0.11796875 0.1859375 0.2359375 0.22578125
0 0.025 0.49453125 0.05 0.0671875
0 0.1140625 0.43984375 0.071875 0.0671875
0 0.3109375 0.35234375 0.08203125 0.08203125
0 0.46640625 0.45546875 0.2234375 0.21171875
0 0.1734375 0.66953125 0.12734375 0.1609375
0 0.2203125 0.80625 0.12265625 0.1109375
0 0.384375 0.85 0.10546875 0.0890625
0 0.68359375 0.9484375 0.29296875 0.103125
0 0.0765625 0.86640625 0.08203125 0.08671875
0 0.046875 0.76171875 0.09375 0.11328125
0 0.865625 0.66796875 0.07421875 0.0890625
0 0.9515625 0.9828125 0.06953125 0.03359375
0 0.515625 0.7953125 0.0671875 0.06484375
0 0.53359375 0.23828125 0.0578125 0.0484375
0 0.28125 0.16796875 0.0578125 0.05546875
0 0.11796875 0.009375 0.0828125 0.01875
0 0.2609375 0.546875 0.0625 0.06015625