0 0.49921875 0.46171875 0.2203125 0.1140625
0 0.5765625 0.23671875 0.065625 0.0578125
0 0.48984375 0.284375 0.06015625 0.0578125
0 0.32578125 0.36015625 0.0671875 0.06953125
0 0.19609375 0.2703125 0.1875 0.1828125
0 0.44140625 0.0859375 0.10546875 0.1390625
0 0.55 0.028125 0.084375 0.05625
0 0.13984375 0.45859375 0.0484375 0.040625
0 0.35078125 0.50625 0.0484375 0.025
0 0.36796875 0.1921875 0.053125 0.053125
0 0.72734375 0.42890625 0.1515625 0.14921875
0 0.7546875 0.3796875 0.0578125 0.06015625
0 0.66796875 0.12265625 0.10078125 0.10078125
0 0.640625 0.19140625 0.0625 0.0765625
0 0.62890625 0.07578125 0.0390625 0.0796875
0 0.96796875 0.2140625 0.0640625 0.115625
0 0.9375 0.11875 0.1078125 0.1078125
0 0.9640625 0.05625 0.06015625 0.0625
0 0.88046875 0.01484375 0.1015625 0.0296875
0 0.9625 0.37734375 0.075 0.0890625
0 0.9578125 0.4390625 0.084375 0.0875
0 0.8625 0.4734375 0.184375 0.090625
0 0.25703125 0.54296875 0.0640625 0.0484375
0 0.20078125 0.68515625 0.06953125 0.084375
0 0.2578125 0.734375 0.0578125 0.06484375
0 0.53984375 0.68203125 0.0671875 0.06953125
0 0.5328125 0.62265625 0.0578125 0.0578125
0 0.2859375 0.94765625 0.06953125 0.0796875
0 0.2234375 0.940625 0.0671875 0.071875
0 0.01953125 0.803125 0.0390625 0.084375
0 0.50859375 0.8859375 0.0625 0.0671875
0 0.6390625 0.60546875 0.059375 0.0640625
0 0.64453125 0.55546875 0.0703125 0.0578125
0 0.728125 0.52578125 0.0625 0.0140625
0 0.8046875 0.77109375 0.390625 0.4578125