0 0.2359375 0.33515625 0.08671875 0.084375
0 0.24609375 0.41875 0.08203125 0.0625
0 0.37734375 0.56953125 0.0234375 0.0671875
0 0.9421875 0.11015625 0.115625 0.1359375
0 0.8078125 0.1046875 0.125 0.1203125
0 0.71640625 0.05546875 0.09140625 0.09140625
0 0.91484375 0.43984375 0.0890625 0.0984375
0 0.95546875 0.4953125 0.05546875 0.0671875
0 0.96953125 0.559375 0.0609375 0.065625
0 0.70859375 0.721875 0.1578125 0.05625
0 0.5375 0.71171875 0.0578125 0.04296875
0 0.671875 0.584375 0.05546875 0.06015625
0 0.640625 0.47734375 0.084375 0.071875
0 0.7546875 0.36640625 0.0578125 0.0625
0 0.575 0.03828125 0.06953125 0.06484375
0 0.02890625 0.9296875 0.0578125 0.134375
0 0.12265625 0.78125 0.0671875 0.053125
0 0.67578125 0.84609375 0.06953125 0.07421875
0 0.6234375 0.95390625 0.11875 0.0921875
0 0.478125 0.92890625 0.178125 0.1421875
0 0.8453125 0.9109375 0.09609375 0.10078125