0 0.11640625 0.12265625 0.0890625 0.09609375
0 0.125 0.03125 0.084375 0.0625
0 0.8796875 0.209375 0.240625 0.41875
0 0.75625 0.3125 0.09609375 0.1078125
0 0.7 0.0796875 0.084375 0.07421875
0 0.91953125 0.03046875 0.0734375 0.0609375
0 0.509375 0.5078125 0.11875 0.1375
0 0.2875 0.9734375 0.08125 0.053125
0 0.196875 0.94375 0.0796875 0.0796875
0 0.175 0.8765625 0.0578125 0.0578125
0 0.1 0.97265625 0.075 0.0546875
0 0.2203125 0.75625 0.0796875 0.09375
0 0.3984375 0.728125 0.09609375 0.08671875
0 0.553125 0.83828125 0.03125 0.0546875
0 0.38515625 0.4984375 0.12265625 0.11796875
0 0.20703125 0.4765625 0.1390625 0.115625
0 0.02890625 0.43984375 0.0578125 0.0421875
0 0.1109375 0.603125 0.10078125 0.10078125
0 0.709375 0.98515625 0.084375 0.0296875
0 0.9296875 0.43515625 0.1 0.0328125
0 0.7 0.46171875 0.1125 0.0859375
0 0.6640625 0.63828125 0.190625 0.2109375
0 0.90625 0.896875 0.0890625 0.09609375
0 0.96484375 0.68125 0.0703125 0.103125