0 0.0421875 0.0640625 0.084375 0.08203125
0 0.12265625 0.328125 0.06953125 0.06484375
0 0.01484375 0.33046875 0.0296875 0.0859375
0 0.6828125 0.36875 0.09375 0.040625
0 0.7328125 0.3140625 0.06015625 0.07421875
0 0.84140625 0.28125 0.08203125 0.0796875
0 0.92890625 0.3328125 0.053125 0.0484375
0 0.91953125 0.10390625 0.0796875 0.0796875
0 0.775 0.0375 0.05546875 0.0578125
0 0.6828125 0.18203125 0.07421875 0.0671875
0 0.065625 0.85859375 0.13125 0.2828125
0 0.0375 0.69609375 0.075 0.1078125
0 0.08828125 0.55390625 0.16328125 0.15625
0 0.21875 0.50390625 0.03359375 0.0453125
0 0.17578125 0.93125 0.06953125 0.0671875
0 0.20703125 0.78515625 0.05078125 0.053125
0 0.40234375 0.89140625 0.2328125 0.2171875
0 0.41953125 0.7796875 0.09375 0.10078125
0 0.34609375 0.63359375 0.1328125 0.2265625
0 0.34765625 0.55 0.09140625 0.09609375
0 0.53125 0.53515625 0.0890625 0.09140625
0 0.45703125 0.6421875 0.08671875 0.08671875
0 0.66640625 0.53046875 0.08671875 0.08671875
0 0.86953125 0.4375 0.1078125 0.096875
0 0.56328125 0.40078125 0.0703125 0.0234375
0 0.95625 0.79765625 0.0875 0.1390625
0 0.6640625 0.9578125 0.103125 0.084375
0 0.7375 0.95859375 0.07421875 0.07421875
0 0.79140625 0.97421875 0.0671875 0.0515625
0 0.7921875 0.803125 0.08203125 0.0796875
0 0.85859375 0.8265625 0.0765625 0.0765625
0 0.521875 0.975 0.084375 0.05
0 0.7796875 0.4171875 0.228125 0.05625