0 0.17578125 0.1375 0.08203125 0.08671875
0 0.621875 0.271875 0.11796875 0.12265625
0 0.815625 0.15625 0.08671875 0.084375
0 0.44140625 0.046875 0.09609375 0.084375
0 0.0828125 0.41015625 0.075 0.0609375
0 0.18359375 0.44453125 0.06484375 0.07421875
0 0.025 0.77734375 0.05 0.0828125
0 0.15 0.68125 0.1421875 0.14921875
0 0.34765625 0.62109375 0.0421875 0.1140625
0 0.14765625 0.96484375 0.1484375 0.0703125
0 0.33125 0.98125 0.075 0.0375
0 0.12109375 0.57421875 0.15625 0.16328125
0 0.2578125 0.4984375 0.09375 0.0890625
0 0.73359375 0.4125 0.0796875 0.065625
0 0.38515625 0.46953125 0.0328125 0.0671875
0 0.403125 0.43828125 0.06875 0.0765625
0 0.50859375 0.72421875 0.115625 0.1203125
0 0.56328125 0.75546875 0.3890625 0.4890625
0 0.65390625 0.86640625 0.10546875 0.1078125
0 0.8421875 0.8375 0.315625 0.325
0 0.9390625 0.46640625 0.071875 0.0671875
0 0.66015625 0.515625 0.06484375 0.06484375