0 0.18671875 0.05625 0.1203125 0.1125
0 0.1265625 0.02109375 0.103125 0.0421875
0 0.92734375 0.175 0.1390625 0.14921875
0 0.9625 0.04453125 0.075 0.0890625
0 0.69296875 0.0234375 0.0578125 0.046875
0 0.61171875 0.0296875 0.0796875 0.059375
0 0.84375 0.65078125 0.084375 0.0171875
0 0.61640625 0.38046875 0.1140625 0.5578125
0 0.08359375 0.94765625 0.0921875 0.1046875
0 0.32421875 0.9515625 0.0578125 0.04296875
0 0.3765625 0.89375 0.084375 0.1515625
0 0.21171875 0.884375 0.0578125 0.1421875
0 0.3296875 0.725 0.259375 0.13125
0 0.11328125 0.83984375 0.05078125 0.08203125
0 0.51328125 0.87734375 0.05078125 0.053125
0 0.79375 0.69453125 0.06875 0.0703125
0 0.6046875 0.721875 0.084375 0.10078125
0 0.65 0.953125 0.103125 0.08203125