0 0.28046875 0.01484375 0.1203125 0.0296875
0 0.58828125 0.3359375 0.0234375 0.084375
0 0.54453125 0.5390625 0.06015625 0.0625
0 0.82734375 0.15546875 0.1109375 0.0984375
0 0.70078125 0.17890625 0.071875 0.08203125
0 0.78515625 0.5328125 0.10078125 0.09375
0 0.390625 0.9515625 0.09375 0.096875
0 0.50390625 0.9328125 0.1109375 0.134375
0 0.19765625 0.9484375 0.0953125 0.103125
0 0.06796875 0.96875 0.0671875 0.0625
0 0.0765625 0.890625 0.06953125 0.0578125
0 0.1578125 0.80625 0.053125 0.05546875
0 0.5046875 0.74296875 0.0765625 0.07421875
0 0.7984375 0.81484375 0.396875 0.3515625
0 0.9921875 0.83515625 0.015625 0.0765625