0 0.140625 0.2984375 0.28125 0.203125
0 0.19296875 0.10234375 0.3859375 0.2046875
0 0.5625 0.1953125 0.103125 0.1203125
0 0.49609375 0.1609375 0.06953125 0.05078125
0 0.446875 0.07578125 0.0578125 0.053125
0 0.41796875 0.040625 0.06015625 0.0578125
0 0.484375 0.03125 0.0625 0.0625
0 0.37109375 0.3015625 0.08203125 0.0671875
0 0.4328125 0.37734375 0.06875 0.0453125
0 0.86171875 0.28515625 0.11328125 0.1109375
0 0.7171875 0.3828125 0.11875 0.034375
0 0.7703125 0.27265625 0.0890625 0.115625
0 0.85078125 0.1578125 0.0453125 0.06953125
0 0.934375 0.18671875 0.03125 0.05078125
0 0.8234375 0.09375 0.0484375 0.0625
0 0.34609375 0.92890625 0.1765625 0.1421875
0 0.128125 0.853125 0.06015625 0.0578125
0 0.62109375 0.7375 0.0578125 0.05625
0 0.27109375 0.65078125 0.05078125 0.05078125
0 0.2015625 0.66796875 0.0359375 0.03125
0 0.215625 0.59296875 0.03125 0.040625
0 0.3140625 0.55625 0.0453125 0.03359375
0 0.4234375 0.59921875 0.04296875 0.0359375
0 0.475 0.4859375 0.0453125 0.02890625
0 0.321875 0.4921875 0.0578125 0.0453125
0 0.12578125 0.4703125 0.04296875 0.05546875
0 0.0453125 0.4515625 0.071875 0.0671875
0 0.4765625 0.42734375 0.053125 0.05078125
0 0.0375 0.54765625 0.05546875 0.03359375
0 0.0234375 0.5796875 0.03125 0.03359375
0 0.48984375 0.58828125 0.040625 0.0359375
0 0.90859375 0.97421875 0.0765625 0.0515625
0 0.68671875 0.80390625 0.0734375 0.0921875
0 0.6984375 0.72421875 0.0890625 0.0890625
0 0.7046875 0.6390625 0.103125 0.0984375
0 0.703125 0.5515625 0.08203125 0.09140625
0 0.71796875 0.434375 0.1109375 0.06875
0 0.778125 0.4953125 0.06953125 0.0765625
0 0.97265625 0.5484375 0.0546875 0.1125