0 0.30859375 0.37421875 0.2609375 0.2109375
0 0.25859375 0.13984375 0.3609375 0.2796875
0 0.025 0.15859375 0.05 0.0515625
0 0.05 0.12578125 0.0578125 0.05546875
0 0.0078125 0.1140625 0.015625 0.065625
0 0.09453125 0.36953125 0.0765625 0.0625
0 0.03359375 0.44921875 0.0640625 0.0609375
0 0.96328125 0.18359375 0.0734375 0.1359375
0 0.95859375 0.265625 0.0828125 0.071875
0 0.76796875 0.2625 0.103125 0.0984375
0 0.8890625 0.07890625 0.165625 0.1578125
0 0.9171875 0.04140625 0.09375 0.0828125
0 0.80625 0.03671875 0.0578125 0.071875
0 0.6921875 0.04140625 0.0578125 0.0578125
0 0.64140625 0.425 0.0765625 0.08203125
0 0.3484375 0.82421875 0.18125 0.2390625
0 0.40625 0.54375 0.065625 0.10625
0 0.27734375 0.68203125 0.0984375 0.09609375
0 0.3265625 0.628125 0.06953125 0.06953125
0 0.1390625 0.83984375 0.278125 0.3203125
0 0.79375 0.6609375 0.290625 0.28828125
0 0.571875 0.9265625 0.10546875 0.08671875
0 0.96015625 0.91015625 0.0796875 0.1046875
0 0.878125 0.85546875 0.071875 0.05078125
0 0.7125 0.775 0.0578125 0.0578125
0 0.54140625 0.6046875 0.06953125 0.0625