0 0.771875 0.86875 0.321875 0.25703125
0 0.7453125 0.50625 0.46640625 0.48828125
0 0.48203125 0.22109375 0.26171875 0.228125
0 0.8078125 0.19609375 0.13671875 0.134375
0 0.90625 0.22109375 0.134375 0.125
0 0.92890625 0.12890625 0.0796875 0.0796875
0 0.68359375 0.1140625 0.05546875 0.0578125
0 0.28125 0.475 0.071875 0.0796875
0 0.08515625 0.540625 0.14453125 0.1390625
0 0.0671875 0.4734375 0.07421875 0.06953125
0 0.28515625 0.31015625 0.08203125 0.0890625
0 0.08671875 0.17578125 0.1078125 0.10546875
0 0.1078125 0.07421875 0.1296875 0.1203125
0 0.34609375 0.74140625 0.0984375 0.11328125
0 0.40859375 0.709375 0.06484375 0.0484375
0 0.45546875 0.6296875 0.05546875 0.05078125
0 0.4828125 0.59609375 0.0578125 0.05546875
0 0.4203125 0.58515625 0.0578125 0.06484375
0 0.52734375 0.83984375 0.0765625 0.0625
0 0.4671875 0.9203125 0.06484375 0.0625
0 0.0453125 0.9484375 0.0796875 0.08671875
0 0.0328125 0.2984375 0.0578125 0.06015625
0 0.4515625 0.4375 0.0796875 0.0625
0 0.52890625 0.0265625 0.04296875 0.03828125
0 0.8234375 0.04296875 0.0578125 0.04296875
0 0.9546875 0.88828125 0.08203125 0.1109375
0 0.0640625 0.7984375 0.0671875 0.06484375
0 0.12109375 0.43046875 0.0578125 0.06015625
0 0.04921875 0.39453125 0.05078125 0.0625