0 0.228125 0.86875 0.321875 0.25703125
0 0.2546875 0.50625 0.46640625 0.48828125
0 0.51796875 0.22109375 0.26171875 0.228125
0 0.1921875 0.19609375 0.13671875 0.134375
0 0.09375 0.22109375 0.134375 0.125
0 0.07109375 0.12890625 0.0796875 0.0796875
0 0.31640625 0.1140625 0.05546875 0.0578125
0 0.71875 0.475 0.071875 0.0796875
0 0.91484375 0.540625 0.14453125 0.1390625
0 0.9328125 0.4734375 0.07421875 0.06953125
0 0.71484375 0.31015625 0.08203125 0.0890625
0 0.91328125 0.17578125 0.1078125 0.10546875
0 0.8921875 0.07421875 0.1296875 0.1203125
0 0.65390625 0.74140625 0.0984375 0.11328125
0 0.59140625 0.709375 0.06484375 0.0484375
0 0.54453125 0.6296875 0.05546875 0.05078125
0 0.5171875 0.59609375 0.0578125 0.05546875
0 0.5796875 0.58515625 0.0578125 0.06484375
0 0.47265625 0.83984375 0.0765625 0.0625
0 0.5328125 0.9203125 0.06484375 0.0625
0 0.9546875 0.9484375 0.0796875 0.08671875
0 0.9671875 0.2984375 0.0578125 0.06015625
0 0.5484375 0.4375 0.0796875 0.0625
0 0.47109375 0.0265625 0.04296875 0.03828125
0 0.1765625 0.04296875 0.0578125 0.04296875
0 0.0453125 0.88828125 0.08203125 0.1109375
0 0.9359375 0.7984375 0.0671875 0.06484375
0 0.87890625 0.43046875 0.0578125 0.06015625
0 0.95078125 0.39453125 0.05078125 0.0625