0 0.27734375 0.26484375 0.2453125 0.4890625
0 0.128125 0.046875 0.25625 0.09375
0 0.01953125 0.5 0.0390625 0.1125
0 0.05234375 0.46875 0.06484375 0.0484375
0 0.09921875 0.3890625 0.05546875 0.05078125
0 0.1265625 0.35546875 0.0578125 0.05546875
0 0.0640625 0.34453125 0.0578125 0.06484375
0 0.0953125 0.196875 0.0796875 0.0625
0 0.58984375 0.04140625 0.1234375 0.0828125
0 0.709375 0.47109375 0.12734375 0.13203125
0 0.646875 0.4640625 0.10078125 0.103125
0 0.56796875 0.5 0.1296875 0.11875
0 0.41640625 0.08984375 0.0328125 0.0671875
0 0.9640625 0.39921875 0.071875 0.1109375
0 0.80625 0.5203125 0.125 0.078125
0 0.715625 0.20390625 0.415625 0.4078125
0 0.20703125 0.61875 0.0625 0.0765625
0 0.1046875 0.690625 0.2015625 0.2046875
0 0.01796875 0.83359375 0.0359375 0.0796875
0 0.06796875 0.84140625 0.07421875 0.07421875
0 0.14140625 0.98515625 0.0640625 0.0296875
0 0.33671875 0.6328125 0.08203125 0.1109375
0 0.7 0.7796875 0.6 0.440625