0 0.09609375 0.2 0.1921875 0.4
0 0.2359375 0.30390625 0.34375 0.1921875
0 0.3515625 0.0484375 0.1 0.096875
0 0.39296875 0.21015625 0.0921875 0.1171875
0 0.10703125 0.015625 0.0765625 0.03125
0 0.1734375 0.01328125 0.08125 0.0265625
0 0.1921875 0.140625 0.10078125 0.0890625
0 0.78046875 0.3 0.16328125 0.1609375
0 0.85546875 0.3609375 0.1921875 0.078125
0 0.965625 0.38203125 0.06875 0.0359375
0 0.98984375 0.3421875 0.0203125 0.115625
0 0.99609375 0.29375 0.0078125 0.059375
0 0.73671875 0.0390625 0.0828125 0.078125
0 0.58359375 0.02265625 0.0796875 0.0453125
0 0.4703125 0.0890625 0.0625 0.09375
0 0.48671875 0.01484375 0.0859375 0.0296875
0 0.471875 0.365625 0.065625 0.06875
0 0.66640625 0.32890625 0.09609375 0.0984375
0 0.21953125 0.7 0.4390625 0.6
0 0.26953125 0.98515625 0.1421875 0.0296875
0 0.47890625 0.80078125 0.0796875 0.0984375
0 0.63515625 0.72265625 0.125 0.1078125
0 0.54375 0.553125 0.0796875 0.07421875
0 0.83515625 0.48671875 0.0578125 0.0578125
0 0.91328125 0.74765625 0.05078125 0.0671875
0 0.99140625 0.8671875 0.0171875 0.053125