0 0.31328125 0.39375 0.0890625 0.071875
0 0.2421875 0.36953125 0.0890625 0.08203125
0 0.09453125 0.2796875 0.08203125 0.06484375
0 0.0828125 0.23515625 0.08671875 0.0765625
0 0.39609375 0.15078125 0.1296875 0.1296875
0 0.31796875 0.16328125 0.06484375 0.0671875
0 0.3734375 0.0171875 0.16875 0.034375
0 0.12734375 0.02421875 0.0671875 0.0484375
0 0.1734375 0.07265625 0.0625 0.06484375
0 0.26171875 0.02265625 0.03828125 0.04296875
0 0.00859375 0.40078125 0.0171875 0.0578125
0 0.496875 0.2390625 0.1421875 0.12734375
0 0.41875 0.403125 0.0484375 0.053125
0 0.8421875 0.3796875 0.14375 0.1
0 0.94140625 0.2875 0.1171875 0.146875
0 0.8359375 0.14296875 0.165625 0.165625
0 0.66953125 0.25390625 0.1390625 0.2296875
0 0.97734375 0.0796875 0.0453125 0.159375
0 0.934375 0.0515625 0.115625 0.103125
0 0.8578125 0.04375 0.1 0.0875
0 0.9359375 0.0203125 0.121875 0.040625
0 0.83828125 0.02109375 0.1359375 0.0421875
0 0.6796875 0.04765625 0.1 0.0953125
0 0.72421875 0.184375 0.09609375 0.09609375
0 0.62265625 0.0953125 0.0453125 0.071875
0 0.334375 0.46015625 0.0625 0.0609375
0 0.27890625 0.4640625 0.06953125 0.06015625
0 0.234375 0.59140625 0.103125 0.125
0 0.01015625 0.58203125 0.0203125 0.0828125
0 0.0015625 0.659375 0.003125 0.053125
0 0.00546875 0.921875 0.0109375 0.0875
0 0.06328125 0.94453125 0.0625 0.05546875
0 0.07109375 0.98125 0.0984375 0.0375
0 0.33671875 0.940625 0.09140625 0.1109375
0 0.26875 0.890625 0.08671875 0.08671875
0 0.3484375 0.796875 0.0984375 0.0796875
0 0.31015625 0.68828125 0.0671875 0.0796875
0 0.478125 0.59140625 0.07421875 0.0890625
0 0.53359375 0.45546875 0.0890625 0.0515625
0 0.49765625 0.68984375 0.08671875 0.08203125
0 0.51640625 0.8125 0.11328125 0.12265625
0 0.14921875 0.728125 0.0625 0.071875
0 0.42890625 0.80390625 0.0578125 0.06484375
0 0.059375 0.69921875 0.11875 0.1609375
0 0.971875 0.540625 0.05625 0.0875
0 0.896875 0.4453125 0.05 0.03125
0 0.8515625 0.46171875 0.0453125 0.05078125
0 0.89375 0.49453125 0.040625 0.04296875
0 0.621875 0.53671875 0.04375 0.0984375
0 0.61953125 0.6859375 0.0390625 0.0875
0 0.93828125 0.7875 0.0796875 0.084375
0 0.896875 0.921875 0.20625 0.15625
0 0.8078125 0.70703125 0.0625 0.07421875
0 0.72421875 0.628125 0.06953125 0.06484375
0 0.9203125 0.5578125 0.0453125 0.04296875
0 0.95078125 0.64609375 0.06015625 0.06015625
0 0.73984375 0.46796875 0.05546875 0.053125
0 0.721875 0.7296875 0.053125 0.05546875
0 0.7015625 0.80078125 0.0484375 0.05078125