0 0.20703125 0.50234375 0.1734375 0.146875
0 0.23203125 0.57421875 0.0765625 0.0671875
0 0.084375 0.43046875 0.0578125 0.06484375
0 0.10234375 0.31640625 0.0796875 0.0765625
0 0.025 0.1625 0.05 0.059375
0 0.55078125 0.071875 0.1703125 0.134375
0 0.6453125 0.21015625 0.0796875 0.0796875
0 0.5796875 0.25625 0.0796875 0.071875
0 0.44609375 0.36640625 0.07421875 0.05546875
0 0.44140625 0.4125 0.0796875 0.0671875
0 0.76328125 0.4484375 0.11328125 0.115625
0 0.68515625 0.4484375 0.0578125 0.06015625
0 0.7703125 0.64453125 0.14921875 0.13671875
0 0.890625 0.6765625 0.1203125 0.14921875
0 0.8375 0.7671875 0.071875 0.06484375
0 0.8703125 0.928125 0.0625 0.06015625
0 0.80625 0.91484375 0.053125 0.05078125
0 0.69375 0.94609375 0.08671875 0.09140625
0 0.6140625 0.86328125 0.0578125 0.06484375
0 0.46640625 0.7671875 0.084375 0.10078125
0 0.5203125 0.69609375 0.0578125 0.06953125
0 0.51796875 0.625 0.0578125 0.0625
0 0.55546875 0.55859375 0.05546875 0.0578125
0 0.0796875 0.65859375 0.071875 0.0796875
0 0.115625 0.740625 0.0796875 0.0796875
0 0.18515625 0.78828125 0.08203125 0.084375
0 0.30078125 0.8375 0.0484375 0.0671875
0 0.4375 0.9625 0.0890625 0.06484375
0 0.53359375 0.9125 0.0453125 0.0578125
0 0.53515625 0.8484375 0.08203125 0.0796875
0 0.54453125 0.76953125 0.05546875 0.0578125
0 0.66796875 0.64765625 0.040625 0.0484375
0 0.64921875 0.59609375 0.03359375 0.03828125
0 0.32109375 0.25859375 0.05546875 0.053125
0 0.396875 0.1703125 0.0625 0.0625
0 0.40390625 0.06484375 0.0453125 0.0578125
0 0.10703125 0.90859375 0.1703125 0.1734375
0 0.92890625 0.97109375 0.0578125 0.04296875
0 0.26953125 0.01953125 0.0484375 0.03828125
0 0.85078125 0.34765625 0.12734375 0.1078125
0 0.7484375 0.19609375 0.040625 0.0484375