0 0.0828125 0.10078125 0.09609375 0.09375
0 0.025 0.153125 0.05 0.08125
0 0.2265625 0.37734375 0.1390625 0.13203125
0 0.1296875 0.37578125 0.06953125 0.06953125
0 0.23515625 0.54140625 0.1859375 0.0359375
0 0.0859375 0.54140625 0.040625 0.0359375
0 0.303125 0.2609375 0.09375 0.125
0 0.209375 0.084375 0.05078125 0.05546875
0 0.8953125 0.1546875 0.1875 0.18515625
0 0.965625 0.2703125 0.06875 0.11875
0 0.953125 0.42109375 0.09375 0.2765625
0 0.89765625 0.378125 0.2046875 0.23125
0 0.75703125 0.2671875 0.2140625 0.21640625
0 0.64609375 0.1125 0.2359375 0.225
0 0.4 0.06171875 0.09140625 0.09375
0 0.41640625 0.42109375 0.12265625 0.12265625
0 0.45390625 0.54609375 0.0984375 0.0265625
0 0.66484375 0.4890625 0.3203125 0.140625
0 0.421875 0.2 0.10546875 0.1078125
0 0.01171875 0.96328125 0.0234375 0.0734375
0 0.13203125 0.8875 0.053125 0.05546875
0 0.10625 0.8140625 0.0578125 0.06015625
0 0.71640625 0.6671875 0.2640625 0.215625
0 0.7203125 0.93125 0.259375 0.1375
0 0.53203125 0.97890625 0.0953125 0.0421875
0 0.4359375 0.5875 0.15 0.05625
0 0.503125 0.671875 0.10078125 0.10078125
0 0.415625 0.775 0.0890625 0.0890625
0 0.86328125 0.8171875 0.1609375 0.1609375