0 0.19609375 0.24375 0.1671875 0.146875
0 0.17421875 0.17265625 0.0765625 0.0671875
0 0.26484375 0.02265625 0.0296875 0.0453125
0 0.084375 0.48046875 0.05625 0.0390625
0 0.39453125 0.45859375 0.08671875 0.08203125
0 0.490625 0.36171875 0.28828125 0.26171875
0 0.6625 0.24609375 0.06484375 0.0890625
0 0.76875 0.37265625 0.0671875 0.071875
0 0.465625 0.0421875 0.196875 0.084375
0 0.60703125 0.46953125 0.06015625 0.06015625
0 0.23359375 0.5328125 0.0734375 0.065625
0 0.1171875 0.51953125 0.071875 0.0390625
0 0.0765625 0.57578125 0.11328125 0.115625
0 0.0125 0.6703125 0.025 0.0625
0 0.265625 0.678125 0.028125 0.08125
0 0.246875 0.96015625 0.065625 0.0796875
0 0.56015625 0.53046875 0.1046875 0.0609375
0 0.29296875 0.63203125 0.0265625 0.1171875
0 0.3078125 0.73046875 0.05625 0.0859375
0 0.659375 0.79609375 0.09609375 0.09609375
0 0.98203125 0.74609375 0.0359375 0.0828125