0 0.20703125 0.49765625 0.1734375 0.146875
0 0.23203125 0.42578125 0.0765625 0.0671875
0 0.084375 0.56953125 0.0578125 0.06484375
0 0.10234375 0.68359375 0.0796875 0.0765625
0 0.025 0.8359375 0.05 0.059375
0 0.55078125 0.928125 0.1703125 0.134375
0 0.6453125 0.78984375 0.0796875 0.0796875
0 0.5796875 0.74375 0.0796875 0.071875
0 0.44609375 0.63359375 0.07421875 0.05546875
0 0.44140625 0.5875 0.0796875 0.0671875
0 0.76328125 0.5515625 0.11328125 0.115625
0 0.68515625 0.5515625 0.0578125 0.06015625
0 0.7703125 0.35546875 0.14921875 0.13671875
0 0.890625 0.3234375 0.1203125 0.14921875
0 0.8375 0.2328125 0.071875 0.06484375
0 0.8703125 0.071875 0.0625 0.06015625
0 0.80625 0.08515625 0.053125 0.05078125
0 0.69375 0.05390625 0.08671875 0.09140625
0 0.6140625 0.13671875 0.0578125 0.06484375
0 0.46640625 0.2328125 0.084375 0.10078125
0 0.5203125 0.30390625 0.0578125 0.06953125
0 0.51796875 0.375 0.0578125 0.0625
0 0.55546875 0.44140625 0.05546875 0.0578125
0 0.0796875 0.34140625 0.071875 0.0796875
0 0.115625 0.259375 0.0796875 0.0796875
0 0.18515625 0.21171875 0.08203125 0.084375
0 0.30078125 0.1625 0.0484375 0.0671875
0 0.4375 0.0375 0.0890625 0.06484375
0 0.53359375 0.0875 0.0453125 0.0578125
0 0.53515625 0.1515625 0.08203125 0.0796875
0 0.54453125 0.23046875 0.05546875 0.0578125
0 0.66796875 0.35234375 0.040625 0.0484375
0 0.64921875 0.40390625 0.03359375 0.03828125
0 0.32109375 0.74140625 0.05546875 0.053125
0 0.396875 0.8296875 0.0625 0.0625
0 0.40390625 0.93515625 0.0453125 0.0578125
0 0.10703125 0.09140625 0.1703125 0.1734375
0 0.92890625 0.02890625 0.0578125 0.04296875
0 0.26953125 0.98046875 0.0484375 0.03828125
0 0.85078125 0.65234375 0.12734375 0.1078125
0 0.7484375 0.80390625 0.040625 0.0484375