0 0.79296875 0.49765625 0.1734375 0.146875
0 0.76796875 0.42578125 0.0765625 0.0671875
0 0.915625 0.56953125 0.0578125 0.06484375
0 0.89765625 0.68359375 0.0796875 0.0765625
0 0.97421875 0.8359375 0.0515625 0.059375
0 0.44921875 0.928125 0.1703125 0.134375
0 0.3546875 0.78984375 0.0796875 0.0796875
0 0.4203125 0.74375 0.0796875 0.071875
0 0.55390625 0.63359375 0.07421875 0.05546875
0 0.55859375 0.5875 0.0796875 0.0671875
0 0.23671875 0.5515625 0.11328125 0.115625
0 0.31484375 0.5515625 0.0578125 0.06015625
0 0.2296875 0.35546875 0.14921875 0.13671875
0 0.109375 0.3234375 0.1203125 0.14921875
0 0.1625 0.2328125 0.071875 0.06484375
0 0.1296875 0.071875 0.0625 0.06015625
0 0.19375 0.08515625 0.053125 0.05078125
0 0.30625 0.05390625 0.08671875 0.09140625
0 0.3859375 0.13671875 0.0578125 0.06484375
0 0.53359375 0.2328125 0.084375 0.10078125
0 0.4796875 0.30390625 0.0578125 0.06953125
0 0.48203125 0.375 0.0578125 0.0625
0 0.44453125 0.44140625 0.05546875 0.0578125
0 0.9203125 0.34140625 0.071875 0.0796875
0 0.884375 0.259375 0.0796875 0.0796875
0 0.81484375 0.21171875 0.08203125 0.084375
0 0.69921875 0.1625 0.0484375 0.0671875
0 0.5625 0.0375 0.0890625 0.06484375
0 0.46640625 0.0875 0.0453125 0.0578125
0 0.46484375 0.1515625 0.08203125 0.0796875
0 0.45546875 0.23046875 0.05546875 0.0578125
0 0.33203125 0.35234375 0.040625 0.0484375
0 0.35078125 0.40390625 0.03359375 0.03828125
0 0.67890625 0.74140625 0.05546875 0.053125
0 0.603125 0.8296875 0.0625 0.0625
0 0.59609375 0.93515625 0.0453125 0.0578125
0 0.89296875 0.09140625 0.1703125 0.1734375
0 0.07109375 0.02890625 0.0578125 0.04296875
0 0.73046875 0.98046875 0.0484375 0.03828125
0 0.14921875 0.65234375 0.12734375 0.1078125
0 0.2515625 0.80390625 0.040625 0.0484375