0 0.13828125 0.1140625 0.16796875 0.1921875
0 0.49375 0.35078125 0.1203125 0.1109375
0 0.8765625 0.07421875 0.146875 0.1484375
0 0.73203125 0.1765625 0.084375 0.07421875
0 0.9265625 0.259375 0.04296875 0.03359375
0 0.94609375 0.29921875 0.0484375 0.05078125
0 0.7671875 0.26171875 0.0453125 0.05078125
0 0.69140625 0.2671875 0.06953125 0.05078125
0 0.8796875 0.36328125 0.0671875 0.053125
0 0.928125 0.4671875 0.06484375 0.0578125
0 0.2515625 0.16328125 0.071875 0.0796875
0 0.04296875 0.26953125 0.053125 0.06015625
0 0.3578125 0.41796875 0.0625 0.0796875
0 0.37109375 0.1984375 0.03359375 0.03359375
0 0.5015625 0.21015625 0.040625 0.03359375
0 0.0375 0.4359375 0.0484375 0.05078125
0 0.20546875 0.36875 0.040625 0.0578125
0 0.22109375 0.48671875 0.06015625 0.07421875
0 0.084375 0.584375 0.0453125 0.05078125
0 0.678125 0.334375 0.06953125 0.0578125
0 0.61640625 0.375 0.0359375 0.05546875
0 0.76796875 0.36640625 0.0453125 0.05546875
0 0.6984375 0.46015625 0.02890625 0.040625
0 0.87734375 0.53984375 0.071875 0.1078125
0 0.70078125 0.5828125 0.13203125 0.12265625
0 0.73046875 0.67578125 0.06953125 0.0578125
0 0.59375 0.5921875 0.103125 0.115625
0 0.47265625 0.67578125 0.071875 0.09375
0 0.8953125 0.640625 0.1078125 0.084375
0 0.98046875 0.71171875 0.0265625 0.05546875
0 0.9421875 0.9515625 0.0359375 0.04296875
0 0.0890625 0.67578125 0.08203125 0.084375
0 0.3328125 0.65390625 0.06953125 0.053125
0 0.38359375 0.890625 0.0359375 0.040625
0 0.42578125 0.8265625 0.02890625 0.02890625
0 0.584375 0.81640625 0.0625 0.0453125
0 0.725 0.8578125 0.0453125 0.0453125
0 0.77421875 0.8953125 0.06015625 0.03828125
0 0.84765625 0.975 0.03359375 0.040625
0 0.178125 0.75234375 0.03828125 0.03359375
0 0.2296875 0.7921875 0.0359375 0.0359375
0 0.24609375 0.859375 0.0359375 0.03359375
0 0.1 0.8140625 0.03828125 0.03359375
0 0.08203125 0.85 0.040625 0.03359375
0 0.14765625 0.8484375 0.04296875 0.03359375
0 0.3859375 0.27265625 0.040625 0.02890625
0 0.37734375 0.3078125 0.0359375 0.0359375
0 0.30546875 0.2671875 0.03359375 0.03359375
0 0.30078125 0.4359375 0.03359375 0.0359375
0 0.41484375 0.553125 0.0265625 0.03359375
0 0.396875 0.47109375 0.03359375 0.0359375
0 0.97109375 0.803125 0.0359375 0.03359375
0 0.6734375 0.01796875 0.05078125 0.03359375