0 0.95546875 0.30546875 0.0890625 0.228125
0 0.53984375 0.3015625 0.18984375 0.18046875
0 0.37578125 0.025 0.1328125 0.05
0 0.29296875 0.05390625 0.0765625 0.0765625
0 0.37109375 0.10234375 0.103125 0.09140625
0 0.14921875 0.10546875 0.0359375 0.05546875
0 0.9046875 0.25625 0.1203125 0.1203125
0 0.65234375 0.4484375 0.1109375 0.11796875
0 0.7546875 0.22109375 0.05546875 0.053125
0 0.6078125 0.1578125 0.0625 0.0578125
0 0.97578125 0.6453125 0.0484375 0.06015625
0 0.84375 0.4890625 0.07421875 0.0796875
0 0.76328125 0.59609375 0.10546875 0.1078125
0 0.86171875 0.77265625 0.0765625 0.0765625
0 0.35 0.1765625 0.1078125 0.0984375
0 0.3953125 0.25390625 0.06953125 0.07421875
0 0.234375 0.15625 0.0796875 0.08203125
0 0.259375 0.28984375 0.053125 0.0578125
0 0.05625 0.2828125 0.06953125 0.115625
0 0.1921875 0.4109375 0.209375 0.19921875
0 0.1109375 0.4859375 0.1078125 0.0984375
0 0.303125 0.4828125 0.17578125 0.17578125
0 0.390625 0.6359375 0.12734375 0.134375
0 0.015625 0.38359375 0.03125 0.09140625
0 0.80625 0.8609375 0.134375 0.13203125
0 0.553125 0.696875 0.103125 0.09375
0 0.37109375 0.90234375 0.0625 0.0625
0 0.3609375 0.81640625 0.0453125 0.0453125
0 0.19375 0.71171875 0.09375 0.08203125
0 0.02734375 0.6703125 0.0546875 0.071875
0 0.66796875 0.8859375 0.06015625 0.0578125
0 0.59140625 0.8953125 0.06015625 0.0578125
0 0.5359375 0.9515625 0.0578125 0.053125
0 0.7203125 0.98203125 0.06015625 0.0359375
0 0.64921875 0.98515625 0.0640625 0.0296875
0 0.69921875 0.2875 0.06015625 0.053125
0 0.69140625 0.3265625 0.06015625 0.0578125
0 0.790625 0.328125 0.053125 0.053125
0 0.70546875 0.4984375 0.0578125 0.0578125
0 0.51796875 0.54921875 0.0453125 0.0484375
0 0.58203125 0.47734375 0.05546875 0.05546875