0 0.0578125 0.65234375 0.115625 0.25234375
0 0.4203125 0.6265625 0.15859375 0.15625
0 0.61328125 0.97734375 0.2015625 0.0453125
0 0.5375 0.896875 0.1109375 0.10546875
0 0.74765625 0.921875 0.053125 0.05078125
0 0.78515625 0.89765625 0.0671875 0.0671875
0 0.6109375 0.83984375 0.06484375 0.0671875
0 0.5484375 0.7984375 0.084375 0.0796875
0 0.759375 0.80859375 0.084375 0.0796875
0 0.8546875 0.74296875 0.084375 0.08203125
0 0.115625 0.6671875 0.10078125 0.103125
0 0.01328125 0.4703125 0.0265625 0.0796875
0 0.33515625 0.4984375 0.09375 0.10078125
0 0.23828125 0.69609375 0.0453125 0.0453125
0 0.35546875 0.7515625 0.053125 0.05078125
0 0.0671875 0.3234375 0.0671875 0.0671875
0 0.18046875 0.46484375 0.06484375 0.06953125
0 0.25234375 0.37109375 0.0890625 0.09375
0 0.18125 0.21875 0.06484375 0.0671875
0 0.57109375 0.7328125 0.0890625 0.08671875
0 0.53828125 0.6671875 0.06015625 0.06484375
0 0.66484375 0.75 0.0671875 0.06953125
0 0.6515625 0.634375 0.0453125 0.05078125
0 0.84609375 0.6546875 0.11796875 0.1296875
0 0.71484375 0.5296875 0.17578125 0.1703125
0 0.7875 0.4640625 0.0890625 0.08671875
0 0.62734375 0.4671875 0.14921875 0.1515625
0 0.56484375 0.33515625 0.1078125 0.11796875
0 0.9125 0.5765625 0.13671875 0.12734375
0 0.9984375 0.5578125 0.00234375 0.06015625
0 0.23203125 0.14296875 0.11328125 0.115625
0 0.4328125 0.2828125 0.08671875 0.0796875
0 0.5953125 0.1046875 0.053125 0.05546875
0 0.6 0.17890625 0.03828125 0.03828125
0 0.73046875 0.26796875 0.0765625 0.071875
0 0.8734375 0.30390625 0.0625 0.0625
0 0.93515625 0.2953125 0.071875 0.06484375
0 0.3484375 0.1203125 0.05078125 0.05078125
0 0.4125 0.11171875 0.05078125 0.05078125
0 0.46171875 0.0609375 0.0484375 0.0453125
0 0.3109375 0.02734375 0.05078125 0.0484375
0 0.3140625 0.00625 0.053125 0.01171875
0 0.3703125 0.02265625 0.053125 0.0453125
0 0.2875 0.6390625 0.05078125 0.0453125
0 0.296875 0.6046875 0.05078125 0.05078125
0 0.21484375 0.603125 0.0453125 0.0453125
0 0.29453125 0.45546875 0.0484375 0.05078125
0 0.453125 0.4109375 0.03828125 0.040625
0 0.3953125 0.4734375 0.0453125 0.0484375
0 0.40703125 0.9875 0.0609375 0.025