0 0.31953125 0.36328125 0.1296875 0.12734375
0 0.5765625 0.56484375 0.09140625 0.084375
0 0.61484375 0.46640625 0.05078125 0.0578125
0 0.53359375 0.46171875 0.0765625 0.0578125
0 0.05390625 0.58046875 0.0796875 0.09140625
0 0.16875 0.2859375 0.06953125 0.09375
0 0.184375 0.53828125 0.03828125 0.03828125
0 0.325 0.525 0.0453125 0.040625
0 0.0125 0.3421875 0.025 0.065625
0 0.02734375 0.20625 0.0546875 0.084375
0 0.51875 0.38359375 0.0765625 0.0671875
0 0.4515625 0.33671875 0.040625 0.0625
0 0.6171875 0.34609375 0.05078125 0.0625
0 0.54140625 0.23828125 0.03125 0.0484375
0 0.54375 0.09609375 0.14453125 0.1390625
0 0.57421875 0.01171875 0.0765625 0.0234375
0 0.4265625 0.08515625 0.11328125 0.13203125
0 0.29453125 0.021875 0.0796875 0.04375
0 0.14296875 0.021875 0.0765625 0.04375
0 0.2 0.4546875 0.0453125 0.03359375
0 0.190625 0.41328125 0.040625 0.04296875
0 0.1125 0.46015625 0.0359375 0.040625
0 0.10625 0.265625 0.03828125 0.04296875
0 0.2328125 0.13125 0.02890625 0.03828125
0 0.2125 0.22578125 0.0359375 0.04296875
0 0.7078125 0.54609375 0.0484375 0.07421875
0 0.81640625 0.48984375 0.071875 0.07421875
0 0.6890625 0.29921875 0.040625 0.0765625
0 0.75390625 0.22265625 0.06484375 0.07421875
0 0.83203125 0.34765625 0.0671875 0.084375
0 0.83828125 0.15625 0.0578125 0.0796875
0 0.74453125 0.084375 0.071875 0.071875
0 0.93984375 0.5515625 0.1203125 0.2375
0 0.9890625 0.2640625 0.021875 0.05
0 0.96953125 0.05859375 0.0609375 0.0796875
0 0.16640625 0.8234375 0.3328125 0.246875
0 0.51796875 0.82265625 0.2984375 0.2453125
0 0.6140625 0.7234375 0.084375 0.046875
0 0.625 0.9171875 0.0875 0.096875
0 0.38828125 0.98359375 0.0984375 0.0328125
0 0.04453125 0.98671875 0.0890625 0.0265625
0 0.79921875 0.74453125 0.1234375 0.0890625
0 0.7546875 0.83984375 0.0671875 0.071875
0 0.7640625 0.92578125 0.09140625 0.09609375