0 0.2203125 0.06328125 0.1375 0.1265625
0 0.23671875 0.37109375 0.115625 0.103125
0 0.06953125 0.35390625 0.0765625 0.0625
0 0.43984375 0.2734375 0.06953125 0.0578125
0 0.26875 0.16328125 0.07421875 0.0671875
0 0.059375 0.16640625 0.0671875 0.05546875
0 0.72890625 0.13984375 0.0765625 0.0765625
0 0.709375 0.20234375 0.0625 0.0578125
0 0.82734375 0.253125 0.07421875 0.0765625
0 0.90546875 0.28671875 0.0625 0.0578125
0 0.97578125 0.32421875 0.0484375 0.0578125
0 0.8046875 0.3359375 0.0484375 0.0484375
0 0.7984375 0.41875 0.12734375 0.12734375
0 0.98125 0.3765625 0.0375 0.053125
0 0.68125 0.3625 0.1390625 0.12734375
0 0.6828125 0.46015625 0.128125 0.0984375
0 0.87421875 0.09921875 0.06953125 0.06015625
0 0.57890625 0.484375 0.0796875 0.05
0 0.05 0.81328125 0.1 0.1890625
0 0.0734375 0.5484375 0.1 0.078125
0 0.27578125 0.53359375 0.0859375 0.0484375
0 0.28984375 0.625 0.07421875 0.0796875
0 0.46640625 0.90390625 0.0453125 0.0796875
0 0.23203125 0.8453125 0.115625 0.11328125
0 0.69140625 0.678125 0.071875 0.06953125
0 0.58984375 0.56875 0.0625 0.06484375
0 0.7203125 0.98359375 0.053125 0.0328125
0 0.765625 0.79140625 0.06484375 0.0671875
0 0.81953125 0.784375 0.06953125 0.08671875
0 0.8515625 0.52734375 0.05 0.0359375
0 0.9390625 0.76640625 0.06015625 0.0625
0 0.98984375 0.8234375 0.0203125 0.09375
0 0.9015625 0.94609375 0.0765625 0.0984375