0 0.075 0.01171875 0.10625 0.0234375
0 0.19140625 0.24140625 0.1109375 0.10546875
0 0.103125 0.29609375 0.0625 0.071875
0 0.24765625 0.13984375 0.08203125 0.07421875
0 0.215625 0.07265625 0.07421875 0.0671875
0 0.01640625 0.20390625 0.0328125 0.0546875
0 0.98828125 0.36015625 0.0234375 0.0515625
0 0.8671875 0.325 0.0453125 0.0359375
0 0.65 0.365625 0.075 0.046875
0 0.5953125 0.36875 0.05 0.040625
0 0.4890625 0.2828125 0.11328125 0.1109375
0 0.6515625 0.1890625 0.10078125 0.103125
0 0.73125 0.15703125 0.14453125 0.240625
0 0.928125 0.16171875 0.14375 0.3234375
0 0.56171875 0.0265625 0.0796875 0.053125
0 0.4765625 0.01640625 0.053125 0.0328125
0 0.08125 0.74375 0.1203125 0.12734375
0 0.21484375 0.64609375 0.4296875 0.5140625
0 0.41953125 0.44453125 0.0203125 0.0765625
0 0.3109375 0.7265625 0.1109375 0.11328125
0 0.38125 0.809375 0.096875 0.38125
0 0.7453125 0.4109375 0.1875 0.04375
0 0.7765625 0.4796875 0.09609375 0.0984375
0 0.6109375 0.6171875 0.2671875 0.35078125
0 0.6625 0.7578125 0.071875 0.08203125
0 0.4609375 0.94453125 0.0625 0.0953125
0 0.96015625 0.91796875 0.0796875 0.0890625
0 0.815625 0.853125 0.08203125 0.09375
0 0.446875 0.5015625 0.034375 0.071875