0 0.43828125 0.36484375 0.1421875 0.1484375
0 0.16875 0.35 0.215625 0.178125
0 0.01875 0.07421875 0.0375 0.1484375
0 0.39375 0.05546875 0.165625 0.1109375
0 0.2765625 0.03671875 0.103125 0.0734375
0 0.4796875 0.10234375 0.059375 0.1203125
0 0.48828125 0.18984375 0.0421875 0.1078125
0 0.1125 0.021875 0.103125 0.04375
0 0.05546875 0.28984375 0.10546875 0.10546875
0 0.2359375 0.171875 0.09140625 0.09140625
0 0.89140625 0.03828125 0.0796875 0.0765625
0 0.89375 0.1609375 0.0796875 0.071875
0 0.9515625 0.1921875 0.0359375 0.0484375
0 0.68125 0.22421875 0.0578125 0.0625
0 0.515625 0.35 0.0125 0.0375
0 0.4453125 0.89921875 0.128125 0.1734375
0 0.32890625 0.97734375 0.1609375 0.0453125
0 0.3828125 0.759375 0.08671875 0.08671875
0 0.3203125 0.74921875 0.11796875 0.115625
0 0.23125 0.7296875 0.11328125 0.11328125
0 0.46875 0.48671875 0.08125 0.0890625
0 0.08828125 0.653125 0.09375 0.09609375
0 0.078125 0.97265625 0.08125 0.0546875
0 0.19921875 0.46484375 0.0984375 0.0515625
0 0.46328125 0.78359375 0.07421875 0.071875
0 0.17578125 0.896875 0.053125 0.05078125
0 0.69296875 0.6859375 0.0890625 0.09375
0 0.81640625 0.5671875 0.15390625 0.15625
0 0.9640625 0.4609375 0.071875 0.04375
0 0.9703125 0.8 0.059375 0.15
0 0.8234375 0.9078125 0.12734375 0.15859375
0 0.67734375 0.83671875 0.146875 0.146875
0 0.565625 0.946875 0.0625 0.0625
0 0.70390625 0.99140625 0.0609375 0.0171875