0 0.38125 0.03203125 0.05625 0.0640625
0 0.353125 0.0796875 0.06015625 0.0671875
0 0.15703125 0.0515625 0.09609375 0.0890625
0 0.1171875 0.16640625 0.14453125 0.13671875
0 0.253125 0.2265625 0.09140625 0.09140625
0 0.36640625 0.340625 0.0859375 0.14375
0 0.3875 0.59375 0.04375 0.071875
0 0.271875 0.5734375 0.1875 0.1125
0 0.075 0.465625 0.15 0.184375
0 0.14296875 0.26015625 0.10546875 0.09609375
0 0.7796875 0.58828125 0.103125 0.0828125
0 0.42265625 0.571875 0.0265625 0.115625
0 0.459375 0.30390625 0.1 0.1578125
0 0.6015625 0.15625 0.09140625 0.10078125
0 0.575 0.0734375 0.103125 0.09609375
0 0.94921875 0.20859375 0.1015625 0.1296875
0 0.90234375 0.40703125 0.084375 0.07421875
0 0.64140625 0.46484375 0.0765625 0.08671875
0 0.053125 0.84453125 0.10625 0.1078125
0 0.1 0.6609375 0.084375 0.0625
0 0.8359375 0.98671875 0.134375 0.0265625
0 0.71015625 0.9171875 0.08203125 0.08203125
0 0.5984375 0.7390625 0.12734375 0.13203125
0 0.4359375 0.81796875 0.053125 0.1390625
0 0.96328125 0.72578125 0.0734375 0.1703125
0 0.8453125 0.921875 0.10078125 0.08203125