0 0.24140625 0.3359375 0.1265625 0.0875
0 0.2671875 0.1578125 0.0578125 0.0625
0 0.17265625 0.05625 0.103125 0.09140625
0 0.04453125 0.10234375 0.0890625 0.1921875
0 0.42109375 0.03984375 0.0796875 0.0796875
0 0.7734375 0.18984375 0.453125 0.3796875
0 0.91640625 0.02578125 0.1328125 0.0515625
0 0.15390625 0.428125 0.2859375 0.096875
0 0.040625 0.66328125 0.08125 0.0796875
0 0.03828125 0.7375 0.0765625 0.0796875
0 0.26640625 0.909375 0.0578125 0.0796875
0 0.3328125 0.90078125 0.0796875 0.09609375
0 0.4546875 0.675 0.06875 0.0875
0 0.21328125 0.98203125 0.0484375 0.0359375
0 0.2765625 0.9875 0.040625 0.025
0 0.98125 0.7328125 0.0375 0.21875
0 0.9390625 0.53984375 0.121875 0.1796875
0 0.53984375 0.48046875 0.1015625 0.0984375
0 0.5 0.65625 0.021875 0.0875
0 0.68046875 0.78671875 0.2546875 0.28125