0 0.33203125 0.375 0.1296875 0.06875
0 0.29765625 0.0171875 0.0890625 0.034375
0 0.3078125 0.20625 0.0578125 0.0625
0 0.40390625 0.10625 0.103125 0.09140625
0 0.1515625 0.08828125 0.08203125 0.084375
0 0.940625 0.14921875 0.0484375 0.0578125
0 0.9609375 0.065625 0.0625 0.0578125
0 0.559375 0.215625 0.0484375 0.05078125
0 0.83515625 0.32265625 0.0359375 0.04296875
0 0.009375 0.53125 0.01875 0.071875
0 0.26796875 0.5625 0.1515625 0.14921875
0 0.375 0.74765625 0.228125 0.2609375
0 0.46953125 0.6203125 0.0390625 0.13125
0 0.303125 0.91328125 0.1203125 0.125
0 0.53984375 0.85234375 0.07421875 0.08203125
0 0.68046875 0.74765625 0.2046875 0.2140625
0 0.7265625 0.4234375 0.0625 0.028125
0 0.74296875 0.96875 0.053125 0.0484375
0 0.50546875 0.65546875 0.0328125 0.0609375