0 0.4328125 0.0921875 0.09609375 0.10078125
0 0.28125 0.2234375 0.1515625 0.15859375
0 0.140625 0.09609375 0.13671875 0.1609375
0 0.19609375 0.40390625 0.06953125 0.07421875
0 0.403125 0.44765625 0.2 0.0640625
0 0.5109375 0.125 0.0375 0.10625
0 0.03671875 0.4484375 0.0734375 0.0625
0 0.5828125 0.30234375 0.10625 0.3171875
0 0.5578125 0.44921875 0.05625 0.0609375
0 0.21796875 0.98203125 0.0921875 0.0359375
0 0.12578125 0.95234375 0.1046875 0.0953125
0 0.053125 0.81328125 0.084375 0.103125
0 0.1375 0.7265625 0.1203125 0.12265625
0 0.35625 0.90859375 0.053125 0.05078125
0 0.35625 0.81328125 0.0578125 0.06015625
0 0.446875 0.98125 0.0375 0.0375
0 0.45859375 0.9 0.04296875 0.0453125
0 0.5046875 0.90859375 0.05 0.0921875
0 0.4125 0.53125 0.09609375 0.09609375
0 0.32109375 0.62109375 0.0796875 0.0796875
0 0.25859375 0.62734375 0.0578125 0.0625
0 0.31015625 0.728125 0.06953125 0.0625
0 0.40625 0.68984375 0.0578125 0.053125
0 0.43203125 0.74140625 0.03828125 0.04296875
0 0.42109375 0.78671875 0.04296875 0.03828125
0 0.471875 0.75546875 0.053125 0.05546875
0 0.5109375 0.809375 0.0375 0.05625
0 0.22421875 0.50859375 0.0671875 0.0578125
0 0.03046875 0.49765625 0.0421875 0.0359375
0 0.3625 0.48515625 0.05 0.0109375
0 0.86328125 0.8953125 0.2734375 0.209375
0 0.95234375 0.56328125 0.0953125 0.0984375
0 0.646875 0.51796875 0.07421875 0.0671875
0 0.8671875 0.7484375 0.0625 0.071875
0 0.68828125 0.89140625 0.0578125 0.0625
0 0.60859375 0.91953125 0.071875 0.08203125
0 0.99296875 0.71796875 0.0140625 0.0546875
0 0.70859375 0.73046875 0.0765625 0.07421875
0 0.6546875 0.8078125 0.05546875 0.0625