0 0.2796875 0.46953125 0.084375 0.07421875
0 0.2703125 0.40234375 0.06015625 0.09140625
0 0.1640625 0.33984375 0.06953125 0.0796875
0 0.0390625 0.4375 0.078125 0.103125
0 0.04375 0.3484375 0.0875 0.303125
0 0.46875 0.515625 0.053125 0.028125
0 0.45859375 0.46953125 0.0578125 0.0578125
0 0.490625 0.27265625 0.06484375 0.05546875
0 0.4546875 0.22109375 0.05 0.0578125
0 0.503125 0.15234375 0.084375 0.08671875
0 0.54375 0.025 0.059375 0.05
0 0.684375 0.01171875 0.05 0.0234375
0 0.734375 0.0453125 0.05546875 0.06015625
0 0.86484375 0.13203125 0.146875 0.16328125
0 0.9171875 0.25 0.0578125 0.0625
0 0.9484375 0.20546875 0.03828125 0.040625
0 0.63125 0.18125 0.05078125 0.05078125
0 0.5953125 0.2484375 0.0484375 0.03359375
0 0.66875 0.28515625 0.06484375 0.07421875
0 0.7359375 0.290625 0.06015625 0.0671875
0 0.78046875 0.35234375 0.071875 0.0625
0 0.8515625 0.44453125 0.03359375 0.0359375
0 0.93515625 0.50625 0.0890625 0.046875
0 0.0265625 0.775 0.053125 0.071875
0 0.08984375 0.6765625 0.0890625 0.0984375
0 0.27421875 0.559375 0.1890625 0.059375
0 0.22109375 0.684375 0.1109375 0.13671875
0 0.41484375 0.77109375 0.0296875 0.0609375
0 0.16484375 0.97109375 0.0703125 0.0578125
0 0.1125 0.8546875 0.05546875 0.0484375
0 0.18046875 0.78984375 0.05078125 0.053125
0 0.24296875 0.89296875 0.040625 0.040625
0 0.4484375 0.915625 0.0375 0.071875
0 0.94375 0.853125 0.08671875 0.09609375
0 0.82578125 0.80859375 0.08671875 0.0796875
0 0.88359375 0.6171875 0.0796875 0.0796875