0 0.3640625 0.13984375 0.0671875 0.084375
0 0.3640625 0.01015625 0.071875 0.0203125
0 0.09609375 0.0484375 0.06484375 0.05546875
0 0.15078125 0.35390625 0.1421875 0.14453125
0 0.05703125 0.3828125 0.06484375 0.071875
0 0.13359375 0.209375 0.07421875 0.05078125
0 0.3796875 0.22421875 0.040625 0.0671875
0 0.390625 0.284375 0.01875 0.084375
0 0.57265625 0.0328125 0.1828125 0.065625
0 0.8453125 0.23984375 0.10078125 0.1109375
0 0.7140625 0.51640625 0.1734375 0.19453125
0 0.45625 0.15625 0.1125 0.121875
0 0.51328125 0.29375 0.0671875 0.06953125
0 0.47109375 0.34609375 0.08671875 0.09609375
0 0.66953125 0.17890625 0.15390625 0.16328125
0 0.9078125 0.4453125 0.1078125 0.0984375
0 0.56875 0.51484375 0.26875 0.2078125
0 0.2 0.809375 0.4 0.38125
0 0.88984375 0.87109375 0.1203125 0.125