0 0.63125 0.1 0.26953125 0.19921875
0 0.6734375 0.2671875 0.06953125 0.0625
0 0.8171875 0.85703125 0.08671875 0.10546875
0 0.72265625 0.96484375 0.071875 0.06953125
0 0.63828125 0.99765625 0.08203125 0.0046875
0 0.5984375 0.9625 0.0671875 0.07421875
0 0.4265625 0.89765625 0.06953125 0.09140625
0 0.14765625 0.984375 0.0671875 0.03125
0 0.01328125 0.859375 0.0265625 0.1078125
0 0.203125 0.6625 0.146875 0.15859375
0 0.10703125 0.63125 0.0671875 0.0796875
0 0.01171875 0.56484375 0.0234375 0.0890625
0 0.1859375 0.821875 0.0765625 0.05546875
0 0.4640625 0.80546875 0.084375 0.07421875
0 0.4734375 0.73828125 0.06015625 0.09140625
0 0.5796875 0.67578125 0.06953125 0.0796875
0 0.71015625 0.77421875 0.09140625 0.103125
0 0.9234375 0.94921875 0.0765625 0.084375
0 0.86328125 0.478125 0.0765625 0.103125
0 0.75703125 0.68515625 0.2015625 0.303125
0 0.7859375 0.96484375 0.0765625 0.06953125