0 0.72265625 0.08515625 0.25 0.1703125
0 0.7609375 0.2296875 0.0625 0.0578125
0 0.89453125 0.765625 0.0796875 0.09609375
0 0.80625 0.87109375 0.06484375 0.0765625
0 0.7296875 0.9359375 0.07421875 0.09375
0 0.6921875 0.8640625 0.06015625 0.071875
0 0.5328125 0.803125 0.0625 0.084375
0 0.53359375 0.9546875 0.06953125 0.0671875
0 0.275 0.89296875 0.06015625 0.05546875
0 0.1140625 0.7671875 0.09609375 0.0984375
0 0.3265625 0.5890625 0.13671875 0.14453125
0 0.23828125 0.56015625 0.06015625 0.071875
0 0.125 0.5 0.06953125 0.08203125
0 0.31015625 0.7328125 0.06953125 0.05078125
0 0.56875 0.7171875 0.0765625 0.0671875
0 0.5765625 0.65625 0.05546875 0.084375
0 0.67421875 0.60078125 0.0625 0.071875
0 0.7953125 0.68984375 0.084375 0.09375
0 0.978125 0.85 0.04296875 0.0765625
0 0.9359375 0.421875 0.06953125 0.09375
0 0.8390625 0.609375 0.18515625 0.27421875
0 0.865625 0.875 0.06953125 0.08671875