0 0.45859375 0.028125 0.0421875 0.05625
0 0.37421875 0.03515625 0.1171875 0.0703125
0 0.340625 0.08984375 0.09609375 0.06484375
0 0.2578125 0.1453125 0.09375 0.10546875
0 0.14921875 0.234375 0.10546875 0.1109375
0 0.359375 0.2390625 0.1296875 0.125
0 0.4640625 0.24375 0.03125 0.075
0 0.41953125 0.3328125 0.08671875 0.08203125
0 0.08046875 0.38203125 0.06953125 0.08203125
0 0.56875 0.03203125 0.13125 0.0640625
0 0.69453125 0.02734375 0.1109375 0.0546875
0 0.64765625 0.05234375 0.1078125 0.1046875
0 0.7140625 0.3296875 0.09375 0.09375
0 0.76875 0.3671875 0.12265625 0.12265625
0 0.97578125 0.29921875 0.0484375 0.1234375
0 0.6203125 0.35234375 0.07421875 0.07421875
0 0.6625 0.3984375 0.0625 0.0625
0 0.5671875 0.359375 0.175 0.140625
0 0.34609375 0.87109375 0.053125 0.0625
0 0.31875 0.92890625 0.0453125 0.04296875
0 0.21875 0.87109375 0.040625 0.05078125
0 0.19453125 0.846875 0.0453125 0.05078125
0 0.16328125 0.82265625 0.0484375 0.0453125
0 0.421875 0.8015625 0.04296875 0.0578125
0 0.45859375 0.92578125 0.0421875 0.0578125
0 0.1578125 0.5671875 0.06015625 0.0578125
0 0.31640625 0.60625 0.103125 0.1078125
0 0.325 0.70859375 0.11328125 0.12265625
0 0.45859375 0.73125 0.0421875 0.0625
0 0.52421875 0.63515625 0.0890625 0.1828125
0 0.81484375 0.8234375 0.1875 0.1875
0 0.8265625 0.9171875 0.09609375 0.0984375
0 0.68515625 0.975 0.1078125 0.05
0 0.9421875 0.8984375 0.1078125 0.1078125
0 0.971875 0.65078125 0.05625 0.1828125
0 0.915625 0.5421875 0.12734375 0.12734375
0 0.7796875 0.5859375 0.134375 0.13671875
0 0.6890625 0.48125 0.134375 0.103125
0 0.7390625 0.5046875 0.103125 0.10546875
0 0.51796875 0.51796875 0.0765625 0.1765625
0 0.565625 0.6890625 0.11328125 0.115625
0 0.53125 0.84453125 0.103125 0.1609375