0 0.02265625 0.27109375 0.0453125 0.1171875
0 0.1125 0.38125 0.11328125 0.125
0 0.5171875 0.0625 0.09609375 0.0984375
0 0.6234375 0.0859375 0.071875 0.10625
0 0.50546875 0.25703125 0.0671875 0.084375
0 0.3953125 0.3390625 0.06015625 0.06484375
0 0.575 0.4234375 0.16875 0.171875
0 0.93125 0.428125 0.1375 0.1625
0 0.97890625 0.35625 0.0421875 0.103125
0 0.92890625 0.396875 0.06484375 0.06484375
0 0.83984375 0.3109375 0.09140625 0.09140625
0 0.72109375 0.23046875 0.1109375 0.1109375
0 0.70390625 0.390625 0.0671875 0.0671875
0 0.68671875 0.41640625 0.0546875 0.0796875
0 0.6984375 0.36640625 0.078125 0.2859375
0 0.66875 0.27421875 0.01875 0.0796875
0 0.67890625 0.1203125 0.0390625 0.071875
0 0.68671875 0.0328125 0.0546875 0.0625
0 0.78125 0.065625 0.215625 0.13125
0 0.78359375 0.49921875 0.0703125 0.0203125
0 0.28828125 0.70703125 0.5109375 0.3953125
0 0.04453125 0.66640625 0.0890625 0.1046875
0 0.05703125 0.5734375 0.09609375 0.09375
0 0.5 0.61015625 0.0453125 0.0578125
0 0.56796875 0.63125 0.07421875 0.07421875
0 0.575 0.7796875 0.0671875 0.0578125
0 0.590625 0.83125 0.06953125 0.07421875
0 0.23671875 0.9734375 0.0671875 0.053125
0 0.16171875 0.93359375 0.06953125 0.071875
0 0.03671875 0.90859375 0.04296875 0.04296875
0 0.625 0.9765625 0.053125 0.046875
0 0.303125 0.99140625 0.040625 0.0171875
0 0.7453125 0.73828125 0.171875 0.2046875
0 0.9296875 0.890625 0.140625 0.184375
0 0.8484375 0.5171875 0.115625 0.015625
0 0.915625 0.515625 0.071875 0.0125