0 0.17421875 0.090625 0.0671875 0.053125
0 0.03359375 0.2515625 0.0671875 0.06875
0 0.346875 0.284375 0.04375 0.084375
0 0.221875 0.3375 0.059375 0.04375
0 0.38046875 0.1515625 0.0234375 0.1125
0 0.13828125 0.8359375 0.1203125 0.13671875
0 0.1265625 0.94765625 0.115625 0.0984375
0 0.03984375 0.96484375 0.0796875 0.0703125
0 0.865625 0.9359375 0.08203125 0.08203125
0 0.96640625 0.58203125 0.0671875 0.0671875
0 0.796875 0.5234375 0.15625 0.1609375
0 0.7078125 0.63984375 0.0578125 0.06953125
0 0.61328125 0.48515625 0.1109375 0.11796875
0 0.459375 0.41015625 0.0578125 0.06484375
0 0.425 0.6078125 0.1125 0.115625
0 0.3828125 0.68203125 0.028125 0.0578125
0 0.4625 0.8984375 0.06484375 0.071875
0 0.44765625 0.98515625 0.0828125 0.0296875
0 0.5890625 0.98515625 0.0625 0.0296875
0 0.8734375 0.8 0.08203125 0.071875
0 0.76953125 0.7609375 0.0453125 0.04296875