0 0.36015625 0.1859375 0.0578125 0.071875
0 0.18359375 0.08125 0.09375 0.09140625
0 0.8046875 0.26484375 0.053125 0.05546875
0 0.9296875 0.19453125 0.140625 0.1796875
0 0.590625 0.41953125 0.0625 0.0203125
0 0.19296875 0.47109375 0.0578125 0.0828125
0 0.378125 0.78046875 0.021875 0.0890625
0 0.271875 0.74296875 0.0671875 0.08671875
0 0.26484375 0.9515625 0.1421875 0.096875
0 0.16015625 0.934375 0.09375 0.07421875
0 0.51875 0.6109375 0.1078125 0.125
0 0.78515625 0.44453125 0.0921875 0.0296875
0 0.9 0.8578125 0.06953125 0.06015625
0 0.58515625 0.95 0.08203125 0.071875
0 0.45546875 0.8609375 0.0578125 0.05078125