0 0.21015625 0.46171875 0.0578125 0.06953125
0 0.3421875 0.17890625 0.08203125 0.09140625
0 0.328125 0.09375 0.0890625 0.09140625
0 0.26015625 0.02265625 0.0578125 0.0453125
0 0.0328125 0.13828125 0.065625 0.0671875
0 0.24296875 0.63203125 0.0578125 0.0546875
0 0.48984375 0.065625 0.08203125 0.103125
0 0.95859375 0.2375 0.0578125 0.07421875
0 0.16796875 0.946875 0.0578125 0.08203125
0 0.37734375 0.92734375 0.0890625 0.084375
0 0.4125 0.74609375 0.034375 0.0671875
0 0.02109375 0.78203125 0.0421875 0.0578125
0 0.20859375 0.740625 0.0484375 0.06015625
0 0.49765625 0.76953125 0.1359375 0.1421875
0 0.5546875 0.86953125 0.084375 0.0984375
0 0.61015625 0.92109375 0.071875 0.09609375
0 0.69140625 0.85234375 0.071875 0.07421875
0 0.815625 0.99140625 0.071875 0.0171875
0 0.95234375 0.93828125 0.0953125 0.1234375