0 0.378125 0.12421875 0.04375 0.0671875
0 0.203125 0.01328125 0.06875 0.0265625
0 0.1546875 0.06875 0.084375 0.09140625
0 0.1375 0.25625 0.0796875 0.06953125
0 0.01015625 0.3953125 0.0203125 0.09375
0 0.8953125 0.00859375 0.05625 0.0171875
0 0.44453125 0.3078125 0.05078125 0.04296875
0 0.23046875 0.97734375 0.0765625 0.0453125
0 0.4296875 0.89375 0.059375 0.09375
0 0.4671875 0.7859375 0.0890625 0.10078125
0 0.484375 0.7125 0.0453125 0.0484375
0 0.41171875 0.58203125 0.0234375 0.0453125
0 0.646875 0.56953125 0.04296875 0.05546875
0 0.73515625 0.59609375 0.071875 0.05546875
0 0.73046875 0.5578125 0.040625 0.0453125
0 0.77734375 0.48828125 0.0484375 0.0390625
0 0.875 0.6453125 0.0484375 0.040625
0 0.95625 0.8234375 0.0875 0.253125
0 0.703125 0.7953125 0.36328125 0.3578125