0 0.19921875 0.140625 0.10078125 0.084375
0 0.23828125 0.21015625 0.0890625 0.0671875
0 0.0421875 0.1390625 0.0671875 0.07421875
0 0.0875 0.1078125 0.0765625 0.09375
0 0.24375 0.33671875 0.07421875 0.07421875
0 0.4109375 0.0640625 0.08671875 0.09375
0 0.58515625 0.2859375 0.11796875 0.12734375
0 0.66953125 0.34375 0.11328125 0.11328125
0 0.65390625 0.59140625 0.17578125 0.1734375
0 0.50390625 0.525 0.12734375 0.16796875
0 0.93125 0.52890625 0.071875 0.08671875
0 0.69921875 0.14765625 0.07421875 0.07421875
0 0.1546875 0.5734375 0.0671875 0.06953125
0 0.7515625 0.196875 0.0625 0.0625