0 0.03515625 0.74609375 0.06953125 0.134375
0 0.071875 0.69453125 0.12265625 0.11328125
0 0.1421875 0.5671875 0.1109375 0.11328125
0 0.1890625 0.890625 0.09609375 0.0625
0 0.4546875 0.78828125 0.1828125 0.18984375
0 0.56875 0.771875 0.1703125 0.1703125
0 0.678125 0.5109375 0.26171875 0.2640625
0 0.4953125 0.5046875 0.21171875 0.2328125
0 0.915625 0.71015625 0.103125 0.11796875
0 0.4984375 0.96484375 0.1109375 0.06953125
0 0.17421875 0.2828125 0.10078125 0.103125
0 0.5734375 0.95625 0.09375 0.0875