0 0.36328125 0.071875 0.0328125 0.1125
0 0.33125 0.19921875 0.096875 0.1140625
0 0.05859375 0.03671875 0.1171875 0.0734375
0 0.0453125 0.26171875 0.090625 0.2328125
0 0.30703125 0.484375 0.10078125 0.103125
0 0.42265625 0.33046875 0.0859375 0.1046875
0 0.68359375 0.19375 0.125 0.14453125
0 0.8671875 0.19765625 0.05078125 0.06015625
0 0.8265625 0.1640625 0.0625 0.07421875
0 0.98125 0.53203125 0.0375 0.0546875
0 0.984375 0.440625 0.03125 0.0875
0 0.4375 0.60078125 0.05625 0.0171875
0 0.43359375 0.54375 0.0671875 0.06484375
0 0.53203125 0.0265625 0.04296875 0.03828125
0 0.52734375 0.08828125 0.06015625 0.05078125
0 0.38828125 0.21328125 0.0171875 0.0359375
0 0.11953125 0.978125 0.1484375 0.04375
0 0.17421875 0.70859375 0.15625 0.1609375
0 0.0109375 0.6640625 0.021875 0.071875
0 0.0375 0.6484375 0.075 0.078125
0 0.88515625 0.9375 0.1921875 0.125
0 0.921875 0.79296875 0.15625 0.1828125
0 0.54921875 0.62890625 0.1203125 0.0390625
0 0.4828125 0.72265625 0.178125 0.178125