0 0.7984375 0.134375 0.103125 0.08671875
0 0.75859375 0.2046875 0.09375 0.0671875
0 0.9625 0.13359375 0.06953125 0.07421875
0 0.91484375 0.10234375 0.0796875 0.09375
0 0.75234375 0.3328125 0.0765625 0.07421875
0 0.578125 0.0578125 0.09140625 0.09375
0 0.396875 0.28125 0.12265625 0.1296875
0 0.30859375 0.3390625 0.11796875 0.11328125
0 0.32578125 0.5890625 0.1828125 0.17578125
0 0.48203125 0.521875 0.134375 0.16796875
0 0.0359375 0.525 0.071875 0.08671875
0 0.2765625 0.1421875 0.0765625 0.07421875
0 0.8453125 0.57109375 0.06953125 0.06953125
0 0.2234375 0.19140625 0.06484375 0.0625