0 0.1828125 0.04375 0.184375 0.0875
0 0.30078125 0.0515625 0.1734375 0.103125
0 0.3640625 0.29453125 0.209375 0.2703125
0 0.20390625 0.2890625 0.2140625 0.240625
0 0.50703125 0.04921875 0.0765625 0.0859375
0 0.50078125 0.37890625 0.0640625 0.0796875
0 0.640625 0.49921875 0.125 0.13671875
0 0.85078125 0.55703125 0.08671875 0.08671875
0 0.94921875 0.3875 0.071875 0.0578125
0 0.85625 0.35625 0.0453125 0.06015625
0 0.68828125 0.2125 0.0890625 0.103125
0 0.9375 0.0515625 0.121875 0.103125
0 0.7125 0.06640625 0.09140625 0.12265625
0 0.95546875 0.16796875 0.0796875 0.06484375
0 0.82890625 0.15546875 0.06015625 0.07421875
0 0.79453125 0.01875 0.0546875 0.0375
0 0.4453125 0.6953125 0.046875 0.05625
0 0.446875 0.946875 0.04375 0.090625
0 0.35546875 0.86796875 0.0671875 0.0796875
0 0.3046875 0.81640625 0.06953125 0.071875
0 0.08359375 0.85390625 0.06953125 0.071875
0 0.059375 0.934375 0.0671875 0.0671875
0 0.75 0.7328125 0.071875 0.084375
0 0.97890625 0.775 0.0421875 0.09375
0 0.87265625 0.9828125 0.0515625 0.034375
0 0.61875 0.703125 0.05546875 0.07421875