0 0.03203125 0.39453125 0.0640625 0.0890625
0 0.3359375 0.484375 0.14375 0.06875
0 0.43359375 0.471875 0.1359375 0.09375
0 0.46953125 0.2484375 0.1984375 0.2125
0 0.3171875 0.27734375 0.165625 0.19453125
0 0.015625 0.14375 0.03125 0.084375
0 0.73984375 0.50078125 0.0765625 0.0359375
0 0.9640625 0.40859375 0.071875 0.0765625
0 0.90546875 0.40234375 0.0671875 0.06484375
0 0.83671875 0.27421875 0.12265625 0.12265625
0 0.9078125 0.11875 0.0796875 0.0765625
0 0.94140625 0.03125 0.1171875 0.0625
0 0.93671875 0.3015625 0.05546875 0.05546875
0 0.02109375 0.59453125 0.0421875 0.1390625
0 0.31328125 0.87890625 0.12265625 0.1203125
0 0.609375 0.9828125 0.08125 0.034375
0 0.625 0.89453125 0.1125 0.2109375
0 0.84921875 0.8859375 0.146875 0.1515625
0 0.69765625 0.9828125 0.0890625 0.034375
0 0.59375 0.7765625 0.04296875 0.0453125
0 0.5875 0.5265625 0.0375 0.015625
0 0.75390625 0.58828125 0.06953125 0.06953125
0 0.803125 0.5890625 0.0625 0.0625
0 0.81640625 0.6953125 0.04296875 0.053125
0 0.9484375 0.803125 0.0671875 0.0625
0 0.80390625 0.990625 0.0515625 0.01875