0 0.8796875 0.225 0.11796875 0.10546875
0 0.82578125 0.28359375 0.103125 0.08671875
0 0.9953125 0.26328125 0.009375 0.0890625
0 0.9734375 0.22109375 0.053125 0.1078125
0 0.78828125 0.4046875 0.0890625 0.0890625
0 0.69375 0.1 0.1078125 0.11328125
0 0.47109375 0.271875 0.14453125 0.15390625
0 0.3734375 0.30625 0.13671875 0.13671875
0 0.3296875 0.55078125 0.2140625 0.21171875
0 0.490625 0.52265625 0.165625 0.19453125
0 0.07421875 0.4203125 0.09140625 0.10078125
0 0.39296875 0.109375 0.0890625 0.0890625
0 0.81640625 0.65625 0.08203125 0.084375
0 0.33203125 0.14453125 0.0765625 0.0765625