0 0.1625 0.096875 0.09609375 0.08671875
0 0.21328125 0.2140625 0.12734375 0.1203125
0 0.221875 0.03046875 0.14375 0.0609375
0 0.03984375 0.25234375 0.06953125 0.0671875
0 0.46015625 0.24765625 0.1203125 0.1046875
0 0.4890625 0.1828125 0.0984375 0.0984375
0 0.51875 0.02421875 0.14375 0.0484375
0 0.7765625 0.16484375 0.103125 0.103125
0 0.83515625 0.2515625 0.1109375 0.096875
0 0.95078125 0.25 0.0984375 0.1
0 0.9265625 0.1734375 0.1203125 0.1203125
0 0.971875 0.05234375 0.05625 0.0796875
0 0.30390625 0.87890625 0.05546875 0.0625
0 0.1515625 0.4171875 0.0578125 0.0671875
0 0.21640625 0.4109375 0.15625 0.17578125
0 0.05390625 0.53984375 0.0765625 0.09375
0 0.0578125 0.653125 0.115625 0.146875
0 0.140625 0.53359375 0.05078125 0.053125
0 0.31796875 0.61796875 0.03359375 0.040625
0 0.3015625 0.6421875 0.05078125 0.05546875
0 0.3125 0.70078125 0.040625 0.0453125
0 0.16796875 0.7640625 0.0484375 0.0484375
0 0.03203125 0.7953125 0.0578125 0.0625
0 0.01171875 0.86953125 0.0234375 0.1109375
0 0.0578125 0.91015625 0.05546875 0.0578125
0 0.19921875 0.88203125 0.0453125 0.0484375
0 0.3734375 0.8796875 0.046875 0.059375
0 0.6 0.66171875 0.084375 0.0890625
0 0.5453125 0.71953125 0.0578125 0.0484375
0 0.68515625 0.50703125 0.071875 0.0671875