0 0.321875 0.8609375 0.09609375 0.08671875
0 0.6625 0.76953125 0.09375 0.0796875
0 0.37265625 0.74375 0.12734375 0.1203125
0 0.42421875 0.6046875 0.08671875 0.09609375
0 0.3125 0.615625 0.1390625 0.12265625
0 0.2921875 0.521875 0.115625 0.09140625
0 0.20703125 0.42421875 0.08671875 0.0796875
0 0.2140625 0.27890625 0.0671875 0.084375
0 0.109375 0.23046875 0.103125 0.08203125
0 0.053125 0.28828125 0.0796875 0.084375
0 0.44609375 0.27890625 0.1390625 0.134375
0 0.5484375 0.3640625 0.06484375 0.071875
0 0.6765625 0.24375 0.146875 0.1828125
0 0.74609375 0.4046875 0.09375 0.0890625
0 0.8140625 0.41484375 0.0984375 0.0890625
0 0.8140625 0.33046875 0.071875 0.08671875
0 0.9265625 0.0515625 0.12265625 0.0984375
0 0.72109375 0.0734375 0.103125 0.09140625
0 0.61328125 0.1296875 0.0578125 0.0671875
0 0.6875 0.63125 0.12265625 0.1390625
0 0.87890625 0.8453125 0.06484375 0.071875
0 0.6703125 0.975 0.05078125 0.040625
0 0.38203125 0.9484375 0.14453125 0.103125
0 0.0484375 0.9015625 0.06015625 0.071875
0 0.19921875 0.70546875 0.06953125 0.0671875
0 0.0765625 0.7359375 0.05546875 0.05546875
0 0.10703125 0.63828125 0.053125 0.05546875
0 0.9375 0.7125 0.053125 0.053125