0 0.10234375 0.01875 0.1078125 0.0375
0 0.3703125 0.10234375 0.10546875 0.1109375
0 0.47578125 0.07109375 0.1609375 0.1421875
0 0.5140625 0.1546875 0.13125 0.1125
0 0.41640625 0.4125 0.1640625 0.134375
0 0.29921875 0.36328125 0.0796875 0.084375
0 0.19609375 0.44140625 0.1796875 0.0765625
0 0.09609375 0.36484375 0.1109375 0.10546875
0 0.0421875 0.36953125 0.084375 0.1078125
0 0.04453125 0.43984375 0.0890625 0.0796875
0 0.10703125 0.13125 0.14921875 0.1609375
0 0.8875 0.23984375 0.225 0.4796875
0 0.609375 0.2953125 0.059375 0.11875
0 0.6625 0.07265625 0.165625 0.1453125
0 0.86640625 0.1296875 0.103125 0.103125
0 0.15 0.9484375 0.175 0.103125
0 0.18671875 0.83046875 0.0984375 0.09375
0 0.06328125 0.84140625 0.09375 0.0984375
0 0.021875 0.63828125 0.04375 0.0796875
0 0.62265625 0.78515625 0.0859375 0.2015625
0 0.76171875 0.85234375 0.0625 0.06953125
0 0.85078125 0.79296875 0.071875 0.06484375
0 0.83984375 0.734375 0.053125 0.053125
0 0.92734375 0.56640625 0.1453125 0.1734375
0 0.67890625 0.5828125 0.0484375 0.0671875
0 0.60546875 0.553125 0.0515625 0.103125
0 0.96484375 0.90625 0.06015625 0.053125
0 0.94453125 0.96875 0.040625 0.03828125