0 0.321875 0.1390625 0.09609375 0.08671875
0 0.6625 0.23046875 0.09375 0.0796875
0 0.37265625 0.25625 0.12734375 0.1203125
0 0.42421875 0.3953125 0.08671875 0.09609375
0 0.3125 0.384375 0.1390625 0.12265625
0 0.2921875 0.478125 0.115625 0.09140625
0 0.20703125 0.57578125 0.08671875 0.0796875
0 0.2140625 0.72109375 0.0671875 0.084375
0 0.109375 0.76953125 0.103125 0.08203125
0 0.053125 0.71171875 0.0796875 0.084375
0 0.44609375 0.72109375 0.1390625 0.134375
0 0.5484375 0.6359375 0.06484375 0.071875
0 0.6765625 0.75625 0.146875 0.1828125
0 0.74609375 0.5953125 0.09375 0.0890625
0 0.8140625 0.58515625 0.0984375 0.0890625
0 0.8140625 0.66953125 0.071875 0.08671875
0 0.9265625 0.9484375 0.12265625 0.0984375
0 0.72109375 0.9265625 0.103125 0.09140625
0 0.61328125 0.8703125 0.0578125 0.0671875
0 0.6875 0.36875 0.12265625 0.1390625
0 0.87890625 0.1546875 0.06484375 0.071875
0 0.6703125 0.025 0.05078125 0.040625
0 0.38203125 0.0515625 0.14453125 0.103125
0 0.0484375 0.0984375 0.06015625 0.071875
0 0.19921875 0.29453125 0.06953125 0.0671875
0 0.0765625 0.2640625 0.05546875 0.05546875
0 0.10703125 0.36171875 0.053125 0.05546875
0 0.9375 0.2875 0.053125 0.053125