0 0.43125 0.21953125 0.096875 0.1609375
0 0.34765625 0.15703125 0.0796875 0.084375
0 0.2453125 0.3015625 0.18046875 0.209375
0 0.14453125 0.15859375 0.1109375 0.10546875
0 0.07578125 0.16328125 0.115625 0.1078125
0 0.09375 0.24453125 0.0890625 0.10078125
0 0.2375 0.45 0.11875 0.059375
0 0.33203125 0.4 0.06953125 0.0765625
0 0.51640625 0.36484375 0.0734375 0.2296875
0 0.65625 0.20703125 0.09140625 0.0890625
0 0.75234375 0.23828125 0.06953125 0.1078125
0 0.696875 0.3546875 0.0765625 0.084375
0 0.76328125 0.44609375 0.06953125 0.0625
0 0.51640625 0.14921875 0.05546875 0.06953125
0 0.940625 0.2921875 0.0625 0.06953125
0 0.8390625 0.25390625 0.06015625 0.07421875
0 0.31171875 0.95390625 0.1078125 0.0921875
0 0.0890625 0.95859375 0.0484375 0.0484375
0 0.03125 0.93125 0.0625 0.06484375
0 0.096875 0.8015625 0.08671875 0.10078125
0 0.20078125 0.65234375 0.08671875 0.103125
0 0.31953125 0.4890625 0.1265625 0.01875
0 0.22421875 0.52734375 0.04296875 0.0671875
0 0.4171875 0.68984375 0.040625 0.0265625
0 0.45078125 0.67265625 0.0484375 0.03359375
0 0.459375 0.62890625 0.040625 0.0328125
0 0.39609375 0.5828125 0.05546875 0.03359375
0 0.0390625 0.60078125 0.0484375 0.053125
0 0.46328125 0.925 0.0328125 0.040625
0 0.05703125 0.7171875 0.021875 0.03359375
0 0.6546875 0.77265625 0.35 0.4546875
0 0.7578125 0.5390625 0.0796875 0.1078125
0 0.76328125 0.628125 0.053125 0.084375
0 0.8125 0.81953125 0.08671875 0.115625
0 0.87109375 0.91875 0.0984375 0.1296875
0 0.9828125 0.51796875 0.034375 0.0765625
0 0.984375 0.6125 0.03125 0.0625
0 0.89296875 0.48671875 0.0453125 0.0140625
0 0.85859375 0.503125 0.0484375 0.046875
0 0.5171875 0.49609375 0.075 0.0328125