0 0.35546875 0.55859375 0.0953125 0.0421875
0 0.03125 0.48984375 0.0625 0.0796875
0 0.30546875 0.4640625 0.12734375 0.1203125
0 0.25390625 0.325 0.08671875 0.09609375
0 0.365625 0.3359375 0.1390625 0.12265625
0 0.3859375 0.2421875 0.115625 0.09140625
0 0.4578125 0.14453125 0.0625 0.0796875
0 0.459375 0.0203125 0.059375 0.040625
0 0.23203125 0.0328125 0.1390625 0.065625
0 0.1296875 0.084375 0.06484375 0.071875
0 0.02578125 0.35078125 0.0515625 0.1390625
0 0.46640625 0.42578125 0.0453125 0.0671875
0 0.79375 0.55 0.134375 0.059375
0 0.86328125 0.48359375 0.2234375 0.1921875
0 0.81875 0.2703125 0.08671875 0.09375
0 0.7296875 0.35546875 0.08671875 0.09375
0 0.64453125 0.43828125 0.1109375 0.115625
0 0.55546875 0.4625 0.071875 0.0765625
0 0.553125 0.315625 0.09140625 0.084375
0 0.5515625 0.2 0.05546875 0.05546875
0 0.81875 0.03203125 0.071875 0.0640625
0 0.51171875 0.0578125 0.0453125 0.1125
0 0.66875 0.13203125 0.0984375 0.0984375
0 0.44140625 0.625 0.0953125 0.090625
0 0.040625 0.97421875 0.08125 0.0515625
0 0.596875 0.95 0.09609375 0.071875
0 0.66953125 0.890625 0.11328125 0.09375
0 0.73671875 0.76328125 0.11328125 0.1109375
0 0.81953125 0.8359375 0.06015625 0.08203125
0 0.515625 0.60078125 0.053125 0.0421875
0 0.57734375 0.59140625 0.0609375 0.0234375
0 0.81796875 0.59765625 0.0828125 0.0359375
0 0.93515625 0.96953125 0.1171875 0.0609375
0 0.9171875 0.59140625 0.053125 0.0234375