0 0.16171875 0.63984375 0.0765625 0.0203125
0 0.115625 0.5984375 0.05546875 0.06484375
0 0.2390625 0.36640625 0.084375 0.09140625
0 0.30390625 0.2828125 0.13203125 0.134375
0 0.453125 0.284375 0.09375 0.0890625
0 0.6125 0.246875 0.0625 0.0625
0 0.65 0.303125 0.059375 0.0875
0 0.58984375 0.43125 0.09609375 0.09609375
0 0.64140625 0.49140625 0.071875 0.08203125
0 0.446875 0.10859375 0.0671875 0.07421875
0 0.52890625 0.16640625 0.071875 0.07421875
0 0.57109375 0.1421875 0.06015625 0.0625
0 0.228125 0.05859375 0.0625 0.0484375
0 0.21640625 0.11484375 0.0578125 0.06015625
0 0.15625 0.10390625 0.06953125 0.05078125
0 0.0734375 0.2078125 0.0765625 0.06484375
0 0.025 0.259375 0.05 0.0625
0 0.1234375 0.38203125 0.0625 0.06484375
0 0.134375 0.47890625 0.05546875 0.071875
0 0.28125 0.54609375 0.0578125 0.0796875
0 0.3953125 0.5515625 0.0890625 0.0796875
0 0.40625 0.4703125 0.06015625 0.0625
0 0.66328125 0.62109375 0.0328125 0.0578125
0 0.7625 0.24296875 0.165625 0.2140625
0 0.72265625 0.371875 0.0859375 0.14375
0 0.74375 0.5859375 0.128125 0.128125
0 0.884375 0.53984375 0.23125 0.2203125
0 0.9078125 0.63046875 0.184375 0.0390625
0 0.4765625 0.98203125 0.115625 0.0359375
0 0.565625 0.9703125 0.11875 0.059375
0 0.59453125 0.67421875 0.0921875 0.0484375
0 0.47734375 0.82265625 0.06484375 0.0765625
0 0.44375 0.9078125 0.115625 0.0890625
0 0.225 0.81953125 0.0765625 0.1109375
0 0.0296875 0.771875 0.059375 0.10625
0 0.88125 0.93359375 0.071875 0.0765625
0 0.921875 0.875 0.15625 0.25
0 0.71328125 0.87421875 0.0671875 0.0890625