0 0.0515625 0.6484375 0.103125 0.125
0 0.190625 0.63515625 0.08671875 0.0796875
0 0.35234375 0.65546875 0.0546875 0.0578125
0 0.3703125 0.59453125 0.01875 0.0796875
0 0.31484375 0.475 0.0890625 0.08671875
0 0.353125 0.41015625 0.053125 0.0765625
0 0.2015625 0.809375 0.06015625 0.06953125
0 0.27890625 0.74453125 0.06484375 0.06953125
0 0.3234375 0.7640625 0.05546875 0.0578125
0 0.01015625 0.3890625 0.0203125 0.075
0 0.109375 0.3734375 0.08203125 0.071875
0 0.12734375 0.45234375 0.05546875 0.0578125
0 0.36640625 0.26015625 0.0265625 0.0796875
0 0.2453125 0.178125 0.0765625 0.084375
0 0.52578125 0.14296875 0.21640625 0.23828125
0 0.525 0.60234375 0.1734375 0.2359375
0 0.70859375 0.5953125 0.21640625 0.3078125
0 0.89609375 0.61875 0.2078125 0.396875
0 0.93359375 0.26953125 0.1328125 0.2140625
0 0.90625 0.07109375 0.11875 0.1421875
0 0.6703125 0.078125 0.103125 0.10078125
0 0.63671875 0.02421875 0.0796875 0.0484375
0 0.40078125 0.03203125 0.0421875 0.0640625
0 0.71796875 0.25625 0.07421875 0.06953125
0 0.71328125 0.31875 0.06015625 0.0671875
0 0.64453125 0.29375 0.05546875 0.06953125
0 0.4390625 0.78359375 0.06953125 0.071875
0 0.5296875 0.7984375 0.0578125 0.06015625
0 0.63359375 0.8296875 0.0546875 0.059375
0 0.76484375 0.81484375 0.07421875 0.06484375
0 0.12109375 0.89453125 0.0953125 0.0703125
0 0.27265625 0.88671875 0.0890625 0.0546875
0 0.64921875 0.9296875 0.4171875 0.140625
0 0.93203125 0.884375 0.0765625 0.05