0 0.15390625 0.025 0.1078125 0.05
0 0.28359375 0.03828125 0.0328125 0.0765625
0 0.21640625 0.17265625 0.0796875 0.09140625
0 0.11875 0.23984375 0.1078125 0.103125
0 0.06640625 0.1765625 0.07421875 0.0765625
0 0.08515625 0.48203125 0.1078125 0.11328125
0 0.47890625 0.4109375 0.1515625 0.14921875
0 0.5609375 0.1296875 0.09375 0.0890625
0 0.5078125 0.0671875 0.06484375 0.0671875
0 0.5609375 0.021875 0.075 0.04375
0 0.4390625 0.15625 0.125 0.14921875
0 0.628125 0.5375 0.0625 0.025
0 0.7328125 0.47890625 0.121875 0.1421875
0 0.83828125 0.39296875 0.1515625 0.12265625
0 0.96328125 0.321875 0.0734375 0.084375
0 0.96953125 0.14921875 0.0609375 0.2453125
0 0.1125 0.640625 0.10078125 0.08203125
0 0.11875 0.8390625 0.06953125 0.0578125
0 0.14375 0.934375 0.0796875 0.06953125
0 0.9375 0.6015625 0.125 0.103125
0 0.4828125 0.696875 0.103125 0.0984375
0 0.9921875 0.82734375 0.015625 0.0734375
0 0.89765625 0.753125 0.08671875 0.08203125
0 0.8265625 0.70078125 0.0765625 0.07421875
0 0.6765625 0.6640625 0.0890625 0.08203125
0 0.50703125 0.96640625 0.1203125 0.0671875
0 0.71796875 0.9140625 0.0796875 0.0765625
0 0.36015625 0.6984375 0.06953125 0.0671875
0 0.44453125 0.56875 0.0765625 0.0375