0 0.36640625 0.19453125 0.0796875 0.0484375
0 0.28984375 0.1359375 0.12734375 0.12734375
0 0.134375 0.1515625 0.09140625 0.08203125
0 0.04296875 0.03984375 0.0671875 0.071875
0 0.01328125 0.02421875 0.0265625 0.0484375
0 0.52265625 0.0359375 0.07421875 0.06015625
0 0.5765625 0.08359375 0.046875 0.0578125
0 0.48671875 0.20234375 0.0609375 0.0328125
0 0.98671875 0.13125 0.0265625 0.153125
0 0.7765625 0.090625 0.08203125 0.10078125
0 0.68046875 0.090625 0.103125 0.1296875
0 0.6171875 0.08046875 0.034375 0.0984375
0 0.4921875 0.275 0.215625 0.1125
0 0.3109375 0.571875 0.0796875 0.0796875
0 0.134375 0.4421875 0.1078125 0.08203125
0 0.15234375 0.5359375 0.0671875 0.084375
0 0.11484375 0.68671875 0.0578125 0.053125
0 0.57578125 0.8546875 0.0484375 0.053125
0 0.153125 0.8015625 0.05546875 0.06484375
0 0.32421875 0.93125 0.0484375 0.0625
0 0.77890625 0.9875 0.0578125 0.025
0 0.86015625 0.97421875 0.1078125 0.0515625
0 0.64296875 0.825 0.0859375 0.096875
0 0.609375 0.6109375 0.01875 0.053125
0 0.68125 0.41796875 0.08203125 0.0796875
0 0.92734375 0.72734375 0.09140625 0.0890625
0 0.62890625 0.265625 0.0578125 0.0625
0 0.628125 0.24609375 0.05625 0.0546875