0 0.21484375 0.30078125 0.06953125 0.06953125
0 0.17578125 0.3734375 0.05078125 0.06015625
0 0.32109375 0.5921875 0.0765625 0.084375
0 0.39296875 0.66796875 0.12265625 0.125
0 0.540625 0.65390625 0.08671875 0.0796875
0 0.7046875 0.67421875 0.0578125 0.0578125
0 0.7546875 0.61328125 0.08671875 0.0796875
0 0.82421875 0.5734375 0.071875 0.0796875
0 0.66484375 0.49375 0.0890625 0.08671875
0 0.709375 0.42890625 0.06484375 0.0765625
0 0.5515625 0.828125 0.06015625 0.06953125
0 0.62890625 0.76328125 0.06484375 0.06953125
0 0.6734375 0.7828125 0.05546875 0.0578125
0 0.8125 0.728125 0.04296875 0.053125
0 0.84609375 0.796875 0.05078125 0.05078125
0 0.33984375 0.9 0.0578125 0.04296875
0 0.321875 0.8453125 0.053125 0.05546875
0 0.26328125 0.8609375 0.06484375 0.04296875
0 0.1703125 0.7671875 0.071875 0.0578125
0 0.11171875 0.7203125 0.0578125 0.0578125
0 0.03515625 0.72109375 0.06015625 0.0671875
0 0.2046875 0.5875 0.0578125 0.0578125
0 0.20546875 0.490625 0.05078125 0.0671875
0 0.3453125 0.40859375 0.05078125 0.07421875
0 0.459375 0.3921875 0.08203125 0.071875
0 0.47734375 0.47109375 0.05546875 0.0578125
0 0.7453125 0.27890625 0.08203125 0.0796875
0 0.8140625 0.28125 0.0796875 0.071875
0 0.8375 0.34375 0.0625 0.0578125
0 0.959375 0.41015625 0.0796875 0.10546875
0 0.234375 0.2015625 0.0796875 0.06953125
0 0.025 0.3234375 0.0453125 0.0765625
0 0.2015625 0.0796875 0.0578125 0.0578125
0 0.5953125 0.196875 0.0765625 0.084375