0 0.015625 0.1390625 0.03125 0.084375
0 0.06484375 0.21484375 0.12265625 0.125
0 0.2125 0.20078125 0.08671875 0.0796875
0 0.3765625 0.22109375 0.0578125 0.0578125
0 0.4265625 0.16015625 0.08671875 0.0796875
0 0.4890625 0.11953125 0.059375 0.0796875
0 0.33671875 0.04140625 0.0890625 0.0828125
0 0.2234375 0.375 0.06015625 0.06953125
0 0.30078125 0.31015625 0.06484375 0.06953125
0 0.3453125 0.3296875 0.05546875 0.0578125
0 0.484375 0.275 0.04296875 0.053125
0 0.50546875 0.34296875 0.0265625 0.0515625
0 0.0203125 0.44609375 0.040625 0.0421875
0 0.01015625 0.39140625 0.0203125 0.0546875
0 0.1484375 0.0234375 0.05625 0.046875
0 0.96484375 0.2375 0.0703125 0.215625
0 0.915625 0.365625 0.09375 0.10546875
0 0.82421875 0.08828125 0.084375 0.0765625
0 0.62578125 0.0203125 0.0734375 0.040625
0 0.97890625 0.49296875 0.0421875 0.0328125
0 0.80546875 0.490625 0.0453125 0.0375
0 0.615625 0.1515625 0.0484375 0.0578125
0 0.03359375 0.815625 0.0671875 0.1625
0 0.25546875 0.76796875 0.2640625 0.271875
0 0.37578125 0.67890625 0.11796875 0.125
0 0.44453125 0.79609375 0.1484375 0.1765625
0 0.34453125 0.96015625 0.0765625 0.0796875
0 0.02578125 0.58359375 0.0515625 0.1484375
0 0.9234375 0.70390625 0.153125 0.3890625
0 0.9703125 0.875 0.059375 0.125
0 0.79140625 0.8234375 0.125 0.13203125
0 0.72890625 0.8515625 0.11328125 0.11796875
0 0.80703125 0.95703125 0.1078125 0.0859375
0 0.728125 0.9640625 0.096875 0.071875