0 0.30234375 0.228125 0.1890625 0.221875
0 0.3015625 0.115625 0.06953125 0.06015625
0 0.20234375 0.1265625 0.06484375 0.0578125
0 0.475 0.05 0.0671875 0.0671875
0 0.628125 0.26796875 0.021875 0.0921875
0 0.734375 0.2375 0.0625 0.0625
0 0.921875 0.04375 0.053125 0.0578125
0 0.92265625 0.00703125 0.0546875 0.0140625
0 0.49375 0.6109375 0.10546875 0.125
0 0.40859375 0.56796875 0.1078125 0.103125
0 0.3265625 0.52578125 0.0625 0.0625
0 0.16484375 0.55625 0.1390625 0.14453125
0 0.0453125 0.659375 0.090625 0.134375
0 0.053125 0.4515625 0.071875 0.07421875
0 0.21875 0.82890625 0.14453125 0.1109375
0 0.28828125 0.9 0.08203125 0.103125
0 0.25703125 0.96328125 0.0625 0.0671875
0 0.14921875 0.95234375 0.0890625 0.0625
0 0.21875 0.99296875 0.05 0.0140625
0 0.353125 0.99140625 0.0625 0.0171875
0 0.5203125 0.8140625 0.0625 0.06484375
0 0.92421875 0.3546875 0.0890625 0.03125
0 0.9875 0.3828125 0.025 0.0875
0 0.9703125 0.4375 0.059375 0.065625
0 0.9 0.68828125 0.12734375 0.12734375
0 0.83984375 0.59921875 0.09140625 0.10546875
0 0.8375 0.46015625 0.1296875 0.1421875
0 0.76875 0.35859375 0.071875 0.0390625
0 0.6984375 0.35390625 0.084375 0.0296875
0 0.66015625 0.53125 0.0421875 0.065625
0 0.71953125 0.6171875 0.1515625 0.146875
0 0.659375 0.68984375 0.040625 0.0796875
0 0.646875 0.76484375 0.015625 0.0609375
0 0.80625 0.77265625 0.06484375 0.06484375
0 0.9109375 0.83046875 0.06015625 0.0578125
0 0.9765625 0.9140625 0.046875 0.084375
0 0.93515625 0.90390625 0.0625 0.0578125
0 0.95546875 0.978125 0.0890625 0.04375
0 0.6875 0.88359375 0.096875 0.2328125