0 0.91484375 0.115625 0.09140625 0.0796875
0 0.859375 0.18125 0.0625 0.0453125
0 0.8234375 0.28125 0.10078125 0.103125
0 0.68046875 0.428125 0.27421875 0.2640625
0 0.5421875 0.47109375 0.0578125 0.071875
0 0.75234375 0.4984375 0.125 0.1421875
0 0.6296875 0.66328125 0.18984375 0.24296875
0 0.63125 0.7875 0.06953125 0.06015625
0 0.73046875 0.7765625 0.06484375 0.0578125
0 0.4578125 0.853125 0.0671875 0.0671875
0 0.08671875 0.9515625 0.09140625 0.08203125
0 0.27421875 0.634375 0.08203125 0.09140625
0 0.4375 0.43515625 0.16796875 0.2140625
0 0.23046875 0.34765625 0.0796875 0.09609375
0 0.09375 0.4125 0.06484375 0.0625
0 0.078125 0.46640625 0.053125 0.0578125
0 0.37265625 0.08515625 0.0796875 0.06015625
0 0.296875 0.07421875 0.071875 0.0625
0 0.21640625 0.13125 0.05546875 0.0453125
0 0.6625 0.0359375 0.1109375 0.0671875
0 0.7328125 0.06875 0.0484375 0.0359375
0 0.78359375 0.1703125 0.0578125 0.0453125
0 0.9375 0.53359375 0.0453125 0.05546875