0 0.04765625 0.39140625 0.0953125 0.4171875
0 0.04296875 0.334375 0.0859375 0.10625
0 0.1296875 0.4953125 0.259375 0.209375
0 0.34453125 0.27890625 0.0296875 0.1421875
0 0.1296875 0.225 0.259375 0.3125
0 0.24140625 0.0328125 0.1390625 0.065625
0 0.48671875 0.03984375 0.2546875 0.0796875
0 0.5375 0.23515625 0.24765625 0.259375
0 0.4828125 0.4796875 0.14453125 0.1421875
0 0.81640625 0.56328125 0.1015625 0.0734375
0 0.37734375 0.3515625 0.0359375 0.05
0 0.4421875 0.35859375 0.0625 0.06484375
0 0.3890625 0.428125 0.0453125 0.05546875
0 0.9109375 0.3609375 0.1078125 0.10546875
0 0.95234375 0.225 0.0953125 0.103125
0 0.70546875 0.521875 0.071875 0.07421875
0 0.18671875 0.90703125 0.07421875 0.071875
0 0.24140625 0.90390625 0.05078125 0.053125
0 0.3390625 0.94453125 0.040625 0.0484375
0 0.325 0.81015625 0.06875 0.1109375
0 0.1859375 0.7171875 0.10078125 0.103125
0 0.10546875 0.70234375 0.1453125 0.2046875
0 0.86484375 0.6328125 0.1140625 0.065625
0 0.83984375 0.90390625 0.06953125 0.09375
0 0.415625 0.8390625 0.0796875 0.07421875