0 0.64609375 0.5921875 0.1015625 0.09375
0 0.50390625 0.45 0.27421875 0.2640625
0 0.365625 0.40703125 0.0578125 0.071875
0 0.57578125 0.3796875 0.125 0.1421875
0 0.453125 0.21484375 0.18984375 0.24296875
0 0.4546875 0.090625 0.06953125 0.06015625
0 0.55390625 0.1015625 0.06484375 0.0578125
0 0.28046875 0.02890625 0.0671875 0.0578125
0 0.09765625 0.24375 0.08203125 0.09140625
0 0.2609375 0.44296875 0.16796875 0.2140625
0 0.05390625 0.53046875 0.0796875 0.09609375
0 0.94609375 0.4171875 0.1078125 0.2125
0 0.74453125 0.54765625 0.0890625 0.1015625
0 0.42578125 0.8515625 0.146875 0.165625
0 0.09140625 0.92421875 0.0796875 0.09609375
0 0.30859375 0.7765625 0.071875 0.0765625
0 0.33671875 0.875 0.07421875 0.084375
0 0.6421875 0.878125 0.115625 0.24375
0 0.01328125 0.83046875 0.0265625 0.0859375
0 0.86015625 0.95546875 0.1109375 0.0890625
0 0.79609375 0.91484375 0.13203125 0.13203125
0 0.71875 0.97890625 0.0375 0.0421875
0 0.94140625 0.90625 0.0765625 0.08203125
0 0.73203125 0.86640625 0.0640625 0.1203125
0 0.7453125 0.703125 0.07421875 0.053125
0 0.940625 0.73671875 0.07421875 0.071875
0 0.98046875 0.66328125 0.0390625 0.0484375