0 0.95859375 0.425 0.0828125 0.1625
0 0.76328125 0.4046875 0.4421875 0.4375
0 0.603125 0.47109375 0.10546875 0.10546875
0 0.78125 0.28984375 0.21640625 0.21875
0 0.5515625 0.23671875 0.3484375 0.35546875
0 0.46640625 0.12734375 0.1078125 0.10546875
0 0.5671875 0.0625 0.10078125 0.0984375
0 0.25703125 0.1984375 0.1109375 0.1109375
0 0.23671875 0.52734375 0.1421875 0.1421875
0 0.5296875 0.58046875 0.30546875 0.3125
0 0.3953125 0.8109375 0.1390625 0.1421875
0 0.22265625 0.85703125 0.10546875 0.103125
0 0.16953125 0.82109375 0.0890625 0.09140625
0 0.71015625 0.9328125 0.11328125 0.1078125
0 0.6421875 0.9734375 0.0984375 0.053125
0 0.53203125 0.98515625 0.0828125 0.0296875
0 0.97109375 0.73671875 0.0578125 0.09140625
0 0.99765625 0.553125 0.0046875 0.084375