0 0.0765625 0.35078125 0.153125 0.2578125
0 0.1546875 0.31171875 0.0578125 0.071875
0 0.08046875 0.1203125 0.1609375 0.240625
0 0.06484375 0.0125 0.0703125 0.025
0 0.42265625 0.1484375 0.08203125 0.09140625
0 0.259375 0.34765625 0.16796875 0.2140625
0 0.46640625 0.4328125 0.0796875 0.09375
0 0.6 0.3703125 0.059375 0.0625
0 0.6109375 0.31640625 0.0375 0.0578125
0 0.6578125 0.32265625 0.05625 0.2796875
0 0.94765625 0.1234375 0.08203125 0.06953125
0 0.77734375 0.0796875 0.103125 0.09375
0 0.65703125 0.09921875 0.0546875 0.0828125
0 0.72421875 0.25390625 0.10078125 0.0890625
0 0.76484375 0.44453125 0.0984375 0.0703125
0 0.96328125 0.44296875 0.0734375 0.0734375
0 0.86875 0.27421875 0.0765625 0.06484375
0 0.04921875 0.4953125 0.0828125 0.03125
0 0.4546875 0.84453125 0.11796875 0.11328125
0 0.49375 0.6125 0.10078125 0.0984375
0 0.22265625 0.66640625 0.071875 0.0765625
0 0.2515625 0.73984375 0.071875 0.06953125
0 0.15546875 0.78671875 0.10078125 0.1078125
0 0.57734375 0.89609375 0.0796875 0.0765625
0 0.58828125 0.7375 0.0578125 0.06484375
0 0.8328125 0.89453125 0.18515625 0.1828125
0 0.91484375 0.6359375 0.06953125 0.06953125
0 0.97265625 0.540625 0.0546875 0.096875