0 0.4703125 0.75859375 0.0765625 0.08671875
0 0.56015625 0.7828125 0.0765625 0.09140625
0 0.625 0.85546875 0.09375 0.08203125
0 0.63359375 0.7921875 0.071875 0.07421875
0 0.8015625 0.7953125 0.1078125 0.11328125
0 0.69609375 0.6859375 0.05546875 0.0765625
0 0.6515625 0.68359375 0.0578125 0.0765625
0 0.55390625 0.615625 0.0984375 0.09375
0 0.478125 0.58203125 0.13203125 0.11796875
0 0.57578125 0.4796875 0.1390625 0.165625
0 0.615625 0.36796875 0.09609375 0.1390625
0 0.7203125 0.34375 0.1109375 0.1421875
0 0.75703125 0.4359375 0.084375 0.084375
0 0.75859375 0.584375 0.0890625 0.1203125
0 0.84765625 0.6390625 0.0765625 0.09375
0 0.446875 0.33671875 0.09609375 0.12265625
0 0.390625 0.525 0.1078125 0.103125
0 0.31875 0.68125 0.0765625 0.0796875
0 0.3546875 0.62734375 0.0671875 0.0671875
0 0.25859375 0.4078125 0.07421875 0.06953125
0 0.33046875 0.34140625 0.06484375 0.07421875
0 0.34609375 0.26328125 0.06484375 0.06015625
0 0.42578125 0.19140625 0.053125 0.0578125
0 0.125 0.771875 0.146875 0.1609375
0 0.39296875 0.921875 0.28125 0.1515625
0 0.8765625 0.3140625 0.07421875 0.071875
0 0.73671875 0.16328125 0.07421875 0.0765625
0 0.86796875 0.19609375 0.05078125 0.05546875