0 0.134375 0.51796875 0.125 0.0640625
0 0.17109375 0.47265625 0.1609375 0.1546875
0 0.06484375 0.4546875 0.1296875 0.190625
0 0.05546875 0.26484375 0.1109375 0.1421875
0 0.20390625 0.37578125 0.13671875 0.13671875
0 0.359375 0.4515625 0.10078125 0.10078125
0 0.296875 0.43203125 0.08671875 0.08671875
0 0.2328125 0.2 0.09375 0.09375
0 0.134375 0.1953125 0.09140625 0.09140625
0 0.0734375 0.14375 0.08203125 0.08203125
0 0.49765625 0.39921875 0.0640625 0.1984375
0 0.85546875 0.1265625 0.22109375 0.21171875
0 0.946875 0.34921875 0.10625 0.2015625
0 0.57734375 0.0578125 0.0953125 0.115625
0 0.696875 0.10703125 0.1296875 0.14453125
0 0.56015625 0.3984375 0.06015625 0.084375
0 0.6875 0.45 0.06953125 0.06953125
0 0.64453125 0.528125 0.1078125 0.04375
0 0.4453125 0.93125 0.16875 0.1375
0 0.48046875 0.78828125 0.0671875 0.06015625
0 0.26953125 0.57890625 0.0671875 0.0578125
0 0.91171875 0.98203125 0.0796875 0.0359375
0 0.9734375 0.62578125 0.053125 0.0484375