0 0.5046875 0.240625 0.06953125 0.0796875
0 0.41328125 0.225 0.06953125 0.084375
0 0.34140625 0.15859375 0.08671875 0.07421875
0 0.3390625 0.22265625 0.06484375 0.0671875
0 0.1703125 0.234375 0.0984375 0.103125
0 0.2875 0.334375 0.0484375 0.071875
0 0.33203125 0.33203125 0.05078125 0.071875
0 0.43515625 0.390625 0.09140625 0.084375
0 0.51328125 0.415625 0.12265625 0.10546875
0 0.4265625 0.52734375 0.125 0.15390625
0 0.39765625 0.6421875 0.08203125 0.13203125
0 0.296875 0.6765625 0.0984375 0.13203125
0 0.25 0.5875 0.0796875 0.0765625
0 0.234375 0.44140625 0.0796875 0.11328125
0 0.1421875 0.3953125 0.06953125 0.08671875
0 0.56875 0.6578125 0.084375 0.115625
0 0.60703125 0.4640625 0.10078125 0.09375
0 0.66328125 0.3015625 0.06953125 0.071875
0 0.63203125 0.3578125 0.06015625 0.06015625
0 0.75 0.56875 0.06953125 0.0625
0 0.68359375 0.6421875 0.0578125 0.06953125
0 0.6765625 0.72109375 0.06015625 0.05546875
0 0.6046875 0.80078125 0.0484375 0.053125
0 0.84609375 0.19375 0.13203125 0.146875
0 0.56484375 0.06953125 0.26953125 0.125
0 0.14296875 0.72109375 0.06953125 0.06484375
0 0.296875 0.8578125 0.0671875 0.06953125
0 0.16484375 0.8390625 0.0453125 0.053125