0 0.465625 0.00859375 0.075 0.0171875
0 0.1140625 0.0109375 0.103125 0.021875
0 0.2375 0.07109375 0.05078125 0.071875
0 0.284375 0.06875 0.053125 0.071875
0 0.39375 0.12734375 0.09609375 0.08671875
0 0.4765625 0.15390625 0.12734375 0.1078125
0 0.38515625 0.2671875 0.1296875 0.15625
0 0.35390625 0.38359375 0.08671875 0.134375
0 0.24765625 0.41953125 0.103125 0.134375
0 0.1984375 0.328125 0.08203125 0.0765625
0 0.18203125 0.1796875 0.08203125 0.115625
0 0.08359375 0.13359375 0.07421875 0.0890625
0 0.534375 0.39921875 0.0890625 0.11796875
0 0.575 0.203125 0.10546875 0.09375
0 0.6171875 0.0375 0.04375 0.071875
0 0.6015625 0.09609375 0.06484375 0.0625
0 0.63125 0.38203125 0.015625 0.0703125
0 0.62734375 0.4625 0.0234375 0.053125
0 0.08515625 0.459375 0.0734375 0.059375
0 0.9234375 0.23984375 0.0578125 0.0453125
0 0.98359375 0.35546875 0.0328125 0.0484375
0 0.74609375 0.33359375 0.06484375 0.0796875
0 0.82265625 0.43203125 0.05546875 0.06015625
0 0.93828125 0.46484375 0.1015625 0.0484375
0 0.3625 0.678125 0.29296875 0.2953125
0 0.52109375 0.778125 0.13671875 0.13671875
0 0.38984375 0.87578125 0.1734375 0.1734375
0 0.2359375 0.53203125 0.178125 0.0859375
0 0.09453125 0.57421875 0.1890625 0.1703125
0 0.59609375 0.71796875 0.0859375 0.2046875
0 0.6625 0.98359375 0.046875 0.0328125