0 0.646875 0.93046875 0.13203125 0.13203125
0 0.51796875 0.78359375 0.12265625 0.12265625
0 0.428125 0.7046875 0.103125 0.103125
0 0.38671875 0.6515625 0.08203125 0.08203125
0 0.30078125 0.65234375 0.08671875 0.08671875
0 0.259375 0.53515625 0.103125 0.103125
0 0.61796875 0.7078125 0.1875 0.1875
0 0.4953125 0.4953125 0.10546875 0.10546875
0 0.4890625 0.38359375 0.0984375 0.0984375
0 0.3453125 0.4203125 0.1078125 0.1078125
0 0.47265625 0.2765625 0.0984375 0.10078125
0 0.59140625 0.28984375 0.103125 0.103125
0 0.6421875 0.1296875 0.14921875 0.14921875
0 0.70546875 0.06484375 0.13203125 0.1296875
0 0.79921875 0.28359375 0.09609375 0.09609375
0 0.6453125 0.525 0.10546875 0.10546875
0 0.36328125 0.97109375 0.09375 0.0578125
0 0.1453125 0.803125 0.10078125 0.0984375
0 0.02734375 0.690625 0.0546875 0.084375
0 0.125 0.44609375 0.25 0.353125
0 0.1765625 0.2609375 0.08671875 0.08671875
0 0.275 0.24140625 0.0671875 0.06953125
0 0.2875 0.1109375 0.09140625 0.09140625
0 0.43515625 0.109375 0.1078125 0.1078125
0 0.43125 0.02265625 0.0796875 0.0453125
0 0.52421875 0.015625 0.084375 0.03125