0 0.9078125 0.71484375 0.084375 0.103125
0 0.7125 0.696875 0.09140625 0.084375
0 0.5921875 0.70078125 0.06484375 0.08203125
0 0.52734375 0.68984375 0.0625 0.053125
0 0.46484375 0.75 0.0484375 0.07421875
0 0.35546875 0.6921875 0.071875 0.07421875
0 0.734375 0.57109375 0.12734375 0.13671875
0 0.5 0.4984375 0.071875 0.0765625
0 0.41953125 0.4203125 0.0671875 0.07421875
0 0.33984375 0.5484375 0.06953125 0.08671875
0 0.334375 0.353125 0.06015625 0.08203125
0 0.42890625 0.2796875 0.071875 0.071875
0 0.35703125 0.1265625 0.10546875 0.10546875
0 0.3578125 0.0375 0.103125 0.07421875
0 0.5765625 0.13125 0.0671875 0.06953125
0 0.6296875 0.415625 0.0671875 0.084375
0 0.740625 0.95546875 0.071875 0.0625
0 0.45546875 0.9703125 0.08671875 0.05546875
0 0.2828125 0.97734375 0.06953125 0.0453125
0 0.11640625 0.92890625 0.09140625 0.09375
0 0.209375 0.978125 0.05078125 0.04296875
0 0.16015625 0.75625 0.26171875 0.240625
0 0.1078125 0.546875 0.0578125 0.0671875
0 0.1671875 0.4640625 0.0453125 0.05078125
0 0.0875 0.3578125 0.06015625 0.06953125
0 0.1921875 0.2546875 0.07421875 0.0796875
0 0.12109375 0.18125 0.05078125 0.0625
0 0.1765625 0.1046875 0.06015625 0.06015625
0 0.2046875 0.046875 0.04296875 0.04296875