0 0.9671875 0.69609375 0.06484375 0.115625
0 0.77265625 0.67421875 0.0984375 0.09375
0 0.64453125 0.67890625 0.06953125 0.09140625
0 0.5734375 0.6671875 0.0671875 0.06015625
0 0.50703125 0.734375 0.053125 0.084375
0 0.3890625 0.66953125 0.0796875 0.084375
0 0.7953125 0.53515625 0.13671875 0.15390625
0 0.54453125 0.4546875 0.0796875 0.08671875
0 0.45703125 0.36640625 0.071875 0.084375
0 0.37265625 0.50859375 0.07421875 0.09609375
0 0.365625 0.2921875 0.06484375 0.09140625
0 0.4671875 0.21015625 0.0796875 0.08203125
0 0.390625 0.04921875 0.115625 0.0984375
0 0.6265625 0.04453125 0.071875 0.0796875
0 0.68359375 0.36171875 0.071875 0.09375
0 0.803125 0.9625 0.0765625 0.06953125
0 0.49609375 0.9734375 0.09375 0.053125
0 0.3109375 0.98046875 0.07421875 0.03828125
0 0.13203125 0.93359375 0.0984375 0.103125
0 0.23203125 0.98203125 0.05546875 0.0359375
0 0.17890625 0.740625 0.28125 0.26953125
0 0.1234375 0.50703125 0.0625 0.07421875
0 0.1875 0.41484375 0.05078125 0.0578125
0 0.10078125 0.2984375 0.06484375 0.0796875
0 0.2140625 0.1828125 0.08203125 0.0890625
0 0.13671875 0.10078125 0.05546875 0.06953125
0 0.19609375 0.02421875 0.06484375 0.0484375