0 0.09765625 0.7140625 0.08203125 0.103125
0 0.28828125 0.69609375 0.0890625 0.08203125
0 0.4046875 0.6984375 0.0625 0.0796875
0 0.4703125 0.6890625 0.06015625 0.053125
0 0.5296875 0.74765625 0.0484375 0.07421875
0 0.63828125 0.69140625 0.071875 0.07421875
0 0.2671875 0.571875 0.125 0.134375
0 0.49609375 0.5015625 0.071875 0.0765625
0 0.57578125 0.42421875 0.06484375 0.07421875
0 0.65390625 0.54921875 0.0671875 0.084375
0 0.66015625 0.3578125 0.0578125 0.0796875
0 0.56640625 0.2859375 0.071875 0.071875
0 0.63671875 0.134375 0.103125 0.103125
0 0.6359375 0.04296875 0.103125 0.08203125
0 0.421875 0.1390625 0.06484375 0.06953125
0 0.36875 0.41953125 0.06484375 0.08203125
0 0.2609375 0.94921875 0.06953125 0.06015625
0 0.53984375 0.9640625 0.084375 0.05546875
0 0.71015625 0.97265625 0.0671875 0.05078125
0 0.87265625 0.92421875 0.0890625 0.09140625
0 0.78125 0.97109375 0.05078125 0.04296875
0 0.83046875 0.75390625 0.25703125 0.23828125
0 0.88125 0.5484375 0.0578125 0.06484375
0 0.8234375 0.46640625 0.0453125 0.05078125
0 0.9015625 0.36328125 0.0578125 0.06953125
0 0.7984375 0.2609375 0.07421875 0.0796875
0 0.86875 0.1890625 0.05078125 0.06015625
0 0.8140625 0.1140625 0.0578125 0.0578125
0 0.7875 0.05625 0.04296875 0.04296875