0 0.24921875 0.46875 0.1296875 0.040625
0 0.36328125 0.42734375 0.1109375 0.1109375
0 0.3140625 0.81953125 0.1109375 0.12265625
0 0.434375 0.72421875 0.103125 0.125
0 0.23203125 0.50078125 0.0421875 0.0234375
0 0.54453125 0.54609375 0.0515625 0.1140625
0 0.56953125 0.5453125 0.0625 0.07421875
0 0.62578125 0.759375 0.103125 0.0984375
0 0.78671875 0.76875 0.09375 0.0984375
0 0.825 0.871875 0.115625 0.13203125
0 0.82734375 0.96875 0.0796875 0.0625
0 0.9109375 0.575 0.178125 0.171875
0 0.72578125 0.6125 0.09609375 0.10078125
0 0.71015625 0.509375 0.0828125 0.040625
0 0.534375 0.68046875 0.03125 0.0640625