0 0.14765625 0.12421875 0.103125 0.0890625
0 0.03046875 0.18359375 0.0609375 0.0734375
0 0.51484375 0.03125 0.1203125 0.0625
0 0.7609375 0.1015625 0.125 0.14453125
0 0.6734375 0.165625 0.11796875 0.146875
0 0.5578125 0.24765625 0.10546875 0.125
0 0.5875 0.3390625 0.0765625 0.06953125
0 0.74140625 0.27890625 0.1203125 0.13203125
0 0.83515625 0.38203125 0.125 0.125
0 0.93046875 0.22421875 0.1390625 0.4484375
0 0.98359375 0.496875 0.0328125 0.11875
0 0.3546875 0.3859375 0.171875 0.24375
0 0.446875 0.2609375 0.0578125 0.08671875
0 0.02578125 0.59609375 0.0515625 0.0734375
0 0.1140625 0.8015625 0.084375 0.084375
0 0.1015625 0.8703125 0.053125 0.0578125
0 0.04765625 0.88828125 0.0625 0.0765625
0 0.203125 0.7140625 0.06015625 0.06484375
0 0.809375 0.56796875 0.0625 0.0171875
0 0.85 0.6 0.07421875 0.0671875
0 0.8875 0.70546875 0.0765625 0.09140625
0 0.96484375 0.70390625 0.0703125 0.0546875
0 0.61953125 0.97578125 0.0578125 0.0484375