0 0.13125 0.09140625 0.1109375 0.05546875
0 0.109375 0.2234375 0.07421875 0.071875
0 0.7234375 0.32421875 0.11875 0.0890625
0 0.94375 0.13515625 0.1125 0.2703125
0 0.68828125 0.0859375 0.06953125 0.0625
0 0.834375 0.153125 0.05078125 0.0625
0 0.18828125 0.8375 0.26953125 0.27890625
0 0.06953125 0.95625 0.1390625 0.0875
0 0.32890625 0.88671875 0.0890625 0.0984375
0 0.015625 0.61640625 0.03125 0.0796875
0 0.40859375 0.384375 0.0484375 0.03125
0 0.40703125 0.41328125 0.04296875 0.0453125
0 0.3015625 0.603125 0.0625 0.06015625
0 0.259375 0.6046875 0.03828125 0.04296875
0 0.446875 0.74765625 0.025 0.0453125
0 0.96640625 0.51171875 0.0671875 0.0890625
0 0.7703125 0.55 0.0890625 0.09375
0 0.696875 0.5359375 0.0359375 0.04296875
0 0.4875 0.409375 0.05625 0.08125
0 0.46953125 0.9125 0.0203125 0.128125
0 0.6453125 0.9625 0.0671875 0.0625
0 0.56484375 0.88828125 0.0796875 0.0765625
0 0.86171875 0.984375 0.1421875 0.03125
0 0.58125 0.60234375 0.06015625 0.06484375
0 0.71484375 0.77421875 0.084375 0.0484375