0 0.32421875 0.33671875 0.1390625 0.1296875
0 0.228125 0.453125 0.115625 0.1078125
0 0.6828125 0.0609375 0.08671875 0.084375
0 0.828125 0.08046875 0.06484375 0.08203125
0 0.46875 0.23671875 0.11796875 0.10546875
0 0.5296875 0.13828125 0.08671875 0.0765625
0 0.58203125 0.2515625 0.0796875 0.07421875
0 0.94921875 0.5359375 0.10078125 0.165625
0 0.65625 0.509375 0.12734375 0.0984375
0 0.740625 0.6140625 0.10078125 0.09609375
0 0.915625 0.2828125 0.0765625 0.07421875
0 0.45703125 0.02734375 0.0984375 0.0546875
0 0.0609375 0.1875 0.08203125 0.06953125
0 0.99609375 0.61171875 0.00703125 0.06953125
0 0.60703125 0.359375 0.0765625 0.0765625