0 0.08046875 0.0671875 0.1609375 0.134375
0 0.18203125 0.0921875 0.10078125 0.1078125
0 0.121875 0.1265625 0.103125 0.10546875
0 0.11796875 0.31328125 0.0890625 0.0734375
0 0.203125 0.3234375 0.21875 0.053125
0 0.3828125 0.29375 0.1125 0.10625
0 0.328125 0.24609375 0.06484375 0.06015625
0 0.25546875 0.07578125 0.0796875 0.08671875
0 0.5328125 0.23359375 0.1078125 0.1078125
0 0.45625 0.30390625 0.034375 0.0921875
0 0.71171875 0.04453125 0.0984375 0.0890625
0 0.70703125 0.1171875 0.09609375 0.09609375
0 0.80078125 0.1421875 0.1390625 0.13671875
0 0.91796875 0.21875 0.08203125 0.07421875
0 0.90546875 0.0328125 0.0828125 0.065625
0 0.82890625 0.01171875 0.0703125 0.0234375
0 0.5796875 0.03984375 0.06484375 0.0625
0 0.55859375 0.1578125 0.0984375 0.09140625
0 0.5484375 0.11796875 0.071875 0.0671875
0 0.703125 0.32421875 0.084375 0.0515625
0 0.6125 0.31015625 0.084375 0.0796875
0 0.35390625 0.384375 0.0640625 0.06875
0 0.2046875 0.70234375 0.09375 0.103125
0 0.221875 0.7984375 0.10078125 0.103125
0 0.29765625 0.89140625 0.0671875 0.07421875
0 0.021875 0.8078125 0.04375 0.1125
0 0.5546875 0.98046875 0.23125 0.0390625
0 0.8671875 0.95234375 0.0484375 0.0625
0 0.9453125 0.80078125 0.109375 0.1203125
0 0.47421875 0.51171875 0.0703125 0.1078125
0 0.66015625 0.3734375 0.0828125 0.046875
0 0.92265625 0.5953125 0.0984375 0.06484375