0 0.8171875 0.01953125 0.053125 0.03828125
0 0.7234375 0.11796875 0.08203125 0.084375
0 0.75390625 0.2125 0.07421875 0.071875
0 0.88671875 0.2546875 0.12734375 0.13203125
0 0.97109375 0.40859375 0.0578125 0.09375
0 0.99609375 0.4890625 0.00703125 0.06953125
0 0.9625 0.509375 0.07421875 0.08671875
0 0.978125 0.77265625 0.04296875 0.125
0 0.7390625 0.790625 0.071875 0.071875
0 0.65234375 0.7140625 0.09375 0.103125
0 0.52421875 0.68125 0.28125 0.28828125
0 0.36328125 0.5796875 0.10078125 0.1078125
0 0.4234375 0.5453125 0.103125 0.10546875
0 0.4265625 0.35078125 0.0890625 0.0890625
0 0.34140625 0.271875 0.21875 0.2046875
0 0.46015625 0.17890625 0.13671875 0.1515625
0 0.2984375 0.13671875 0.1203125 0.1296875
0 0.053125 0.2046875 0.10546875 0.1296875
0 0.0171875 0.25625 0.03359375 0.071875
0 0.03125 0.39765625 0.0625 0.0890625
0 0.1609375 0.37734375 0.11328125 0.10546875
0 0.2171875 0.42578125 0.06484375 0.06015625
0 0.28984375 0.59609375 0.0796875 0.08671875
0 0.28984375 0.7546875 0.15390625 0.165625
0 0.2515625 0.98046875 0.0984375 0.03828125
0 0.48671875 0.97109375 0.06484375 0.0578125
0 0.59375 0.90625 0.0625 0.0671875
0 0.76328125 0.85703125 0.0625 0.0625
0 0.7703125 0.646875 0.125 0.14453125