0 0.4671875 0.403125 0.165625 0.2125
0 0.3546875 0.39765625 0.0984375 0.10078125
0 0.39375 0.35078125 0.10078125 0.10078125
0 0.3359375 0.1890625 0.08671875 0.08671875
0 0.23984375 0.15 0.2015625 0.2015625
0 0.309375 0.05234375 0.1375 0.1046875
0 0.16171875 0.05625 0.1203125 0.1125
0 0.0171875 0.184375 0.034375 0.128125
0 0.02734375 0.35546875 0.0546875 0.0859375
0 0.1234375 0.29453125 0.10546875 0.103125
0 0.1859375 0.3171875 0.06015625 0.06015625
0 0.29921875 0.43515625 0.0796875 0.0796875
0 0.82265625 0.2703125 0.06015625 0.084375
0 0.6953125 0.21875 0.06953125 0.06953125
0 0.7375 0.11328125 0.1078125 0.0984375
0 0.40859375 0.96328125 0.0484375 0.053125
0 0.98046875 0.534375 0.0390625 0.05
0 0.6375 0.93125 0.06953125 0.07421875
0 0.7796875 0.871875 0.06015625 0.0625
0 0.79140625 0.80234375 0.06953125 0.06484375
0 0.75390625 0.57265625 0.07421875 0.0625
0 0.79765625 0.52734375 0.0703125 0.0359375
0 0.63359375 0.54375 0.05546875 0.040625
0 0.56796875 0.58671875 0.0359375 0.0859375
0 0.8546875 0.65703125 0.0484375 0.04296875
0 0.93828125 0.56796875 0.0765625 0.0578125
0 0.9234375 0.61015625 0.05546875 0.0453125