0 0.5578125 0.01796875 0.053125 0.0359375
0 0.6296875 0.09140625 0.040625 0.0921875
0 0.6265625 0.3265625 0.046875 0.0625
0 0.58125 0.52890625 0.0875 0.0203125
0 0.346875 0.478125 0.0484375 0.05078125
0 0.30234375 0.3859375 0.0578125 0.07421875
0 0.20859375 0.315625 0.1875 0.196875
0 0.1125 0.1765625 0.06484375 0.0765625
0 0.1734375 0.1703125 0.06953125 0.071875
0 0.24296875 0.0203125 0.0609375 0.040625
0 0.04609375 0.009375 0.0453125 0.01875
0 0.04609375 0.165625 0.05078125 0.0625
0 0.0203125 0.29453125 0.040625 0.1171875
0 0.0765625 0.52890625 0.040625 0.0203125
0 0.1875 0.51875 0.0375 0.040625
0 0.34375 0.52890625 0.040625 0.0203125
0 0.42265625 0.37265625 0.0765625 0.10546875
0 0.9140625 0.04609375 0.125 0.0921875
0 0.8953125 0.1328125 0.1421875 0.1078125
0 0.81015625 0.02578125 0.0421875 0.0515625
0 0.7734375 0.053125 0.09375 0.10078125
0 0.69375 0.05859375 0.0875 0.1171875
0 0.7234375 0.1796875 0.12734375 0.125
0 0.67578125 0.2234375 0.0515625 0.14375
0 0.71328125 0.28515625 0.0796875 0.071875
0 0.98515625 0.16328125 0.0296875 0.0796875
0 0.99375 0.40078125 0.0125 0.0609375
0 0.98984375 0.4515625 0.0203125 0.05
0 0.71171875 0.39609375 0.1234375 0.1703125
0 0.67109375 0.49453125 0.0421875 0.0828125
0 0.70625 0.50625 0.0625 0.06484375
0 0.859375 0.44296875 0.0578125 0.0578125
0 0.89140625 0.3609375 0.06015625 0.0625
0 0.95 0.30078125 0.053125 0.0453125
0 0.86640625 0.2265625 0.03828125 0.0453125
0 0.30078125 0.59765625 0.1765625 0.1171875
0 0.5125 0.653125 0.09609375 0.1515625
0 0.63515625 0.64140625 0.0296875 0.0828125
0 0.515625 0.80078125 0.06484375 0.04296875
0 0.44140625 0.803125 0.05078125 0.06484375
0 0.3140625 0.815625 0.06015625 0.06015625
0 0.03046875 0.96171875 0.0609375 0.0765625
0 0.71640625 0.76953125 0.1328125 0.4609375
0 0.68828125 0.58671875 0.0765625 0.0953125