0 0.0546875 0.3125 0.1078125 0.1078125
0 0.13046875 0.278125 0.10546875 0.10546875
0 0.2015625 0.2296875 0.1203125 0.1203125
0 0.26875 0.175 0.1 0.103125
0 0.11484375 0.15078125 0.1109375 0.11328125
0 0.9140625 0.2328125 0.171875 0.290625
0 0.8546875 0.075 0.0765625 0.071875
0 0.6421875 0.04609375 0.125 0.0921875
0 0.5640625 0.16640625 0.08203125 0.09140625
0 0.59765625 0.2296875 0.04296875 0.053125
0 0.65078125 0.225 0.0625 0.04296875
0 0.7 0.278125 0.08671875 0.07421875
0 0.3921875 0.45625 0.146875 0.165625
0 0.35 0.2640625 0.0625 0.071875
0 0.09140625 0.771875 0.09375 0.08671875
0 0.03046875 0.6265625 0.0609375 0.09375
0 0.01484375 0.559375 0.0296875 0.040625
0 0.7734375 0.65390625 0.146875 0.19453125
0 0.92734375 0.5890625 0.09375 0.09140625
0 0.98984375 0.590625 0.0203125 0.065625
0 0.9890625 0.77109375 0.021875 0.0703125
0 0.9703125 0.853125 0.05078125 0.071875
0 0.6640625 0.7703125 0.0796875 0.0890625
0 0.38515625 0.6515625 0.09609375 0.0984375
0 0.38046875 0.778125 0.09609375 0.09140625
0 0.3375 0.72265625 0.0375 0.0921875
0 0.465625 0.97890625 0.06875 0.0421875
0 0.68125 0.9640625 0.075 0.071875
0 0.865625 0.8703125 0.0671875 0.0625