0 0.75234375 0.63125 0.16328125 0.1609375
0 0.828125 0.51171875 0.1921875 0.19453125
0 0.9515625 0.50390625 0.09609375 0.125
0 0.97578125 0.584375 0.0484375 0.125
0 0.98203125 0.63671875 0.0359375 0.06015625
0 0.709375 0.89453125 0.08203125 0.084375
0 0.55625 0.92578125 0.0796875 0.0796875
0 0.4265625 0.84140625 0.09375 0.09375
0 0.459375 0.94375 0.08671875 0.08671875
0 0.36328125 0.946875 0.0671875 0.0671875
0 0.28984375 0.921875 0.10078125 0.103125
0 0.4234375 0.5453125 0.1078125 0.1078125
0 0.34765625 0.5109375 0.10546875 0.10546875
0 0.2765625 0.4625 0.1203125 0.1203125
0 0.2078125 0.4078125 0.10078125 0.103125
0 0.36328125 0.38359375 0.1109375 0.11328125
0 0.5375 0.4109375 0.0984375 0.0984375
0 0.69609375 0.44140625 0.1421875 0.1421875
0 0.87265625 0.41328125 0.08671875 0.08671875
0 0.97734375 0.3765625 0.0453125 0.10078125
0 0.896875 0.30546875 0.1078125 0.1109375
0 0.7984375 0.3125 0.0625 0.06015625
0 0.66328125 0.19375 0.09609375 0.09609375
0 0.58046875 0.1265625 0.165625 0.165625
0 0.39765625 0.1859375 0.09140625 0.09140625
0 0.34765625 0.14296875 0.06953125 0.06953125
0 0.4703125 0.04921875 0.1109375 0.0984375
0 0.24765625 0.1109375 0.1203125 0.11796875
0 0.08984375 0.33515625 0.13203125 0.13203125
0 0.11796875 0.43125 0.08671875 0.0890625
0 0.05078125 0.26328125 0.08203125 0.0796875
0 0.01171875 0.375 0.0234375 0.15625
0 0.04453125 0.6359375 0.0890625 0.12734375
0 0.63828125 0.60234375 0.09609375 0.0984375