0 0.36171875 0.17421875 0.0359375 0.1609375
0 0.33671875 0.05859375 0.0859375 0.1171875
0 0.2796875 0.04609375 0.146875 0.0921875
0 0.2578125 0.14140625 0.1703125 0.1703125
0 0.1515625 0.13828125 0.19453125 0.1921875
0 0.0734375 0.10546875 0.12265625 0.1390625
0 0.009375 0.16953125 0.01875 0.0734375
0 0.03203125 0.2265625 0.0640625 0.103125
0 0.20078125 0.23203125 0.10078125 0.0984375
0 0.36640625 0.4984375 0.0265625 0.040625
0 0.1375 0.32421875 0.2140625 0.2234375
0 0.053125 0.38984375 0.10625 0.1140625
0 0.0375 0.31953125 0.075 0.1171875
0 0.096875 0.4265625 0.08671875 0.08671875
0 0.2609375 0.43828125 0.0765625 0.0765625
0 0.32734375 0.3796875 0.08203125 0.084375
0 0.35703125 0.24765625 0.0453125 0.0578125
0 0.9515625 0.315625 0.096875 0.196875
0 0.91953125 0.14921875 0.09609375 0.0984375
0 0.85078125 0.115625 0.10546875 0.1078125
0 0.884375 0.30390625 0.06953125 0.06953125
0 0.68515625 0.24140625 0.08671875 0.0890625
0 0.83515625 0.40546875 0.09140625 0.0890625
0 0.8390625 0.45234375 0.0796875 0.0796875
0 0.98984375 0.45625 0.0203125 0.0875
0 0.95078125 0.47734375 0.0796875 0.0828125
0 0.42734375 0.37890625 0.0953125 0.2484375
0 0.7421875 0.09765625 0.1078125 0.1078125
0 0.58125 0.1640625 0.403125 0.328125
0 0.6171875 0.38203125 0.10546875 0.103125
0 0.75078125 0.403125 0.0796875 0.0796875
0 0.35 0.92109375 0.059375 0.1109375
0 0.2171875 0.95 0.0625 0.06484375
0 0.22890625 0.87578125 0.071875 0.0671875
0 0.16640625 0.815625 0.0890625 0.09609375
0 0.2953125 0.665625 0.09375 0.084375
0 0.18671875 0.5265625 0.0671875 0.015625
0 0.96328125 0.6296875 0.0734375 0.15625
0 0.78203125 0.6109375 0.0765625 0.09609375
0 0.62109375 0.96796875 0.0796875 0.0640625
0 0.990625 0.83984375 0.01875 0.0578125
0 0.92890625 0.825 0.06015625 0.053125
0 0.7796875 0.8578125 0.06953125 0.0578125
0 0.52265625 0.8578125 0.06015625 0.053125