0 0.4125 0.89921875 0.125 0.115625
0 0.43125 0.8015625 0.1421875 0.1078125
0 0.515625 0.915625 0.04296875 0.0671875
0 0.553125 0.88125 0.09375 0.10078125
0 0.6390625 0.8796875 0.10078125 0.12734375
0 0.603125 0.7546875 0.12734375 0.125
0 0.6984375 0.71015625 0.146875 0.14453125
0 0.78359375 0.70546875 0.0796875 0.115625
0 0.93359375 0.96640625 0.1203125 0.0671875
0 0.79296875 0.91484375 0.07421875 0.0578125
0 0.91484375 0.865625 0.146875 0.1609375
0 0.96875 0.75390625 0.03359375 0.05078125
0 0.91484375 0.69375 0.0796875 0.0796875
0 0.83515625 0.60703125 0.053125 0.0578125
0 0.7796875 0.57109375 0.06953125 0.0796875
0 0.61328125 0.64921875 0.0796875 0.071875
0 0.3125 0.7703125 0.08671875 0.0796875
0 0.22734375 0.91953125 0.05546875 0.06015625
0 0.27890625 0.95078125 0.0578125 0.05546875
0 0.0625 0.88125 0.06953125 0.071875
0 0.0875 0.76796875 0.071875 0.0625
0 0.0609375 0.71015625 0.04296875 0.0484375
0 0.10078125 0.7015625 0.05078125 0.0484375
0 0.19375 0.7140625 0.08671875 0.0890625
0 0.25390625 0.6984375 0.0671875 0.0796875
0 0.17421875 0.64921875 0.06015625 0.0671875
0 0.109375 0.6296875 0.05546875 0.0453125
0 0.240625 0.6234375 0.071875 0.06953125
0 0.259375 0.5296875 0.040625 0.0484375
0 0.31015625 0.5328125 0.0578125 0.06015625
0 0.31875 0.48203125 0.05546875 0.05078125
0 0.078125 0.26953125 0.125 0.1515625
0 0.19609375 0.1875 0.07421875 0.06953125
0 0.053125 0.13359375 0.0625 0.0578125
0 0.70703125 0.2796875 0.08671875 0.10078125
0 0.8015625 0.265625 0.08671875 0.103125
0 0.6296875 0.53828125 0.15390625 0.1703125
0 0.67890625 0.4390625 0.0890625 0.08203125
0 0.73671875 0.48828125 0.08203125 0.0890625
0 0.7484375 0.40625 0.0625 0.06484375
0 0.6203125 0.428125 0.0625 0.06484375
0 0.4671875 0.49140625 0.0578125 0.0578125
0 0.43515625 0.5734375 0.06015625 0.0625
0 0.3765625 0.63359375 0.053125 0.0453125
0 0.8578125 0.5421875 0.06953125 0.0625
0 0.91328125 0.52421875 0.0484375 0.0484375
0 0.46015625 0.7078125 0.03828125 0.0453125
0 0.1 0.4640625 0.06953125 0.0671875
0 0.3453125 0.3296875 0.05078125 0.0625
0 0.54921875 0.24140625 0.05546875 0.06484375
0 0.6 0.1515625 0.10078125 0.103125
0 0.6734375 0.12109375 0.05546875 0.06484375
0 0.74375 0.10078125 0.0578125 0.0578125
0 0.7984375 0.08046875 0.0578125 0.06015625
0 0.85703125 0.12265625 0.0796875 0.0890625
0 0.91484375 0.24375 0.146875 0.12734375
0 0.42890625 0.1859375 0.05078125 0.05078125
0 0.3640625 0.2671875 0.05078125 0.0453125
0 0.01953125 0.43046875 0.03828125 0.053125
0 0.0484375 0.421875 0.03828125 0.0484375
0 0.38125 0.0890625 0.1390625 0.11328125
0 0.50390625 0.10703125 0.0765625 0.0578125