0 0.54296875 0.5234375 0.1640625 0.03125
0 0.49609375 0.4765625 0.1796875 0.125
0 0.30078125 0.47109375 0.1703125 0.1359375
0 0.18828125 0.45546875 0.1921875 0.1671875
0 0.0953125 0.47578125 0.115625 0.1265625
0 0.025 0.39375 0.05 0.071875
0 0.06484375 0.34140625 0.09609375 0.103125
0 0.2625 0.37890625 0.103125 0.09609375
0 0.60390625 0.42578125 0.0921875 0.1078125
0 0.63203125 0.33359375 0.0359375 0.0984375
0 0.62890625 0.25234375 0.0421875 0.0921875
0 0.609375 0.16015625 0.0578125 0.06015625
0 0.55625 0.17578125 0.0796875 0.0796875
0 0.534375 0.125 0.071875 0.0671875
0 0.06640625 0.04140625 0.1203125 0.0828125
0 0.2171875 0.2671875 0.209375 0.22109375
0 0.1375 0.178125 0.11796875 0.1109375
0 0.08828125 0.24453125 0.1109375 0.115625
0 0.0546875 0.1625 0.084375 0.084375
0 0.19765625 0.15078125 0.084375 0.084375
0 0.37734375 0.17578125 0.07421875 0.07421875
0 0.43359375 0.2515625 0.08203125 0.08203125
0 0.5125 0.3 0.0671875 0.0625
0 0.009375 0.3328125 0.01875 0.084375
0 0.440625 0.39921875 0.053125 0.0578125
0 0.73671875 0.0546875 0.1109375 0.109375
0 0.89140625 0.0828125 0.12265625 0.12265625
0 0.6796875 0.17265625 0.059375 0.0796875
0 0.81796875 0.253125 0.053125 0.05546875
0 0.7921875 0.3265625 0.0578125 0.06015625
0 0.57265625 0.571875 0.1046875 0.065625
0 0.5046875 0.70546875 0.053125 0.06484375
0 0.06171875 0.5609375 0.0796875 0.04375
0 0.0328125 0.5875 0.0625 0.06484375
0 0.32578125 0.8421875 0.15859375 0.1515625
0 0.2640625 0.64140625 0.259375 0.2046875
0 0.42109375 0.93359375 0.1546875 0.1328125
0 0.30234375 0.98203125 0.0640625 0.0359375
0 0.640625 0.64921875 0.01875 0.0484375
0 0.628125 0.61484375 0.04375 0.0671875
0 0.6859375 0.9828125 0.071875 0.034375
0 0.76640625 0.92734375 0.06484375 0.07421875
0 0.85078125 0.8609375 0.0578125 0.0796875
0 0.75703125 0.7890625 0.071875 0.071875
0 0.82734375 0.6375 0.103125 0.103125
0 0.8265625 0.5625 0.103125 0.046875
0 0.9953125 0.96875 0.009375 0.05
0 0.97578125 0.76328125 0.0484375 0.0796875
0 0.9875 0.61640625 0.025 0.0578125
0 0.97734375 0.559375 0.0421875 0.040625