0 0.38671875 0.0265625 0.0578125 0.053125
0 0.33359375 0.02421875 0.0796875 0.0484375
0 0.3125 0.059375 0.071875 0.0671875
0 0.1546875 0.02265625 0.075 0.0453125
0 0.24375 0.21015625 0.06953125 0.0796875
0 0.0203125 0.246875 0.040625 0.08125
0 0.20703125 0.2703125 0.06484375 0.06015625
0 0.94921875 0.27578125 0.1015625 0.0671875
0 0.73515625 0.228125 0.146875 0.146875
0 0.70546875 0.0828125 0.2328125 0.165625
0 0.83359375 0.015625 0.1421875 0.03125
0 0.4515625 0.0375 0.065625 0.075
0 0.11875 0.84453125 0.10078125 0.10546875
0 0.278125 0.83984375 0.10546875 0.103125
0 0.29296875 0.653125 0.1109375 0.125
0 0.07421875 0.5875 0.1484375 0.15625
0 0.36015625 0.3421875 0.1171875 0.065625
0 0.4046875 0.65 0.028125 0.084375
0 0.38203125 0.5921875 0.071875 0.071875
0 0.390625 0.53359375 0.05625 0.0953125
0 0.246875 0.47578125 0.0796875 0.0625
0 0.18203125 0.60390625 0.06953125 0.06484375
0 0.16171875 0.46328125 0.05546875 0.0484375
0 0.13046875 0.40625 0.05078125 0.0453125
0 0.634375 0.9140625 0.43125 0.171875
0 0.725 0.9796875 0.096875 0.040625
0 0.70703125 0.3421875 0.0859375 0.065625
0 0.975 0.35546875 0.05 0.0921875
0 0.8828125 0.51171875 0.234375 0.2390625
0 0.746875 0.57265625 0.09609375 0.09609375
0 0.84453125 0.89140625 0.1296875 0.13203125
0 0.8859375 0.9609375 0.128125 0.078125
0 0.66640625 0.8625 0.0984375 0.1078125
0 0.50234375 0.58359375 0.08671875 0.09609375
0 0.53359375 0.47265625 0.1109375 0.115625