0 0.40078125 0.23046875 0.11796875 0.12734375
0 0.47734375 0.21171875 0.0828125 0.1328125
0 0.234375 0.059375 0.20625 0.11875
0 0.31796875 0.0875 0.11328125 0.1109375
0 0.35546875 0.0390625 0.1109375 0.078125
0 0.39609375 0.09453125 0.084375 0.084375
0 0.26640625 0.11875 0.084375 0.084375
0 0.0984375 0.11171875 0.07421875 0.07421875
0 0.0390625 0.04375 0.078125 0.08125
0 0.0390625 0.3109375 0.06953125 0.0796875
0 0.265625 0.32421875 0.07421875 0.08203125
0 0.34609375 0.39296875 0.13203125 0.134375
0 0.425 0.39609375 0.07421875 0.08203125
0 0.490625 0.39140625 0.05625 0.0765625
0 0.171875 0.41953125 0.06484375 0.06484375
0 0.08046875 0.36484375 0.06484375 0.0625
0 0.15859375 0.48515625 0.1734375 0.0671875
0 0.2703125 0.46953125 0.09140625 0.08203125
0 0.5578125 0.4453125 0.078125 0.146875
0 0.66015625 0.5140625 0.0796875 0.009375
0 0.72265625 0.296875 0.0765625 0.0796875
0 0.86484375 0.1640625 0.08671875 0.08671875
0 0.7 0.1015625 0.06484375 0.07421875
0 0.4671875 0.95546875 0.053125 0.06015625
0 0.2796875 0.975 0.125 0.05
0 0.046875 0.93046875 0.09375 0.0921875
0 0.24375 0.67890625 0.0671875 0.08203125
0 0.47890625 0.6375 0.0796875 0.090625
0 0.49375 0.55625 0.05 0.0625
0 0.3859375 0.790625 0.0578125 0.06015625
0 0.12109375 0.70859375 0.053125 0.071875
0 0.73515625 0.98046875 0.0515625 0.0390625
0 0.634375 0.96328125 0.053125 0.05546875
0 0.6296875 0.728125 0.221875 0.325
0 0.78984375 0.55 0.0578125 0.0625
0 0.85078125 0.52890625 0.0453125 0.0203125
0 0.9421875 0.56484375 0.0625 0.09140625
0 0.93984375 0.96484375 0.0765625 0.0703125
0 0.83203125 0.971875 0.0578125 0.05625