0 0.19140625 0.35625 0.1734375 0.10625
0 0.371875 0.36015625 0.165625 0.0984375
0 0.44140625 0.35 0.1171875 0.11875
0 0.41875 0.29609375 0.10078125 0.09609375
0 0.090625 0.309375 0.1109375 0.1078125
0 0.02734375 0.2125 0.0546875 0.115625
0 0.059375 0.21796875 0.09140625 0.0984375
0 0.02109375 0.14140625 0.0421875 0.0859375
0 0.07421875 0.14140625 0.09375 0.09140625
0 0.12578125 0.05859375 0.05546875 0.06015625
0 0.17265625 0.07734375 0.0765625 0.0796875
0 0.1984375 0.0328125 0.06875 0.065625
0 0.43515625 0.19453125 0.1296875 0.2203125
0 0.48125 0.0859375 0.0375 0.084375
0 0.3375 0.09296875 0.07421875 0.07421875
0 0.27734375 0.16015625 0.0796875 0.08203125
0 0.2 0.19921875 0.06484375 0.0625
0 0.2546875 0.3 0.053125 0.0578125
0 0.76015625 0.1625 0.11796875 0.1109375
0 0.74296875 0.05390625 0.1703125 0.1078125
0 0.753125 0.36328125 0.096875 0.0921875
0 0.9609375 0.078125 0.0671875 0.071875
0 0.69375 0.09140625 0.084375 0.08203125
0 0.65078125 0.07578125 0.08671875 0.09140625
0 0.359375 0.8328125 0.28125 0.334375
0 0.215625 0.7921875 0.07421875 0.09609375
0 0.13515625 0.94140625 0.0578125 0.05078125
0 0.09375 0.98984375 0.09375 0.0203125
0 0.2953125 0.57734375 0.071875 0.06015625
0 0.48125 0.6484375 0.0375 0.059375
0 0.44765625 0.4609375 0.06015625 0.06015625
0 0.990625 0.82265625 0.01875 0.0578125
0 0.9875 0.73515625 0.025 0.0484375
0 0.6515625 0.46953125 0.1875 0.1203125
0 0.55625 0.5703125 0.06484375 0.0765625
0 0.6171875 0.5765625 0.06953125 0.071875
0 0.6875 0.73515625 0.06015625 0.06015625
0 0.64375 0.82734375 0.15390625 0.1296875
0 0.7734375 0.8625 0.08671875 0.1078125
0 0.6546875 0.95234375 0.0765625 0.09375
0 0.50625 0.7453125 0.0125 0.0375
0 0.50703125 0.58125 0.0140625 0.0625