0 0.27109375 0.090625 0.10546875 0.1109375
0 0.128125 0.3109375 0.09375 0.10078125
0 0.06484375 0.52578125 0.0921875 0.0265625
0 0.25703125 0.2421875 0.0890625 0.09140625
0 0.22734375 0.34375 0.2453125 0.390625
0 0.12890625 0.12890625 0.2578125 0.2578125
0 0.46796875 0.31171875 0.12734375 0.1421875
0 0.378125 0.090625 0.05625 0.09375
0 0.55078125 0.475 0.1078125 0.0890625
0 0.7625 0.4234375 0.08203125 0.07421875
0 0.98125 0.2109375 0.0375 0.146875
0 0.70859375 0.0359375 0.1234375 0.071875
0 0.50703125 0.5734375 0.1109375 0.06875
0 0.5828125 0.7546875 0.11328125 0.12265625
0 0.73359375 0.80234375 0.1078125 0.0890625
0 0.759375 0.90703125 0.09609375 0.0890625
0 0.9015625 0.90625 0.196875 0.1875