0 0.0109375 0.221875 0.021875 0.10625
0 0.30859375 0.0484375 0.1015625 0.096875
0 0.39375 0.0125 0.10625 0.025
0 0.46328125 0.07890625 0.0515625 0.1140625
0 0.22734375 0.27890625 0.12265625 0.12265625
0 0.0359375 0.4078125 0.071875 0.146875
0 0.37578125 0.3203125 0.2265625 0.31875
0 0.0625 0.1625 0.0984375 0.10078125
0 0.2578125 0.4328125 0.06953125 0.06953125
0 0.26171875 0.4890625 0.0640625 0.040625
0 0.046875 0.48125 0.09375 0.05625
0 0.89765625 0.41171875 0.084375 0.08671875
0 0.75625 0.31875 0.071875 0.06484375
0 0.9390625 0.2359375 0.05546875 0.0578125
0 0.9765625 0.1375 0.046875 0.059375
0 0.8953125 0.1421875 0.0578125 0.06953125
0 0.60625 0.15625 0.0671875 0.071875
0 0.79921875 0.15078125 0.0890625 0.084375
0 0.03203125 0.52421875 0.0546875 0.0296875
0 0.0734375 0.54453125 0.0875 0.0703125
0 0.03125 0.5828125 0.0625 0.103125
0 0.04140625 0.659375 0.08203125 0.08203125
0 0.10390625 0.81875 0.2078125 0.225
0 0.18359375 0.7625 0.09375 0.09609375
0 0.18359375 0.62578125 0.09609375 0.10078125
0 0.26484375 0.57890625 0.05546875 0.05546875
0 0.34140625 0.56328125 0.1171875 0.1078125
0 0.33125 0.63203125 0.0796875 0.08203125
0 0.39765625 0.66640625 0.13671875 0.1421875
0 0.45 0.6875 0.078125 0.09375
0 0.4796875 0.74375 0.01875 0.084375
0 0.31015625 0.82890625 0.3578125 0.3421875
0 0.590625 0.95078125 0.125 0.0984375
0 0.59375 0.871875 0.06953125 0.0796875
0 0.5203125 0.7734375 0.0625 0.075
0 0.5734375 0.7046875 0.0671875 0.05078125
0 0.54453125 0.53984375 0.1109375 0.0609375
0 0.68125 0.62265625 0.0578125 0.0796875
0 0.76484375 0.70703125 0.05078125 0.0796875
0 0.840625 0.98203125 0.06875 0.0359375