0 0.2328125 0.2453125 0.11328125 0.103125
0 0.22734375 0.1890625 0.03359375 0.05078125
0 0.0546875 0.296875 0.109375 0.125
0 0.02109375 0.034375 0.0421875 0.06875
0 0.0234375 0.109375 0.046875 0.053125
0 0.4 0.0609375 0.0625 0.06484375
0 0.42890625 0.11796875 0.06953125 0.0578125
0 0.53828125 0.14765625 0.06484375 0.06484375
0 0.6296875 0.11171875 0.040625 0.0578125
0 0.534375 0.078125 0.0359375 0.040625
0 0.5203125 0.290625 0.03125 0.05078125
0 0.596875 0.30078125 0.0578125 0.0484375
0 0.396875 0.23828125 0.1390625 0.125
0 0.7859375 0.21875 0.04296875 0.0484375
0 0.8109375 0.146875 0.0625 0.05078125
0 0.7296875 0.08515625 0.04296875 0.05078125
0 0.66640625 0.31796875 0.0328125 0.0828125
0 0.83125 0.08203125 0.0484375 0.0453125
0 0.97578125 0.178125 0.03828125 0.03125
0 0.61640625 0.83828125 0.0671875 0.1296875
0 0.5078125 0.93828125 0.11796875 0.10546875
0 0.39453125 0.9234375 0.0796875 0.07421875
0 0.03828125 0.6390625 0.0765625 0.165625
0 0.3203125 0.665625 0.12734375 0.0984375
0 0.2359375 0.5609375 0.10078125 0.09609375
0 0.0609375 0.8921875 0.0765625 0.07421875
0 0.36953125 0.815625 0.0765625 0.0765625
0 0.91875 0.76796875 0.084375 0.084375
0 0.778125 0.659375 0.08671875 0.08671875
0 0.82578125 0.503125 0.10078125 0.10078125
0 0.93671875 0.40859375 0.1265625 0.0984375