0 0.1734375 0.09609375 0.0796875 0.084375
0 0.275 0.13984375 0.07421875 0.0796875
0 0.2890625 0.20546875 0.03828125 0.0484375
0 0.40078125 0.21875 0.0765625 0.06484375
0 0.35 0.296875 0.06484375 0.071875
0 0.134375 0.26953125 0.0625 0.0796875
0 0.0609375 0.2078125 0.0796875 0.0796875
0 0.02109375 0.11796875 0.0421875 0.0671875
0 0.1875 0.4171875 0.05625 0.04375
0 0.23046875 0.4234375 0.0671875 0.03125
0 0.38671875 0.41015625 0.0671875 0.0578125
0 0.46796875 0.30546875 0.053125 0.0671875
0 0.74765625 0.146875 0.2640625 0.2671875
0 0.640625 0.33515625 0.15859375 0.15859375
0 0.8765625 0.415625 0.084375 0.046875
0 0.2359375 0.94765625 0.25 0.1046875
0 0.28515625 0.928125 0.0796875 0.08671875
0 0.07109375 0.940625 0.1421875 0.11875
0 0.025 0.91796875 0.05 0.0890625
0 0.4375 0.8609375 0.14375 0.278125
0 0.45 0.63984375 0.07421875 0.071875
0 0.28984375 0.54375 0.16328125 0.1515625
0 0.14609375 0.528125 0.11796875 0.1109375
0 0.06796875 0.47265625 0.1359375 0.0671875
0 0.03125 0.75859375 0.0625 0.1078125
0 0.11015625 0.815625 0.1109375 0.11796875
0 0.41796875 0.4578125 0.0890625 0.0375
0 0.7171875 0.4875 0.03828125 0.071875
0 0.59296875 0.534375 0.06015625 0.0796875
0 0.70859375 0.721875 0.07421875 0.071875
0 0.53125 0.8296875 0.04375 0.08125
0 0.5828125 0.95625 0.07421875 0.07421875
0 0.9609375 0.45703125 0.078125 0.0359375