0 0.04140625 0.11953125 0.0828125 0.0984375
0 0.01953125 0.19140625 0.0390625 0.0765625
0 0.3625 0.19765625 0.11328125 0.115625
0 0.3015625 0.10625 0.10546875 0.1078125
0 0.32578125 0.0421875 0.06015625 0.0625
0 0.48984375 0.075 0.09609375 0.10078125
0 0.50703125 0.16640625 0.0859375 0.1078125
0 0.50703125 0.26953125 0.0859375 0.0953125
0 0.76328125 0.090625 0.1828125 0.18125
0 0.88046875 0.1421875 0.1078125 0.10546875
0 0.9265625 0.24921875 0.08671875 0.0890625
0 0.57421875 0.2421875 0.0484375 0.125
0 0.625 0.19765625 0.08203125 0.08203125
0 0.58125 0.11171875 0.0625 0.0765625
0 0.4421875 0.4203125 0.215625 0.18125
0 0.434375 0.53359375 0.08671875 0.1078125
0 0.37890625 0.67578125 0.16328125 0.15625
0 0.07109375 0.3703125 0.0578125 0.04296875
0 0.1234375 0.428125 0.084375 0.1515625
0 0.103125 0.6609375 0.20625 0.259375
0 0.5234375 0.715625 0.053125 0.06875
0 0.48515625 0.8421875 0.0796875 0.06484375
0 0.39140625 0.92421875 0.0578125 0.05546875
0 0.43671875 0.946875 0.03828125 0.0484375
0 0.4796875 0.97109375 0.053125 0.0578125
0 0.27578125 0.94453125 0.053125 0.0484375
0 0.2046875 0.86171875 0.06015625 0.0484375
0 0.2484375 0.72578125 0.03359375 0.0453125
0 0.1515625 0.9828125 0.03125 0.03359375
0 0.07109375 0.946875 0.0484375 0.053125
0 0.26015625 0.44453125 0.05078125 0.053125
0 0.5953125 0.4734375 0.0890625 0.08671875
0 0.56796875 0.646875 0.0359375 0.0875
0 0.56015625 0.8484375 0.0203125 0.0875
0 0.6484375 0.9453125 0.115625 0.109375
0 0.82421875 0.9546875 0.2328125 0.090625
0 0.83125 0.9046875 0.09375 0.0984375
0 0.70390625 0.7703125 0.2234375 0.2234375
0 0.74375 0.684375 0.09140625 0.09375
0 0.92109375 0.659375 0.0890625 0.0890625
0 0.8578125 0.76875 0.08671875 0.08671875
0 0.8890625 0.48046875 0.071875 0.06953125
0 0.94140625 0.503125 0.06953125 0.06953125
0 0.625 0.353125 0.071875 0.046875