0 0.1734375 0.1828125 0.12734375 0.14453125
0 0.31171875 0.07109375 0.1203125 0.1421875
0 0.821875 0.19609375 0.125 0.134375
0 0.79765625 0.06875 0.08671875 0.0890625
0 0.671875 0.1875 0.08203125 0.08203125
0 0.58828125 0.13515625 0.0890625 0.10078125
0 0.934375 0.25234375 0.06015625 0.0578125
0 0.92734375 0.1671875 0.05078125 0.053125
0 0.15546875 0.81875 0.1421875 0.1421875
0 0.07109375 0.75703125 0.09375 0.09375
0 0.16484375 0.5984375 0.18046875 0.18515625
0 0.109375 0.66953125 0.10078125 0.103125
0 0.0859375 0.50859375 0.171875 0.2359375
0 0.4125 0.51484375 0.053125 0.1015625
0 0.41875 0.9453125 0.040625 0.065625
0 0.05859375 0.365625 0.0984375 0.03125
0 0.4140625 0.76328125 0.05 0.1046875
0 0.94765625 0.9171875 0.1046875 0.15625
0 0.83203125 0.803125 0.1203125 0.146875
0 0.63125 0.79609375 0.1875 0.1515625
0 0.9765625 0.61875 0.046875 0.121875
0 0.953125 0.4828125 0.09375 0.06875
0 0.9640625 0.37578125 0.071875 0.0515625