0 0.0484375 0.190625 0.096875 0.121875
0 0.65859375 0.44609375 0.2453125 0.0671875
0 0.4359375 0.32109375 0.09375 0.3171875
0 0.628125 0.02109375 0.103125 0.0421875
0 0.77109375 0.17890625 0.134375 0.11796875
0 0.78046875 0.07421875 0.09375 0.1078125
0 0.17578125 0.85 0.06484375 0.0625
0 0.33984375 0.57734375 0.07421875 0.0625
0 0.29453125 0.55078125 0.040625 0.04296875
0 0.29765625 0.5015625 0.0765625 0.04375
0 0.0140625 0.521875 0.028125 0.071875
0 0.9890625 0.8125 0.021875 0.09375
0 0.64140625 0.51796875 0.1390625 0.0765625
0 0.76328125 0.50625 0.1390625 0.053125
0 0.92734375 0.48984375 0.1296875 0.0203125