0 0.46484375 0.325 0.0484375 0.125
0 0.39375 0.48359375 0.10546875 0.1109375
0 0.92109375 0.3359375 0.15390625 0.14453125
0 0.77890625 0.05078125 0.1734375 0.1015625
0 0.5015625 0.06171875 0.025 0.1046875
0 0.509375 0.07890625 0.040625 0.0640625
0 0.55625 0.39609375 0.0671875 0.0625
0 0.53203125 0.50625 0.0765625 0.08203125
0 0.75625 0.35703125 0.071875 0.0671875
0 0.7125 0.4328125 0.10078125 0.09375
0 0.82890625 0.4296875 0.06953125 0.06953125
0 0.87421875 0.42578125 0.084375 0.08671875
0 0.9390625 0.45234375 0.09609375 0.09140625
0 0.959375 0.63359375 0.08125 0.0515625
0 0.9890625 0.6375 0.021875 0.04375
0 0.5203125 0.23359375 0.0625 0.0859375
0 0.5390625 0.16171875 0.0671875 0.06484375
0 0.59765625 0.10625 0.06953125 0.06953125
0 0.0296875 0.85234375 0.059375 0.2953125
0 0.27578125 0.89375 0.10546875 0.10546875
0 0.12421875 0.7375 0.040625 0.0671875
0 0.078125 0.759375 0.03359375 0.0625
0 0.3703125 0.82421875 0.0484375 0.0453125
0 0.203125 0.72578125 0.04296875 0.0484375
0 0.953125 0.93828125 0.09375 0.0796875
0 0.7046875 0.984375 0.0625 0.03125
0 0.55859375 0.9125 0.0578125 0.0671875
0 0.51484375 0.925 0.0515625 0.053125
0 0.521875 0.86171875 0.065625 0.0765625