0 0.86796875 0.38203125 0.103125 0.1109375
0 0.75859375 0.49609375 0.10078125 0.07421875
0 0.071875 0.0875 0.1109375 0.12734375
0 0.10234375 0.365625 0.06953125 0.07421875
0 0.0890625 0.4375 0.053125 0.0578125
0 0.51328125 0.21484375 0.05546875 0.0578125
0 0.4515625 0.16328125 0.0671875 0.05546875
0 0.46640625 0.08203125 0.0578125 0.053125
0 0.9328125 0.1515625 0.08203125 0.0796875
0 0.96953125 0.06796875 0.0609375 0.1078125
0 0.9890625 0.27265625 0.021875 0.053125
0 0.9484375 0.3078125 0.06015625 0.06953125
0 0.9375 0.3859375 0.0671875 0.0796875
0 0.6765625 0.28125 0.0484375 0.05078125
0 0.57421875 0.4359375 0.0671875 0.0796875
0 0.47265625 0.00859375 0.05546875 0.0171875
0 0.23203125 0.02421875 0.125 0.0484375