0 0.18203125 0.12734375 0.05078125 0.053125
0 0.1265625 0.08046875 0.06015625 0.05078125
0 0.1390625 0.01484375 0.053125 0.0296875
0 0.3296875 0.1875 0.04296875 0.0453125
0 0.9796875 0.2359375 0.040625 0.0875
0 0.76796875 0.11171875 0.08203125 0.09375
0 0.56484375 0.10546875 0.125 0.13203125
0 0.2046875 0.36875 0.2375 0.178125
0 0.33359375 0.67734375 0.2328125 0.2359375
0 0.04921875 0.67265625 0.0984375 0.1484375
0 0.053125 0.74765625 0.0984375 0.103125
0 0.1625 0.80234375 0.09375 0.09609375
0 0.14453125 0.88984375 0.08203125 0.07421875
0 0.31640625 0.92109375 0.1296875 0.14453125
0 0.08203125 0.98046875 0.0859375 0.0390625
0 0.03359375 0.47421875 0.0671875 0.1078125
0 0.8796875 0.975 0.05625 0.05
0 0.796875 0.98515625 0.0625 0.0296875
0 0.64140625 0.98359375 0.0578125 0.0328125
0 0.67734375 0.9265625 0.0453125 0.0484375
0 0.73984375 0.946875 0.103125 0.10546875
0 0.83125 0.91640625 0.07421875 0.071875
0 0.9890625 0.82421875 0.021875 0.0421875
0 0.99609375 0.77265625 0.0078125 0.0359375
0 0.8515625 0.85546875 0.03359375 0.0359375
0 0.815625 0.83984375 0.053125 0.04296875
0 0.7875 0.8015625 0.03359375 0.03359375
0 0.7171875 0.8375 0.0484375 0.040625
0 0.5953125 0.91875 0.0453125 0.0484375
0 0.575 0.82421875 0.0453125 0.05078125
0 0.63515625 0.8046875 0.03828125 0.0484375
0 0.67265625 0.78671875 0.0359375 0.03359375
0 0.678125 0.74375 0.0453125 0.0484375
0 0.746875 0.76640625 0.11796875 0.12265625
0 0.89453125 0.68203125 0.0796875 0.08203125
0 0.78515625 0.6109375 0.06484375 0.0625
0 0.6890625 0.60078125 0.06953125 0.05546875
0 0.778125 0.425 0.12734375 0.1390625
0 0.54609375 0.634375 0.0578125 0.06484375
0 0.9046875 0.29453125 0.040625 0.0296875