0 0.353125 0.0375 0.1 0.075
0 0.40390625 0.14765625 0.1109375 0.1203125
0 0.04375 0.1765625 0.0875 0.146875
0 0.50234375 0.2140625 0.0140625 0.084375
0 0.48671875 0.1046875 0.0453125 0.0625
0 0.834375 0.03671875 0.08125 0.0734375
0 0.66875 0.05703125 0.13125 0.1140625
0 0.5625 0.01015625 0.06875 0.0203125
0 0.52578125 0.0375 0.0328125 0.075
0 0.565625 0.17890625 0.1125 0.1703125
0 0.5578125 0.28984375 0.096875 0.0578125
0 0.79296875 0.20546875 0.08203125 0.08671875
0 0.66640625 0.3078125 0.0640625 0.021875
0 0.965625 0.2859375 0.06875 0.065625
0 0.94296875 0.02578125 0.0765625 0.0515625
0 0.77578125 0.01328125 0.0734375 0.0265625
0 0.83984375 0.12578125 0.05546875 0.05078125
0 0.8484375 0.09375 0.0671875 0.0671875
0 0.88203125 0.21640625 0.05078125 0.0484375
0 0.1140625 0.425 0.06015625 0.0671875
0 0.27421875 0.33515625 0.0484375 0.0328125
0 0.34375 0.35234375 0.04296875 0.053125
0 0.3484375 0.440625 0.06484375 0.0796875
0 0.4375 0.4578125 0.0578125 0.071875
0 0.221875 0.83046875 0.0578125 0.06015625
0 0.328125 0.846875 0.05546875 0.06015625
0 0.37734375 0.884375 0.05078125 0.0484375
0 0.34609375 0.71015625 0.03359375 0.05078125
0 0.2921875 0.609375 0.040625 0.0484375
0 0.11640625 0.79921875 0.05078125 0.0578125
0 0.0296875 0.84609375 0.0453125 0.03828125
0 0.025 0.8796875 0.0453125 0.0453125
0 0.296875 0.96015625 0.04296875 0.040625
0 0.20625 0.3359375 0.040625 0.034375
0 0.4984375 0.6828125 0.021875 0.128125
0 0.0140625 0.45390625 0.0265625 0.0359375
0 0.10625 0.365625 0.1375 0.09375
0 0.09609375 0.7078125 0.05546875 0.05546875
0 0.25625 0.43828125 0.0359375 0.0453125
0 0.52109375 0.79296875 0.0234375 0.1171875
0 0.74453125 0.71328125 0.0796875 0.09140625
0 0.6109375 0.50078125 0.09140625 0.09140625
0 0.6296875 0.3609375 0.096875 0.084375
0 0.7578125 0.47265625 0.0671875 0.084375
0 0.96953125 0.34609375 0.0609375 0.0546875
0 0.91171875 0.73125 0.07421875 0.05546875
0 0.82734375 0.821875 0.0796875 0.0578125
0 0.8203125 0.94453125 0.103125 0.1109375