0 0.05859375 0.02734375 0.1171875 0.0546875
0 0.234375 0.3078125 0.109375 0.084375
0 0.4984375 0.3359375 0.059375 0.028125
0 0.35 0.1171875 0.084375 0.103125
0 0.24453125 0.37734375 0.0796875 0.0546875
0 0.2625 0.51796875 0.053125 0.0578125
0 0.1375 0.50625 0.21875 0.25
0 0.23828125 0.915625 0.053125 0.0578125
0 0.128125 0.98203125 0.103125 0.0359375
0 0.0203125 0.44765625 0.040625 0.0453125
0 0.0265625 0.68984375 0.053125 0.0671875
0 0.06875 0.678125 0.0578125 0.053125
0 0.065625 0.74140625 0.08203125 0.0765625
0 0.3421875 0.9828125 0.08125 0.034375
0 0.53359375 0.97890625 0.0890625 0.0421875
0 0.65 0.98046875 0.0625 0.0390625
0 0.71484375 0.9828125 0.0609375 0.034375
0 0.8828125 0.978125 0.071875 0.04375
0 0.5125 0.875 0.125 0.134375
0 0.74140625 0.8046875 0.071875 0.0765625
0 0.82109375 0.72734375 0.06484375 0.07421875
0 0.89921875 0.85234375 0.0671875 0.084375
0 0.90546875 0.6609375 0.0578125 0.0796875
0 0.81171875 0.5890625 0.071875 0.071875
0 0.88203125 0.4375 0.103125 0.103125
0 0.88125 0.36796875 0.103125 0.0359375
0 0.6671875 0.4421875 0.06484375 0.06953125
0 0.6140625 0.72265625 0.06484375 0.08203125