0 0.02890625 0.10390625 0.0578125 0.1484375
0 0.2390625 0.23359375 0.159375 0.2484375
0 0.46875 0.34140625 0.0578125 0.05078125
0 0.58203125 0.13828125 0.06015625 0.05546875
0 0.175 0.68203125 0.14921875 0.1421875
0 0.234375 0.5671875 0.16875 0.178125
0 0.07890625 0.596875 0.15390625 0.15390625
0 0.3078125 0.7578125 0.021875 0.08125
0 0.09609375 0.8890625 0.06953125 0.0625
0 0.52890625 0.9703125 0.1671875 0.059375
0 0.41796875 0.83671875 0.1875 0.1921875
0 0.82109375 0.71640625 0.303125 0.31015625
0 0.95625 0.79609375 0.0875 0.1171875
0 0.93828125 0.64765625 0.12265625 0.12265625
0 0.65859375 0.79921875 0.1828125 0.18984375
0 0.546875 0.74296875 0.13203125 0.13203125
0 0.46015625 0.71875 0.115625 0.115625
0 0.56015625 0.6671875 0.1390625 0.1390625
0 0.44921875 0.64453125 0.15625 0.15625
0 0.67890625 0.584375 0.12734375 0.12734375
0 0.60234375 0.50546875 0.1421875 0.1328125