0 0.22421875 0.07265625 0.1515625 0.1453125
0 0.19375 0.00625 0.1 0.0125
0 0.24296875 0.4171875 0.2984375 0.265625
0 0.8296875 0.52578125 0.06875 0.0484375
0 0.76484375 0.5234375 0.0734375 0.053125
0 0.6921875 0.36796875 0.06484375 0.06484375
0 0.73671875 0.26953125 0.16328125 0.13671875
0 0.6 0.23359375 0.09140625 0.115625
0 0.72578125 0.1375 0.08203125 0.0984375
0 0.96328125 0.09921875 0.0734375 0.1046875
0 0.93125 0.2953125 0.084375 0.07421875
0 0.9 0.3578125 0.0484375 0.040625
0 0.9 0.5234375 0.053125 0.053125
0 0.34375 0.9265625 0.06484375 0.0625
0 0.45078125 0.95859375 0.0359375 0.0453125
0 0.32421875 0.859375 0.053125 0.0453125
0 0.33828125 0.76171875 0.0453125 0.05546875
0 0.05234375 0.66875 0.0578125 0.06015625
0 0.16328125 0.57421875 0.0515625 0.0484375
0 0.36875 0.56328125 0.0375 0.0265625
0 0.23828125 0.98359375 0.0921875 0.0328125
0 0.125 0.88515625 0.0890625 0.084375
0 0.71484375 0.959375 0.1078125 0.08125
0 0.684375 0.8 0.1703125 0.1609375
0 0.7921875 0.5796875 0.103125 0.059375
0 0.54296875 0.5796875 0.0796875 0.059375
0 0.50390625 0.71875 0.0703125 0.0875