0 0.059375 0.42109375 0.0984375 0.1078125
0 0.0265625 0.5171875 0.053125 0.065625
0 0.24453125 0.1171875 0.1828125 0.23046875
0 0.7703125 0.0625 0.175 0.125
0 0.6984375 0.10625 0.0890625 0.08671875
0 0.85859375 0.103125 0.14921875 0.1515625
0 0.92109375 0.23515625 0.1078125 0.11796875
0 0.890625 0.465625 0.053125 0.05546875
0 0.8859375 0.39140625 0.03828125 0.03828125
0 0.75546875 0.30234375 0.0765625 0.071875
0 0.63125 0.265625 0.025 0.0625
0 0.409375 0.775 0.41875 0.45
0 0.1703125 0.57421875 0.2625 0.0484375
0 0.0421875 0.97421875 0.084375 0.0515625
0 0.09765625 0.9734375 0.06484375 0.0484375
0 0.14453125 0.89375 0.05546875 0.05078125
0 0.171875 0.86015625 0.0578125 0.05546875
0 0.109375 0.84921875 0.0578125 0.06484375
0 0.140625 0.7015625 0.0796875 0.0625
0 0.93671875 0.8046875 0.09609375 0.09609375
0 0.97265625 0.7625 0.0546875 0.096875
0 0.8203125 0.884375 0.12734375 0.1203125
0 0.78671875 0.96328125 0.0921875 0.0734375
0 0.7984375 0.72578125 0.0984375 0.0984375
0 0.65546875 0.87265625 0.0734375 0.1109375