0 0.3625 0.278125 0.1703125 0.2015625
0 0.31171875 0.1203125 0.0796875 0.0796875
0 0.60546875 0.20234375 0.1203125 0.1078125
0 0.65234375 0.2890625 0.08671875 0.071875
0 0.88125 0.54375 0.05 0.0125
0 0.54296875 0.51328125 0.0625 0.053125
0 0.53359375 0.4578125 0.0578125 0.071875
0 0.7984375 0.0234375 0.0625 0.046875
0 0.8703125 0.01875 0.05 0.0375
0 0.709375 0.021875 0.040625 0.04375
0 0.95390625 0.3484375 0.084375 0.0796875
0 0.815625 0.32265625 0.03828125 0.04296875
0 0.4734375 0.68671875 0.053125 0.0984375
0 0.30625 0.94453125 0.165625 0.1109375
0 0.08046875 0.775 0.1609375 0.45
0 0.12265625 0.92265625 0.2265625 0.1546875
0 0.69921875 0.7046875 0.1828125 0.1875
0 0.884375 0.67109375 0.08671875 0.0890625
0 0.94375 0.5625 0.084375 0.025
0 0.965625 0.93125 0.06875 0.1375
0 0.79453125 0.89609375 0.05546875 0.06015625
0 0.85703125 0.97265625 0.0578125 0.0546875
0 0.70234375 0.97890625 0.0578125 0.0421875
0 0.56796875 0.83828125 0.0671875 0.0671875