0 0.73828125 0.9984375 0.16328125 0.00234375
0 0.58125 0.94296875 0.128125 0.1140625
0 0.37890625 0.828125 0.084375 0.09609375
0 0.446875 0.90625 0.053125 0.0671875
0 0.4984375 0.49140625 0.11328125 0.11328125
0 0.1828125 0.759375 0.06484375 0.06484375
0 0.2125 0.52890625 0.071875 0.0796875
0 0.25703125 0.41953125 0.071875 0.0796875
0 0.3328125 0.3171875 0.084375 0.09609375
0 0.1265625 0.2984375 0.07421875 0.071875
0 0.828125 0.37734375 0.12265625 0.11796875
0 0.76796875 0.65234375 0.071875 0.07421875
0 0.7703125 0.80859375 0.053125 0.05546875
0 0.97734375 0.415625 0.0453125 0.0796875
0 0.97734375 0.51328125 0.0453125 0.06015625
0 0.83984375 0.8296875 0.08671875 0.06953125
0 0.62265625 0.27265625 0.0625 0.06015625
0 0.4171875 0.16796875 0.071875 0.0671875
0 0.48203125 0.11796875 0.05078125 0.0484375
0 0.77421875 0.25390625 0.071875 0.06484375
0 0.84375 0.21015625 0.09609375 0.0796875
0 0.9015625 0.31015625 0.071875 0.0796875
0 0.88828125 0.1390625 0.15390625 0.09375
0 0.35546875 0.725 0.0484375 0.05078125
0 0.475 0.6046875 0.0671875 0.0625
0 0.08515625 0.6515625 0.06484375 0.06484375
0 0.046875 0.55859375 0.040625 0.040625
0 0.10078125 0.515625 0.053125 0.053125
0 0.309375 0.009375 0.040625 0.01875