0 0.00625 0.571875 0.01171875 0.178125
0 0.10078125 0.64296875 0.13203125 0.134375
0 0.296875 0.75859375 0.09140625 0.09375
0 0.20078125 0.7359375 0.06015625 0.0625
0 0.52265625 0.5109375 0.115625 0.115625
0 0.43984375 0.890625 0.0671875 0.0671875
0 0.61875 0.765625 0.0765625 0.0796875
0 0.68984375 0.68046875 0.0765625 0.0765625
0 0.74140625 0.571875 0.09140625 0.09375
0 0.85 0.73671875 0.07421875 0.07421875
0 0.4703125 0.18515625 0.12265625 0.12265625
0 0.26796875 0.35546875 0.07421875 0.07421875
0 0.13671875 0.4234375 0.05546875 0.05546875
0 0.365625 0.0640625 0.08203125 0.08203125
0 0.28515625 0.109375 0.06953125 0.06484375
0 0.08984375 0.37265625 0.08203125 0.0765625
0 0.65 0.3109375 0.0625 0.0625
0 0.828125 0.4359375 0.071875 0.06953125
0 0.84140625 0.3609375 0.05078125 0.05078125
0 0.59765625 0.17578125 0.071875 0.06953125
0 0.60234375 0.0984375 0.09140625 0.0890625
0 0.49375 0.09375 0.0765625 0.0796875
0 0.3796875 0.00703125 0.053125 0.0140625
0 0.64921875 0.0453125 0.1515625 0.090625
0 0.3921875 0.73203125 0.05078125 0.05078125
0 0.4390625 0.5796875 0.0671875 0.0671875
0 0.5734375 0.92578125 0.06484375 0.06484375
0 0.66796875 0.9171875 0.040625 0.040625
0 0.68046875 0.85234375 0.053125 0.053125
0 0.99765625 0.4515625 0.0046875 0.04296875