0 0.3171875 0.26796875 0.115625 0.115625
0 0.02578125 0.30390625 0.0515625 0.1203125
0 0.1 0.06328125 0.071875 0.07421875
0 0.159375 0.425 0.0625 0.028125
0 0.02578125 0.4171875 0.0515625 0.04375
0 0.35859375 0.1671875 0.0609375 0.065625
0 0.5375 0.2015625 0.1609375 0.1390625
0 0.85703125 0.36640625 0.08203125 0.09140625
0 0.53359375 0.3796875 0.08203125 0.06953125
0 0.69140625 0.346875 0.07421875 0.05546875
0 0.77578125 0.2578125 0.08203125 0.06015625
0 0.78359375 0.1328125 0.10546875 0.115625
0 0.41953125 0.08828125 0.0609375 0.0703125
0 0.4734375 0.06796875 0.07421875 0.0625
0 0.371875 0.90234375 0.034375 0.0546875
0 0.365625 0.76796875 0.046875 0.0796875
0 0.35234375 0.68359375 0.0734375 0.0921875
0 0.278125 0.55078125 0.103125 0.10078125
0 0.06015625 0.53125 0.1203125 0.125
0 0.0125 0.8 0.025 0.09375
0 0.1640625 0.83125 0.0890625 0.08671875
0 0.24921875 0.8765625 0.08203125 0.06953125
0 0.3171875 0.98203125 0.071875 0.0359375
0 0.06328125 0.98828125 0.0890625 0.0234375
0 0.26015625 0.82109375 0.07421875 0.0625
0 0.9921875 0.55234375 0.015625 0.0421875
0 0.78515625 0.9515625 0.2140625 0.096875
0 0.57265625 0.95703125 0.0453125 0.053125
0 0.5078125 0.8890625 0.0453125 0.0484375
0 0.59296875 0.73203125 0.11328125 0.1203125
0 0.7140625 0.66015625 0.071875 0.0671875
0 0.78984375 0.5640625 0.0453125 0.05546875
0 0.85625 0.5875 0.04296875 0.040625
0 0.9921875 0.79296875 0.015625 0.0578125
0 0.971875 0.89921875 0.05625 0.0921875
0 0.97734375 0.9671875 0.0453125 0.065625
0 0.584375 0.5515625 0.04296875 0.0578125
0 0.62734375 0.49140625 0.0484375 0.0484375
0 0.5109375 0.58203125 0.08203125 0.0765625
0 0.89765625 0.44453125 0.0359375 0.0109375
0 0.43671875 0.46875 0.0671875 0.059375
0 0.828125 0.69609375 0.04296875 0.053125