0 0.54140625 0.025 0.1421875 0.05
0 0.33984375 0.13671875 0.09609375 0.103125
0 0.40390625 0.0453125 0.0625 0.06953125
0 0.50625 0.46640625 0.125 0.125
0 0.140625 0.23671875 0.071875 0.071875
0 0.1984375 0.4703125 0.08203125 0.08671875
0 0.25859375 0.57578125 0.0796875 0.084375
0 0.35 0.671875 0.09375 0.103125
0 0.13203125 0.72109375 0.08203125 0.0796875
0 0.86875 0.5375 0.134375 0.1296875
0 0.77421875 0.2609375 0.0796875 0.08203125
0 0.75859375 0.0984375 0.0578125 0.06015625
0 0.99765625 0.47734375 0.0046875 0.0796875
0 0.99296875 0.3859375 0.0140625 0.040625
0 0.8140625 0.078125 0.06015625 0.0625
0 0.6625 0.67578125 0.06953125 0.0671875
0 0.45546875 0.8125 0.0796875 0.07421875
0 0.5296875 0.85546875 0.05546875 0.053125
0 0.82578125 0.6734375 0.0796875 0.071875
0 0.90390625 0.70703125 0.103125 0.09140625
0 0.9546875 0.59609375 0.08203125 0.08671875
0 0.93828125 0.78046875 0.1234375 0.1296875
0 0.328125 0.24609375 0.05546875 0.05546875
0 0.46875 0.353125 0.07421875 0.06953125
0 0.05078125 0.36171875 0.071875 0.06953125
0 0.0203125 0.4640625 0.040625 0.04296875
0 0.08203125 0.5 0.0578125 0.0578125
0 0.36171875 0.98984375 0.0453125 0.0203125