0 0.65703125 0.0359375 0.0453125 0.071875
0 0.46640625 0.0140625 0.0734375 0.028125
0 0.3625 0.3046875 0.10078125 0.10078125
0 0.1703125 0.1109375 0.06484375 0.071875
0 0.14140625 0.21796875 0.0625 0.071875
0 0.1375 0.33828125 0.071875 0.0890625
0 0.54375 0.5796875 0.1109375 0.103125
0 0.653125 0.34140625 0.053125 0.0671875
0 0.32890625 0.5390625 0.05546875 0.05546875
0 0.11484375 0.496875 0.06484375 0.0578125
0 0.13359375 0.571875 0.0453125 0.04296875
0 0.43203125 0.62578125 0.0671875 0.0265625
0 0.39140625 0.0484375 0.04296875 0.0453125
0 0.41015625 0.20703125 0.0625 0.05546875
0 0.06328125 0.00546875 0.0359375 0.0109375
0 0.07890625 0.05703125 0.0484375 0.0453125
0 0.059375 0.86796875 0.11875 0.2640625
0 0.0796875 0.95703125 0.06953125 0.071875
0 0.075 0.875 0.0890625 0.0890625
0 0.01484375 0.81640625 0.0296875 0.0734375
0 0.01328125 0.6796875 0.0265625 0.08125
0 0.059375 0.72265625 0.05546875 0.05546875
0 0.13515625 0.74921875 0.115625 0.12265625
0 0.12734375 0.67578125 0.0765625 0.0734375
0 0.19453125 0.67578125 0.1359375 0.0734375
0 0.25546875 0.653125 0.0921875 0.028125
0 0.25546875 0.98671875 0.0796875 0.0265625
0 0.38515625 0.98984375 0.0796875 0.0203125
0 0.40859375 0.9765625 0.0734375 0.046875
0 0.43046875 0.92109375 0.09140625 0.09375
0 0.66796875 0.86015625 0.0234375 0.0890625
0 0.6078125 0.89296875 0.14375 0.2140625
0 0.66640625 0.70546875 0.0265625 0.1203125
0 0.615625 0.6734375 0.128125 0.06875
0 0.64375 0.75859375 0.06953125 0.071875
0 0.45 0.790625 0.053125 0.053125
0 0.40078125 0.82109375 0.06015625 0.06015625
0 0.371875 0.77890625 0.06484375 0.0671875
0 0.45 0.7625 0.071875 0.071875
0 0.40625 0.71875 0.06015625 0.06015625
0 0.2921875 0.83515625 0.0625 0.0625
0 0.8921875 0.675 0.071875 0.071875
0 0.93046875 0.7328125 0.05546875 0.07421875
0 0.93828125 0.98671875 0.0734375 0.0265625
0 0.7234375 0.7640625 0.0578125 0.0671875
0 0.7921875 0.7796875 0.0578125 0.0671875
0 0.78984375 0.90546875 0.11796875 0.13203125
0 0.6875 0.72109375 0.015625 0.0671875