0 0.8953125 0.01015625 0.0625 0.0203125
0 0.97109375 0.02890625 0.0578125 0.0578125
0 0.79609375 0.04375 0.0484375 0.0453125
0 0.79296875 0.1265625 0.125 0.12734375
0 0.97734375 0.0796875 0.0453125 0.053125
0 0.45 0.18125 0.09140625 0.09375
0 0.6734375 0.07421875 0.13671875 0.12734375
0 0.9703125 0.43046875 0.059375 0.0890625
0 0.45 0.371875 0.08671875 0.08671875
0 0.7703125 0.33359375 0.05546875 0.0578125
0 0.7625 0.40703125 0.071875 0.0671875
0 0.66875 0.4296875 0.0578125 0.06015625
0 0.67890625 0.18359375 0.12734375 0.1203125
0 0.75390625 0.471875 0.0609375 0.05625
0 0.9453125 0.23984375 0.06953125 0.071875
0 0.915625 0.44296875 0.0453125 0.04296875
0 0.575 0.215625 0.0796875 0.084375
0 0.54609375 0.29765625 0.0484375 0.053125
0 0.50703125 0.43125 0.0765625 0.07421875
0 0.309375 0.55390625 0.11875 0.1078125
0 0.09921875 0.64609375 0.084375 0.084375
0 0.0421875 0.7859375 0.084375 0.10625
0 0.0859375 0.8 0.071875 0.06953125
0 0.153125 0.8046875 0.0765625 0.0765625
0 0.21015625 0.96875 0.0703125 0.0625
0 0.3203125 0.94453125 0.053125 0.05546875
0 0.046875 0.990625 0.05 0.01875
0 0.38984375 0.96171875 0.0421875 0.0765625
0 0.37890625 0.62109375 0.0203125 0.0796875
0 0.85625 0.7859375 0.07421875 0.08671875
0 0.803125 0.75390625 0.0765625 0.06015625
0 0.86953125 0.72265625 0.0578125 0.0578125
0 0.94375 0.63828125 0.0578125 0.0578125