0 0.9671875 0.7515625 0.06484375 0.0984375
0 0.93515625 0.3703125 0.0671875 0.0625
0 0.60546875 0.35078125 0.0671875 0.0796875
0 0.459375 0.3859375 0.08671875 0.0796875
0 0.38125 0.2078125 0.1203125 0.09609375
0 0.07578125 0.57421875 0.05078125 0.05078125
0 0.16015625 0.43359375 0.06953125 0.0625
0 0.01328125 0.490625 0.0265625 0.0453125
0 0.896875 0.25625 0.05078125 0.0578125
0 0.8328125 0.17890625 0.06015625 0.06484375
0 0.57421875 0.10078125 0.0359375 0.04296875
0 0.49765625 0.2703125 0.0453125 0.03828125
0 0.2171875 0.1671875 0.0671875 0.07421875