0 0.509375 0.27734375 0.059375 0.1109375
0 0.6375 0.3515625 0.209375 0.215625
0 0.4953125 0.10234375 0.03125 0.0671875
0 0.75390625 0.19296875 0.4921875 0.3859375
0 0.35859375 0.94453125 0.1640625 0.1109375
0 0.41484375 0.7671875 0.0671875 0.08203125
0 0.3078125 0.8109375 0.0671875 0.08203125
0 0.2046875 0.853125 0.0890625 0.0984375
0 0.1203125 0.840625 0.0578125 0.06484375
0 0.17109375 0.70859375 0.07421875 0.06953125
0 0.21171875 0.60546875 0.0453125 0.0453125
0 0.4234375 0.4734375 0.075 0.028125
0 0.19765625 0.47734375 0.0984375 0.0359375
0 0.33671875 0.58828125 0.0796875 0.08203125
0 0.51953125 0.94453125 0.0796875 0.1109375
0 0.73984375 0.95546875 0.05546875 0.05546875
0 0.6078125 0.92890625 0.0765625 0.0765625
0 0.55703125 0.87734375 0.1546875 0.1734375
0 0.55703125 0.84921875 0.071875 0.071875
0 0.53515625 0.765625 0.0984375 0.0984375
0 0.49375 0.74765625 0.028125 0.0765625
0 0.51875 0.5234375 0.071875 0.071875
0 0.5046875 0.58671875 0.05 0.0953125
0 0.55078125 0.61015625 0.05078125 0.053125
0 0.60390625 0.59921875 0.09375 0.09140625
0 0.6078125 0.72578125 0.06015625 0.06015625