0 0.9109375 0.9015625 0.06015625 0.071875
0 0.953125 0.66015625 0.09375 0.15625
0 0.97421875 0.3921875 0.0515625 0.084375
0 0.90625 0.30546875 0.12265625 0.13203125
0 0.6765625 0.415625 0.11328125 0.1109375
0 0.6609375 0.2921875 0.10078125 0.125
0 0.4421875 0.2703125 0.0625 0.08671875
0 0.2328125 0.2671875 0.08671875 0.1203125
0 0.3390625 0.0296875 0.084375 0.059375
0 0.42421875 0.0671875 0.0625 0.0890625
0 0.634375 0.0921875 0.053125 0.06484375
0 0.665625 0.02890625 0.05078125 0.0578125
0 0.8421875 0.078125 0.10546875 0.103125
0 0.79296875 0.62265625 0.07421875 0.0765625
0 0.746875 0.95625 0.09375 0.0875
0 0.25703125 0.796875 0.0671875 0.0671875
0 0.22265625 0.74296875 0.05078125 0.084375
0 0.5625 0.77890625 0.071875 0.08203125
0 0.4625 0.58046875 0.06484375 0.07421875
0 0.43984375 0.4515625 0.071875 0.06953125
0 0.0984375 0.22578125 0.06484375 0.09609375
0 0.5875 0.9796875 0.0359375 0.040625
0 0.5609375 0.32421875 0.04296875 0.05546875
0 0.58984375 0.43125 0.0453125 0.05078125