0 0.03984375 0.07421875 0.0796875 0.1484375
0 0.1578125 0.3375 0.1375 0.0625
0 0.134375 0.1640625 0.09375 0.09140625
0 0.35546875 0.196875 0.03125 0.0359375
0 0.546875 0.28125 0.0484375 0.03359375
0 0.4640625 0.07890625 0.03125 0.02890625
0 0.28515625 0.5984375 0.1078125 0.16875
0 0.32265625 0.715625 0.0328125 0.103125
0 0.24921875 0.84296875 0.05078125 0.05078125
0 0.246875 0.71796875 0.071875 0.06953125
0 0.21015625 0.65546875 0.15859375 0.1609375
0 0.1828125 0.66015625 0.0671875 0.0671875
0 0.109375 0.628125 0.09140625 0.09140625
0 0.1046875 0.56640625 0.071875 0.071875
0 0.20625 0.378125 0.06875 0.01875
0 0.07734375 0.4328125 0.0671875 0.06484375
0 0.06171875 0.6875 0.05546875 0.05546875
0 0.31328125 0.5125 0.0515625 0.053125
0 0.79296875 0.43984375 0.146875 0.13203125
0 0.50234375 0.38828125 0.0859375 0.0390625
0 0.95703125 0.6046875 0.0859375 0.090625
0 0.9625 0.93984375 0.075 0.1203125
0 0.409375 0.9046875 0.0890625 0.0796875
0 0.3671875 0.8625 0.05625 0.09375
0 0.74453125 0.8109375 0.0984375 0.09609375
0 0.590625 0.6484375 0.08671875 0.08671875
0 0.5390625 0.53125 0.09375 0.084375
0 0.8171875 0.9859375 0.053125 0.028125
0 0.6453125 0.38984375 0.059375 0.0421875
0 0.7 0.47578125 0.0625 0.0578125