0 0.1390625 0.85234375 0.12265625 0.1734375
0 0.0203125 0.6078125 0.040625 0.08671875
0 0.0609375 0.50546875 0.121875 0.1765625
0 0.3078125 0.51796875 0.15390625 0.14921875
0 0.275 0.39453125 0.14921875 0.15859375
0 0.4859375 0.2859375 0.09609375 0.1078125
0 0.69375 0.196875 0.13203125 0.14921875
0 0.49296875 0.03125 0.115625 0.0625
0 0.42578125 0.08671875 0.09609375 0.1109375
0 0.225 0.19453125 0.0765625 0.08203125
0 0.16796875 0.1453125 0.07421875 0.0796875
0 0.0421875 0.265625 0.084375 0.1390625
0 0.26953125 0.75859375 0.10546875 0.103125
0 0.43515625 0.99765625 0.11328125 0.0046875
0 0.87109375 0.70703125 0.09140625 0.09140625
0 0.8859375 0.6421875 0.08203125 0.10078125
0 0.55859375 0.8140625 0.10546875 0.1078125
0 0.584375 0.58671875 0.09375 0.09609375
0 0.55625 0.45546875 0.0984375 0.09375
0 0.8125 0.1046875 0.10078125 0.11796875
0 0.603125 0.99375 0.03828125 0.01171875
0 0.38671875 0.384375 0.06484375 0.06953125
0 0.39921875 0.49765625 0.06484375 0.06484375
0 0.05546875 0.1578125 0.1109375 0.07421875