0 0.24375 0.1078125 0.09375 0.103125
0 0.4 0.25390625 0.0671875 0.0671875
0 0.0390625 0.28671875 0.078125 0.0640625
0 0.8984375 0.59765625 0.053125 0.0578125
0 0.9640625 0.184375 0.071875 0.1
0 0.7921875 0.10625 0.0671875 0.0796875
0 0.6203125 0.715625 0.0375 0.125
0 0.40234375 0.7375 0.07421875 0.08671875
0 0.1546875 0.740625 0.103125 0.1203125
0 0.2796875 0.9734375 0.1 0.053125
0 0.38046875 0.9390625 0.07421875 0.0890625
0 0.61875 0.9140625 0.040625 0.065625
0 0.015625 0.78046875 0.03125 0.0953125
0 0.54375 0.684375 0.05078125 0.05546875
0 0.84609375 0.7328125 0.1203125 0.125
0 0.81484375 0.93203125 0.0625 0.06484375
0 0.8515625 0.9828125 0.059375 0.034375
0 0.728125 0.7015625 0.05078125 0.05546875