0 0.13828125 0.01796875 0.0859375 0.0359375
0 0.10859375 0.32890625 0.0625 0.0765625
0 0.49140625 0.26640625 0.0171875 0.1015625
0 0.29140625 0.30859375 0.0765625 0.06953125
0 0.9109375 0.16640625 0.178125 0.2046875
0 0.58359375 0.17890625 0.08671875 0.08671875
0 0.64609375 0.184375 0.09609375 0.09609375
0 0.63125 0.0390625 0.0875 0.078125
0 0.7859375 0.2546875 0.0796875 0.0796875
0 0.76171875 0.28828125 0.06484375 0.06484375
0 0.6796875 0.31953125 0.0671875 0.0671875
0 0.5765625 0.41171875 0.05546875 0.0578125
0 0.625 0.403125 0.07421875 0.0765625
0 0.6640625 0.39765625 0.08203125 0.08203125
0 0.93125 0.43359375 0.0578125 0.0578125
0 0.8515625 0.35078125 0.16796875 0.16796875
0 0.79453125 0.44609375 0.2484375 0.1265625
0 0.4078125 0.9703125 0.0875 0.059375
0 0.20703125 0.93125 0.09375 0.09140625
0 0.11328125 0.72578125 0.0671875 0.0765625
0 0.39921875 0.640625 0.06015625 0.084375
0 0.94921875 0.93515625 0.1015625 0.1296875
0 0.74453125 0.95546875 0.1265625 0.0890625
0 0.52265625 0.978125 0.0453125 0.04375
0 0.5203125 0.8984375 0.040625 0.071875
0 0.5421875 0.92890625 0.053125 0.040625
0 0.82109375 0.8046875 0.071875 0.11328125
0 0.87421875 0.82578125 0.01953125 0.0453125
0 0.52734375 0.78359375 0.0546875 0.0421875
0 0.865625 0.6828125 0.0359375 0.03125
0 0.9484375 0.66796875 0.05546875 0.053125
0 0.8875 0.5984375 0.053125 0.053125
0 0.98515625 0.625 0.0296875 0.05