0 0.56171875 0.284375 0.07421875 0.0484375
0 0.2671875 0.34296875 0.04296875 0.0578125
0 0.40234375 0.01328125 0.0390625 0.0265625
0 0.03984375 0.47265625 0.0796875 0.0796875
0 0.5234375 0.5421875 0.04375 0.034375
0 0.64921875 0.378125 0.0984375 0.20625
0 0.75546875 0.3796875 0.1421875 0.1421875
0 0.90078125 0.5390625 0.0890625 0.040625
0 0.95859375 0.3609375 0.0828125 0.125
0 0.85390625 0.29921875 0.15625 0.15625
0 0.7796875 0.02578125 0.1875 0.0515625
0 0.8421875 0.14453125 0.146875 0.146875
0 0.18984375 0.790625 0.0765625 0.071875
0 0.1390625 0.871875 0.0765625 0.0796875
0 0.25546875 0.97734375 0.040625 0.03828125
0 0.02890625 0.95 0.0578125 0.0625
0 0.00390625 0.8671875 0.0078125 0.059375
0 0.91875 0.625 0.0765625 0.06484375
0 0.7671875 0.6515625 0.09609375 0.11328125
0 0.6171875 0.8265625 0.034375 0.125