0 0.9046875 0.42578125 0.17578125 0.16328125
0 0.61796875 0.4703125 0.07421875 0.0484375
0 0.69140625 0.553125 0.06953125 0.0890625
0 0.3234375 0.52890625 0.04296875 0.0578125
0 0.26328125 0.13359375 0.0484375 0.0453125
0 0.459375 0.17890625 0.03828125 0.0671875
0 0.09375 0.65859375 0.08671875 0.0796875
0 0.58046875 0.73203125 0.04296875 0.040625
0 0.8125 0.884375 0.040625 0.04296875
0 0.7859375 0.953125 0.040625 0.040625
0 0.27890625 0.8421875 0.07421875 0.05546875
0 0.87734375 0.0640625 0.0890625 0.071875
0 0.634375 0.125 0.06015625 0.05078125