0 0.7828125 0.51171875 0.1078125 0.12265625
0 0.9671875 0.6890625 0.0453125 0.1078125
0 0.50390625 0.46875 0.0796875 0.0984375
0 0.13828125 0.45546875 0.1078125 0.0890625
0 0.37890625 0.546875 0.0578125 0.0625
0 0.5328125 0.23203125 0.103125 0.071875
0 0.56015625 0.12109375 0.12734375 0.1078125
0 0.7453125 0.16015625 0.0984375 0.0671875
0 0.6859375 0.03984375 0.1109375 0.06015625
0 0.89921875 0.1140625 0.0765625 0.06015625
0 0.978125 0.225 0.04296875 0.05078125
0 0.99375 0.0625 0.01171875 0.05078125
0 0.21640625 0.93984375 0.1703125 0.09140625