0 0.02890625 0.1875 0.0578125 0.121875
0 0.28359375 0.1453125 0.0796875 0.0984375
0 0.41875 0.38671875 0.078125 0.0265625
0 0.93359375 0.025 0.1140625 0.05
0 0.771875 0.0890625 0.10078125 0.103125
0 0.6921875 0.12109375 0.14453125 0.240625
0 0.47265625 0.14140625 0.1859375 0.2828125
0 0.659375 0.3671875 0.059375 0.065625
0 0.7625 0.32109375 0.06015625 0.0765625
0 0.86171875 0.2703125 0.0796875 0.09140625
0 0.946875 0.27421875 0.053125 0.06015625
0 0.9078125 0.3890625 0.06875 0.021875
0 0.0203125 0.834375 0.040625 0.09375
0 0.071875 0.7609375 0.071875 0.0671875
0 0.02578125 0.68203125 0.0515625 0.0546875
0 0.09140625 0.44375 0.1140625 0.0875
0 0.35078125 0.4140625 0.0546875 0.028125
0 0.2328125 0.9078125 0.0453125 0.04296875
0 0.17421875 0.86171875 0.05078125 0.0484375
0 0.91953125 0.96484375 0.1015625 0.0703125
0 0.71328125 0.846875 0.07421875 0.084375
0 0.73515625 0.503125 0.07421875 0.0796875
0 0.82890625 0.4953125 0.0578125 0.0578125
0 0.934375 0.5015625 0.071875 0.06015625