0 0.365625 0.25390625 0.0578125 0.0796875
0 0.06875 0.240625 0.08203125 0.071875
0 0.26875 0.178125 0.04296875 0.05078125
0 0.51796875 0.3515625 0.0578125 0.06875
0 0.6296875 0.3078125 0.06953125 0.0796875
0 0.7125 0.38828125 0.084375 0.0234375
0 0.81640625 0.3796875 0.0484375 0.040625
0 0.79921875 0.2046875 0.0890625 0.0890625
0 0.52421875 0.090625 0.06953125 0.071875
0 0.76171875 0.01484375 0.0578125 0.0296875
0 0.96640625 0.23359375 0.0671875 0.0796875
0 0.303125 0.928125 0.12734375 0.13671875
0 0.375 0.86015625 0.20625 0.2796875
0 0.34765625 0.58203125 0.08203125 0.0984375
0 0.25546875 0.6640625 0.08203125 0.0984375
0 0.16484375 0.74375 0.10546875 0.1203125
0 0.075 0.7578125 0.06953125 0.0796875
0 0.08359375 0.5953125 0.08671875 0.08671875
0 0.0890625 0.46796875 0.053125 0.05546875
0 0.209375 0.43046875 0.09375 0.0609375
0 0.91015625 0.96875 0.06015625 0.0578125
0 0.9078125 0.9 0.0578125 0.0578125
0 0.975 0.7234375 0.05 0.075
0 0.86015625 0.7296875 0.06484375 0.0578125
0 0.84453125 0.68359375 0.05546875 0.0484375
0 0.9359375 0.6546875 0.05078125 0.053125
0 0.971875 0.61875 0.05546875 0.0625
0 0.76875 0.509375 0.0578125 0.06484375
0 0.64921875 0.4859375 0.3203125 0.171875
0 0.65078125 0.66796875 0.0671875 0.0796875
0 0.7140625 0.6546875 0.0484375 0.0578125
0 0.6640625 0.76875 0.07421875 0.0796875
0 0.7578125 0.82890625 0.053125 0.0484375
0 0.76640625 0.89140625 0.0578125 0.0578125
0 0.7 0.89609375 0.05078125 0.04296875
0 0.56796875 0.784375 0.05546875 0.05546875