0 0.24140625 0.06796875 0.1609375 0.1359375
0 0.27265625 0.1453125 0.16328125 0.16328125
0 0.0984375 0.25078125 0.09609375 0.09609375
0 0.05625 0.209375 0.08203125 0.08203125
0 0.1578125 0.17421875 0.103125 0.10546875
0 0.45390625 0.05390625 0.07421875 0.07421875
0 0.94765625 0.12890625 0.1046875 0.1921875
0 0.78984375 0.17265625 0.0453125 0.053125
0 0.725 0.240625 0.0453125 0.0484375
0 0.4984375 0.3609375 0.1 0.084375
0 0.55859375 0.59921875 0.0828125 0.0796875
0 0.25078125 0.35390625 0.05078125 0.0578125
0 0.0734375 0.46328125 0.08203125 0.0671875
0 0.26875 0.73671875 0.0796875 0.06484375
0 0.01171875 0.9671875 0.0234375 0.065625
0 0.41484375 0.8328125 0.12265625 0.11796875
0 0.04375 0.66875 0.06015625 0.0625
0 0.1953125 0.58203125 0.06015625 0.0671875
0 0.37421875 0.4953125 0.040625 0.040625
0 0.340625 0.53046875 0.04296875 0.0453125
0 0.86796875 0.59609375 0.07421875 0.0765625
0 0.6984375 0.47109375 0.10078125 0.0796875
0 0.71796875 0.5625 0.0625 0.08203125
0 0.68671875 0.71640625 0.053125 0.05078125
0 0.7265625 0.82890625 0.05078125 0.0625
0 0.88828125 0.95390625 0.04296875 0.06015625