0 0.62578125 0.58515625 0.0859375 0.0671875
0 0.609375 0.5203125 0.1109375 0.12265625
0 0.06796875 0.54140625 0.06953125 0.084375
0 0.125 0.4921875 0.0578125 0.06484375
0 0.40703125 0.54453125 0.0671875 0.06953125
0 0.39921875 0.596875 0.0578125 0.04375
0 0.50078125 0.5671875 0.06484375 0.08203125
0 0.64140625 0.021875 0.0546875 0.04375
0 0.5859375 0.225 0.08671875 0.08671875
0 0.26796875 0.109375 0.084375 0.0796875
0 0.35546875 0.07734375 0.053125 0.06015625
0 0.4296875 0.0421875 0.04296875 0.053125
0 0.41953125 0.0078125 0.0578125 0.015625
0 0.153125 0.27890625 0.06953125 0.0796875
0 0.090625 0.2859375 0.0671875 0.071875
0 0.37578125 0.340625 0.0625 0.0671875
0 0.0546875 0.13359375 0.0671875 0.08203125
0 0.13359375 0.02734375 0.0609375 0.0546875
0 0.74921875 0.503125 0.1609375 0.196875
0 0.83203125 0.44609375 0.1078125 0.10546875
0 0.81953125 0.26015625 0.3015625 0.3390625
0 0.9234375 0.21015625 0.08203125 0.08203125
0 0.71171875 0.0359375 0.07421875 0.071875
0 0.696875 0.0125 0.05625 0.025
0 0.3890625 0.79921875 0.0765625 0.06484375
0 0.23515625 0.64765625 0.1953125 0.0578125
0 0.2015625 0.71484375 0.146875 0.11328125
0 0.03359375 0.7703125 0.0671875 0.10625
0 0.2125 0.82421875 0.0671875 0.0625
0 0.17734375 0.84453125 0.0625 0.0625
0 0.27421875 0.975 0.0703125 0.05
0 0.4921875 0.9 0.07421875 0.0765625
0 0.43203125 0.9328125 0.071875 0.053125
0 0.01171875 0.95703125 0.0234375 0.0546875
0 0.15234375 0.93125 0.06484375 0.06015625
0 0.07890625 0.97421875 0.1515625 0.0515625
0 0.8453125 0.809375 0.309375 0.38125