0 0.21640625 0.65 0.115625 0.11328125
0 0.2484375 0.5609375 0.1109375 0.12265625
0 0.203125 0.8703125 0.0765625 0.0625
0 0.19921875 0.93046875 0.06484375 0.06015625
0 0.1 0.9046875 0.0578125 0.0578125
0 0.646875 0.96875 0.0765625 0.0578125
0 0.76796875 0.8484375 0.05546875 0.0578125
0 0.7328125 0.728125 0.06484375 0.0578125
0 0.78984375 0.58203125 0.06953125 0.084375
0 0.7328125 0.5328125 0.0578125 0.06484375
0 0.45078125 0.58515625 0.0671875 0.06953125
0 0.4578125 0.64453125 0.0578125 0.0578125
0 0.35703125 0.6078125 0.06484375 0.08203125
0 0.05078125 0.5203125 0.053125 0.05546875
0 0.08671875 0.13671875 0.09609375 0.09609375
0 0.20546875 0.04921875 0.0765625 0.071875
0 0.271875 0.265625 0.08671875 0.08671875
0 0.58984375 0.15 0.084375 0.0796875
0 0.50234375 0.11796875 0.053125 0.06015625
0 0.428125 0.0828125 0.04296875 0.053125
0 0.4375 0.0328125 0.0578125 0.0484375
0 0.7046875 0.31953125 0.06953125 0.0796875
0 0.7671875 0.3265625 0.0671875 0.071875
0 0.97578125 0.4640625 0.0484375 0.084375
0 0.48203125 0.38125 0.0625 0.0671875
0 0.8328125 0.96875 0.06484375 0.05078125
0 0.803125 0.17421875 0.0671875 0.08203125
0 0.7234375 0.0625 0.06015625 0.0671875
0 0.1734375 0.765625 0.0625 0.06953125