0 0.43125 0.4421875 0.115625 0.11328125
0 0.04296875 0.275 0.06484375 0.07421875
0 0.14140625 0.340625 0.05078125 0.0484375
0 0.1328125 0.24140625 0.0578125 0.06484375
0 0.3 0.40078125 0.05546875 0.053125
0 0.27265625 0.32890625 0.0765625 0.071875
0 0.36484375 0.346875 0.053125 0.05546875
0 0.40234375 0.35625 0.0625 0.06953125
0 0.4578125 0.3421875 0.071875 0.071875
0 0.4984375 0.16796875 0.0671875 0.08203125
0 0.53359375 0.1796875 0.04296875 0.05546875
0 0.56796875 0.28046875 0.0765625 0.08203125
0 0.6515625 0.39140625 0.034375 0.0890625
0 0.08671875 0.46953125 0.0640625 0.0609375
0 0.4390625 0.0140625 0.05 0.028125
0 0.7390625 0.40390625 0.140625 0.1921875
0 0.8109375 0.16953125 0.07421875 0.07421875
0 0.93984375 0.09765625 0.07421875 0.071875
0 0.9859375 0.11796875 0.028125 0.0578125
0 0.92734375 0.35 0.09375 0.12265625
0 0.4078125 0.9296875 0.10078125 0.10546875
0 0.6890625 0.521875 0.040625 0.04375
0 0.9921875 0.65078125 0.015625 0.0796875
0 0.7453125 0.90234375 0.05546875 0.071875
0 0.77265625 0.5671875 0.08203125 0.0765625
0 0.74296875 0.7171875 0.04296875 0.0453125
0 0.971875 0.75546875 0.05625 0.0578125