0 0.4734375 0.375 0.03125 0.028125
0 0.4375 0.3328125 0.04296875 0.0671875
0 0.27578125 0.29375 0.06953125 0.06953125
0 0.215625 0.15 0.10546875 0.10546875
0 0.04296875 0.3625 0.0859375 0.053125
0 0.08828125 0.08515625 0.0484375 0.0484375
0 0.07109375 0.01796875 0.0703125 0.0359375
0 0.1640625 0.0390625 0.0484375 0.05078125
0 0.19921875 0.0546875 0.05546875 0.06484375
0 0.2578125 0.04921875 0.06484375 0.0671875
0 0.3796875 0.0203125 0.06875 0.040625
0 0.46171875 0.140625 0.0546875 0.084375
0 0.8484375 0.01171875 0.0625 0.0234375
0 0.36640625 0.715625 0.09375 0.09140625
0 0.43203125 0.93515625 0.1140625 0.1296875
0 0.45859375 0.97578125 0.0609375 0.0484375
0 0.35703125 0.9671875 0.0484375 0.065625
0 0.23984375 0.93828125 0.053125 0.053125
0 0.27265625 0.51015625 0.0671875 0.0765625
0 0.96875 0.4671875 0.0625 0.071875
0 0.8671875 0.44609375 0.0625 0.06484375
0 0.83125 0.51171875 0.10078125 0.1078125
0 0.75390625 0.60234375 0.0625 0.0578125
0 0.70703125 0.540625 0.103125 0.125
0 0.58359375 0.453125 0.06015625 0.0578125
0 0.5390625 0.49140625 0.0484375 0.0484375
0 0.9921875 0.60859375 0.015625 0.0796875
0 0.97578125 0.9015625 0.0484375 0.125
0 0.88828125 0.9640625 0.0671875 0.071875
0 0.7546875 0.940625 0.159375 0.11875
0 0.59609375 0.971875 0.0671875 0.05625
0 0.6796875 0.66953125 0.0578125 0.0578125