0 0.04453125 0.34375 0.0890625 0.090625
0 0.2609375 0.2625 0.0625 0.0625
0 0.196875 0.23671875 0.05546875 0.06015625
0 0.08359375 0.21171875 0.1203125 0.0984375
0 0.49765625 0.23828125 0.1046875 0.1203125
0 0.534375 0.346875 0.03125 0.053125
0 0.534375 0.3734375 0.03125 0.03125
0 0.140625 0.3765625 0.053125 0.025
0 0.2546875 0.3484375 0.06484375 0.0625
0 0.30625 0.1765625 0.03359375 0.0359375
0 0.3203125 0.1 0.0671875 0.07421875
0 0.2890625 0.09375 0.03828125 0.0453125
0 0.3953125 0.04609375 0.05546875 0.0578125
0 0.3703125 0.0265625 0.03828125 0.040625
0 0.41875 0.00859375 0.05625 0.0171875
0 0.2390625 0.0359375 0.0453125 0.04296875
0 0.20625 0.0984375 0.0453125 0.05078125
0 0.65859375 0.32421875 0.2171875 0.1296875
0 0.8703125 0.0890625 0.1109375 0.1078125
0 0.590625 0.06171875 0.08125 0.1234375
0 0.21796875 0.990625 0.0734375 0.01875
0 0.4015625 0.58203125 0.11796875 0.11328125
0 0.3625 0.8140625 0.10078125 0.0984375
0 0.27890625 0.53046875 0.0796875 0.0765625
0 0.26796875 0.6890625 0.0578125 0.06484375
0 0.621875 0.5703125 0.09140625 0.0890625
0 0.57265625 0.51484375 0.0453125 0.0671875
0 0.7328125 0.76328125 0.08203125 0.0765625
0 0.69765625 0.58984375 0.06953125 0.07421875
0 0.94375 0.5859375 0.0796875 0.0765625
0 0.89609375 0.83125 0.14453125 0.1515625
0 0.8578125 0.93984375 0.16875 0.1203125
0 0.57734375 0.9046875 0.0546875 0.15625
0 0.59921875 0.8171875 0.0984375 0.103125