0 0.109375 0.2296875 0.0671875 0.07421875
0 0.140625 0.2234375 0.03828125 0.0453125
0 0.034375 0.17578125 0.05546875 0.0578125
0 0.059375 0.15625 0.03828125 0.040625
0 0.01875 0.11796875 0.0375 0.0578125
0 0.0515625 0.0625 0.053125 0.0671875
0 0.40703125 0.059375 0.0484375 0.0453125
0 0.39140625 0.00625 0.0671875 0.0125
0 0.1859375 0.09609375 0.0578125 0.06015625
0 0.190625 0.165625 0.0453125 0.04296875
0 0.2234375 0.228125 0.0453125 0.05078125
0 0.87734375 0.13984375 0.2453125 0.2796875
0 0.68515625 0.05234375 0.1203125 0.1046875
0 0.22109375 0.490625 0.0890625 0.0890625
0 0.02109375 0.49921875 0.0421875 0.0421875
0 0.07109375 0.7609375 0.0359375 0.03359375
0 0.334375 0.828125 0.0484375 0.0484375
0 0.1125 0.85390625 0.0578125 0.0484375
0 0.9546875 0.903125 0.090625 0.103125
0 0.92578125 0.72890625 0.1484375 0.1734375
0 0.93359375 0.4578125 0.1328125 0.1375
0 0.8515625 0.315625 0.134375 0.071875
0 0.6875 0.45859375 0.115625 0.115625
0 0.8296875 0.5578125 0.11328125 0.11328125
0 0.484375 0.53203125 0.090625 0.2109375
0 0.4953125 0.384375 0.1125 0.134375
0 0.58046875 0.5078125 0.10546875 0.10546875
0 0.6546875 0.61328125 0.08671875 0.08671875
0 0.6984375 0.69296875 0.06953125 0.071875
0 0.7234375 0.8984375 0.125 0.12734375
0 0.48125 0.8671875 0.084375 0.178125
0 0.61328125 0.95546875 0.1390625 0.0890625
0 0.5265625 0.30546875 0.103125 0.0515625
0 0.51171875 0.7609375 0.09609375 0.09375
0 0.59140625 0.84921875 0.0890625 0.0890625
0 0.4734375 0.9921875 0.06875 0.015625
0 0.51953125 0.965625 0.0796875 0.06875