0 0.02890625 0.24375 0.0578125 0.115625
0 0.40234375 0.07578125 0.11328125 0.10546875
0 0.45546875 0.4203125 0.09375 0.09609375
0 0.63671875 0.5296875 0.1390625 0.14453125
0 0.9640625 0.48828125 0.071875 0.11328125
0 0.7234375 0.12734375 0.11796875 0.125
0 0.1984375 0.7328125 0.11328125 0.11796875
0 0.10078125 0.66328125 0.0625 0.06484375
0 0.59765625 0.85078125 0.09140625 0.10078125
0 0.4796875 0.22734375 0.1109375 0.103125
0 0.39453125 0.52265625 0.1203125 0.11796875
0 0.50234375 0.6609375 0.06484375 0.0671875
0 0.3015625 0.81484375 0.084375 0.08671875