0 0.315625 0.475 0.10546875 0.0984375
0 0.27734375 0.146875 0.0890625 0.0890625
0 0.10703125 0.05234375 0.1328125 0.1046875
0 0.03359375 0.41640625 0.0671875 0.1171875
0 0.24765625 0.32890625 0.103125 0.0984375
0 0.3390625 0.053125 0.1125 0.10625
0 0.9375 0.2265625 0.125 0.246875
0 0.8890625 0.12265625 0.0890625 0.09375
0 0.81875 0.1578125 0.07421875 0.09140625
0 0.76328125 0.19375 0.06015625 0.06953125
0 0.7828125 0.32109375 0.06484375 0.0625
0 0.7046875 0.07890625 0.090625 0.1578125
0 0.67265625 0.19609375 0.0265625 0.1578125
0 0.278125 0.6296875 0.0890625 0.10078125
0 0.3578125 0.57109375 0.071875 0.0421875
0 0.48125 0.665625 0.06953125 0.0625
0 0.61015625 0.65390625 0.0578125 0.06484375
0 0.6328125 0.81015625 0.053125 0.0828125
0 0.53515625 0.853125 0.1828125 0.25
0 0.29296875 0.88203125 0.19453125 0.21640625
0 0.18125 0.978125 0.09375 0.04375
0 0.08984375 0.73203125 0.084375 0.0765625
0 0.878125 0.7875 0.10546875 0.103125
0 0.8625 0.89453125 0.0796875 0.06015625
0 0.7484375 0.9515625 0.05078125 0.05546875
0 0.86328125 0.97109375 0.0671875 0.0578125