0 0.93984375 0.2359375 0.1203125 0.11796875
0 0.98671875 0.2546875 0.0265625 0.09375
0 0.5453125 0.0921875 0.10546875 0.0984375
0 0.50703125 0.4203125 0.0890625 0.0890625
0 0.3375 0.5296875 0.13203125 0.134375
0 0.0296875 0.50078125 0.059375 0.1046875
0 0.24140625 0.15 0.1109375 0.11796875
0 0.76171875 0.709375 0.10546875 0.1109375
0 0.85234375 0.640625 0.06015625 0.06015625
0 0.38671875 0.8328125 0.084375 0.09375
0 0.47734375 0.23828125 0.103125 0.0984375
0 0.56953125 0.515625 0.11328125 0.1109375
0 0.4703125 0.65 0.0625 0.06484375
0 0.6671875 0.78984375 0.0796875 0.08203125