0 0.32734375 0.375 0.0640625 0.05
0 0.01171875 0.165625 0.0234375 0.1125
0 0.41171875 0.13203125 0.3359375 0.2640625
0 0.0953125 0.06796875 0.125 0.1359375
0 0.909375 0.32890625 0.18125 0.1421875
0 0.9859375 0.35 0.028125 0.075
0 0.95078125 0.09453125 0.0984375 0.1296875
0 0.84140625 0.04453125 0.0796875 0.0890625
0 0.7671875 0.21484375 0.21171875 0.1875
0 0.61875 0.03984375 0.078125 0.0796875
0 0.60859375 0.13359375 0.05078125 0.05546875
0 0.196875 0.42109375 0.04375 0.0421875
0 0.14296875 0.43359375 0.0640625 0.0671875
0 0.3203125 0.43203125 0.0625 0.0640625
0 0.56015625 0.58515625 0.0390625 0.0578125
0 0.55234375 0.71484375 0.0546875 0.0671875
0 0.4921875 0.83984375 0.09375 0.115625
0 0.3546875 0.5734375 0.06484375 0.08203125
0 0.24765625 0.66953125 0.071875 0.08671875
0 0.1125 0.62890625 0.08671875 0.0984375
0 0.01171875 0.70859375 0.0234375 0.1046875
0 0.4484375 0.96484375 0.0671875 0.06953125
0 0.0328125 0.91484375 0.065625 0.0953125
0 0.9078125 0.5375 0.08203125 0.08203125
0 0.9734375 0.55390625 0.053125 0.0671875
0 0.809375 0.70390625 0.09375 0.09375
0 0.97578125 0.70390625 0.0484375 0.0578125
0 0.6375 0.509375 0.115625 0.128125
0 0.80546875 0.51484375 0.11796875 0.125