0 0.034375 0.38125 0.06875 0.115625
0 0.24765625 0.184375 0.3828125 0.36875
0 0.103125 0.25546875 0.20625 0.2265625
0 0.75703125 0.3125 0.084375 0.0765625
0 0.5109375 0.35390625 0.0765625 0.0671875
0 0.484375 0.309375 0.071875 0.06484375
0 0.78125 0.13984375 0.08671875 0.09140625
0 0.99296875 0.1859375 0.0140625 0.071875
0 0.08359375 0.83515625 0.10078125 0.1078125
0 0.246875 0.81796875 0.071875 0.06953125
0 0.01875 0.73359375 0.0375 0.0703125
0 0.17734375 0.8984375 0.09375 0.0984375
0 0.290625 0.94296875 0.0671875 0.084375
0 0.36171875 0.9796875 0.0640625 0.040625
0 0.64765625 0.49296875 0.103125 0.1078125
0 0.58515625 0.59140625 0.290625 0.2640625
0 0.453125 0.61171875 0.028125 0.0765625
0 0.89765625 0.6265625 0.146875 0.1515625
0 0.74609375 0.50234375 0.0890625 0.0890625
0 0.55703125 0.75 0.0625 0.0578125
0 0.6421875 0.7359375 0.04296875 0.0453125
0 0.51484375 0.9796875 0.0609375 0.040625
0 0.62578125 0.98828125 0.0578125 0.0234375
0 0.80234375 0.92421875 0.06953125 0.06953125
0 0.8515625 0.9234375 0.0625 0.0625
0 0.86484375 0.8171875 0.04296875 0.053125
0 0.98125 0.709375 0.0375 0.0625
0 0.90703125 0.4703125 0.0703125 0.0625
0 0.853125 0.5046875 0.05078125 0.05078125