0 0.53984375 0.93828125 0.1578125 0.1234375
0 0.4640625 0.828125 0.2140625 0.18515625
0 0.47734375 0.64921875 0.18515625 0.15390625
0 0.45078125 0.53515625 0.0984375 0.0890625
0 0.61171875 0.68515625 0.0796875 0.084375
0 0.3265625 0.98203125 0.08671875 0.0359375
0 0.2015625 0.6875 0.115625 0.125
0 0.08203125 0.5921875 0.084375 0.11328125
0 0.0109375 0.6109375 0.01171875 0.0765625
0 0.28359375 0.3375 0.11796875 0.1078125
0 0.38359375 0.396875 0.1078125 0.09609375
0 0.6515625 0.38359375 0.0984375 0.10078125
0 0.7859375 0.48046875 0.16796875 0.165625
0 0.953125 0.5953125 0.09375 0.125
0 0.87734375 0.828125 0.071875 0.0578125
0 0.92578125 0.2390625 0.10546875 0.1515625
0 0.75390625 0.15859375 0.14453125 0.16328125
0 0.61796875 0.24375 0.1609375 0.15625
0 0.49375 0.15234375 0.06953125 0.0671875
0 0.38828125 0.15390625 0.09375 0.084375
0 0.29296875 0.025 0.10078125 0.01953125
0 0.1578125 0.0515625 0.06484375 0.03359375
0 0.05625 0.096875 0.1125 0.103125
0 0.01328125 0.1140625 0.0265625 0.09140625
0 0.0953125 0.28984375 0.05078125 0.0578125
0 0.6234375 0.06875 0.0671875 0.071875
0 0.98515625 0.928125 0.0296875 0.03125