0 0.03359375 0.18515625 0.0671875 0.1453125
0 0.128125 0.13125 0.15625 0.15625
0 0.1421875 0.23828125 0.0984375 0.10078125
0 0.31015625 0.0484375 0.1140625 0.096875
0 0.42265625 0.31640625 0.10546875 0.10546875
0 0.11796875 0.3765625 0.1703125 0.046875
0 0.5421875 0.3796875 0.09375 0.040625
0 0.509375 0.25546875 0.10078125 0.10078125
0 0.57265625 0.21328125 0.0328125 0.0984375
0 0.5328125 0.1328125 0.06953125 0.0671875
0 0.3828125 0.10390625 0.07421875 0.07421875
0 0.43828125 0.07890625 0.053125 0.053125
0 0.88125 0.14609375 0.2375 0.2921875
0 0.0984375 0.9609375 0.1625 0.078125
0 0.25078125 0.61171875 0.0984375 0.103125
0 0.15 0.5671875 0.14921875 0.1421875
0 0.075 0.62734375 0.1296875 0.13203125
0 0.3328125 0.79921875 0.125 0.13203125
0 0.94765625 0.6140625 0.1046875 0.103125
0 0.7984375 0.5296875 0.06015625 0.0625
0 0.76796875 0.74140625 0.0984375 0.09140625
0 0.6203125 0.49375 0.0625 0.10625
0 0.9578125 0.42734375 0.0359375 0.04296875
0 0.9234375 0.484375 0.03828125 0.0484375
0 0.5984375 0.9421875 0.01875 0.053125