0 0.0265625 0.98671875 0.053125 0.0265625
0 0.02734375 0.96796875 0.0546875 0.0578125
0 0.06640625 0.915625 0.0625 0.0671875
0 0.04296875 0.57265625 0.0859375 0.1171875
0 0.1078125 0.490625 0.10546875 0.0765625
0 0.1875 0.42890625 0.12734375 0.0984375
0 0.26171875 0.29296875 0.12734375 0.11796875
0 0.353125 0.3703125 0.0671875 0.08671875
0 0.00390625 0.14921875 0.00703125 0.09140625
0 0.02421875 0.09765625 0.0484375 0.09375
0 0.08515625 0.09609375 0.0671875 0.05546875
0 0.35234375 0.0953125 0.0890625 0.084375
0 0.65390625 0.2390625 0.08671875 0.0796875
0 0.4828125 0.5484375 0.13203125 0.134375
0 0.725 0.81015625 0.11328125 0.0890625
0 0.7515625 0.91328125 0.13671875 0.11796875
0 0.853125 0.859375 0.0890625 0.09140625
0 0.8390625 0.2296875 0.084375 0.08671875
0 0.89453125 0.1875 0.053125 0.04296875
0 0.68359375 0.1296875 0.08203125 0.0765625
0 0.7359375 0.0328125 0.08671875 0.06484375
0 0.61328125 0.0171875 0.06953125 0.03359375
0 0.46171875 0.09609375 0.06015625 0.05546875
0 0.49140625 0.03828125 0.0453125 0.03828125
0 0.390625 0.99609375 0.071875 0.00703125