0 0.03984375 0.409375 0.0796875 0.09375
0 0.090625 0.51015625 0.1125 0.0578125
0 0.17421875 0.4640625 0.06015625 0.08203125
0 0.290625 0.29609375 0.11796875 0.12734375
0 0.6140625 0.51796875 0.146875 0.0421875
0 0.51171875 0.08671875 0.07421875 0.06484375
0 0.925 0.3921875 0.06015625 0.053125
0 0.96953125 0.246875 0.0609375 0.06875
0 0.209375 0.721875 0.41875 0.365625
0 0.2140625 0.95234375 0.09375 0.0953125
0 0.309375 0.91875 0.103125 0.09375
0 0.46875 0.875 0.1 0.15
0 0.90859375 0.99140625 0.0578125 0.0171875
0 0.96796875 0.78046875 0.0640625 0.0796875
0 0.94140625 0.59140625 0.1171875 0.1046875
0 0.5421875 0.678125 0.03828125 0.053125
0 0.51015625 0.54921875 0.0578125 0.0203125
0 0.85859375 0.61875 0.09140625 0.06953125
0 0.615625 0.82265625 0.053125 0.05078125