0 0.38359375 0.33671875 0.1328125 0.1265625
0 0.1671875 0.184375 0.0578125 0.05546875
0 0.165625 0.1015625 0.103125 0.09375
0 0.5171875 0.015625 0.103125 0.03125
0 0.50390625 0.13515625 0.1296875 0.1046875
0 0.615625 0.14609375 0.09375 0.1046875
0 0.95625 0.00859375 0.065625 0.0171875
0 0.90546875 0.02265625 0.0453125 0.0453125
0 0.71640625 0.3375 0.05078125 0.05546875
0 0.634375 0.371875 0.0625 0.05625
0 0.10625 0.64921875 0.15859375 0.13671875
0 0.42890625 0.48671875 0.0796875 0.09140625
0 0.10390625 0.47109375 0.0796875 0.06953125
0 0.26171875 0.5046875 0.07421875 0.05546875
0 0.34609375 0.5953125 0.0796875 0.0578125
0 0.353125 0.7203125 0.103125 0.115625
0 0.09609375 0.95546875 0.071875 0.071875
0 0.03203125 0.87265625 0.0640625 0.0671875
0 0.00859375 0.76015625 0.0171875 0.0703125
0 0.04296875 0.7828125 0.07421875 0.06015625
0 0.89453125 0.940625 0.071875 0.071875
0 0.7328125 0.86484375 0.07421875 0.0796875