0 0.1828125 0.2296875 0.365625 0.459375
0 0.38515625 0.23203125 0.1078125 0.1296875
0 0.34375 0.1296875 0.18515625 0.18515625
0 0.4921875 0.07421875 0.09140625 0.09140625
0 0.565625 0.103125 0.1296875 0.134375
0 0.62890625 0.10703125 0.06484375 0.0765625
0 0.69765625 0.31953125 0.10546875 0.103125
0 0.8609375 0.3203125 0.0984375 0.103125
0 0.90546875 0.4078125 0.1203125 0.103125
0 0.9421875 0.10390625 0.115625 0.2078125
0 0.79296875 0.1671875 0.10078125 0.10546875
0 0.77109375 0.04296875 0.08671875 0.08203125
0 0.5859375 0.24765625 0.0625 0.0671875
0 0.2859375 0.615625 0.30625 0.3125
0 0.0625 0.80625 0.09140625 0.084375
0 0.30390625 0.9546875 0.1109375 0.090625
0 0.54609375 0.6453125 0.2140625 0.371875
0 0.696875 0.9265625 0.125 0.1078125
0 0.7203125 0.821875 0.24296875 0.2140625
0 0.74765625 0.48046875 0.0609375 0.0421875
0 0.9890625 0.553125 0.021875 0.103125
0 0.87109375 0.5921875 0.2421875 0.265625
0 0.55859375 0.98359375 0.0453125 0.0328125
0 0.45859375 0.85703125 0.0390625 0.0546875
0 0.496875 0.90234375 0.0484375 0.053125
0 0.9125 0.94921875 0.05546875 0.0578125
0 0.971875 0.98984375 0.053125 0.0203125
0 0.93828125 0.784375 0.053125 0.06015625
0 0.86953125 0.7484375 0.0671875 0.0671875
0 0.84921875 0.8171875 0.0453125 0.06015625