0 0.59140625 0.740625 0.1921875 0.19453125
0 0.4328125 0.36875 0.5671875 0.56953125
0 0.18359375 0.29296875 0.240625 0.240625
0 0.2359375 0.16015625 0.14453125 0.14453125
0 0.1703125 0.78515625 0.1203125 0.12265625
0 0.96484375 0.6609375 0.06953125 0.10546875
0 0.91796875 0.6078125 0.10546875 0.10546875
0 0.80546875 0.7515625 0.13671875 0.1390625
0 0.71171875 0.9046875 0.11796875 0.11796875
0 0.64453125 0.8265625 0.15625 0.15625
0 0.4515625 0.71484375 0.10546875 0.10546875
0 0.74609375 0.37265625 0.1296875 0.1296875
0 0.69375 0.2703125 0.18515625 0.18515625
0 0.8265625 0.3015625 0.0890625 0.0890625
0 0.21640625 0.67578125 0.125 0.125