0 0.24296875 0.50390625 0.18046875 0.1875
0 0.6453125 0.48203125 0.53359375 0.54296875
0 0.8015625 0.275 0.22109375 0.2328125
0 0.91015625 0.36796875 0.13671875 0.13671875
0 0.3453125 0.0921875 0.11328125 0.115625
0 0.1828125 0.89765625 0.10078125 0.0984375
0 0.2546875 0.85546875 0.09609375 0.103125
0 0.15859375 0.70078125 0.12734375 0.134375
0 0.053125 0.56015625 0.10546875 0.10546875
0 0.14453125 0.52265625 0.146875 0.146875
0 0.3140625 0.38125 0.10078125 0.10078125
0 0.53515625 0.775 0.1203125 0.12265625
0 0.64921875 0.7609375 0.1734375 0.18046875
0 0.5734375 0.8765625 0.084375 0.08671875
0 0.43359375 0.1734375 0.1203125 0.115625