0 0.24609375 0.33515625 0.0765625 0.071875
0 0.603125 0.259375 0.1296875 0.1515625
0 0.65625 0.24140625 0.05546875 0.0578125
0 0.728125 0.1703125 0.09609375 0.103125
0 0.77421875 0.203125 0.04296875 0.05078125
0 0.80390625 0.1234375 0.07421875 0.084375
0 0.78984375 0.02265625 0.06484375 0.0453125
0 0.665625 0.02265625 0.0671875 0.0453125
0 0.60078125 0.01796875 0.040625 0.0359375
0 0.24765625 0.06484375 0.07421875 0.06015625
0 0.24296875 0.646875 0.07421875 0.084375
0 0.17421875 0.5890625 0.0671875 0.0671875
0 0.1046875 0.56953125 0.05546875 0.06484375
0 0.1359375 0.91484375 0.05546875 0.0578125
0 0.17890625 0.98046875 0.0484375 0.03828125
0 0.328125 0.99765625 0.0453125 0.0046875
0 0.70078125 0.9015625 0.0625 0.06015625
0 0.77265625 0.8578125 0.05546875 0.06484375
0 0.72265625 0.6578125 0.13671875 0.13671875
0 0.8015625 0.6234375 0.0765625 0.07421875
0 0.62265625 0.63671875 0.06015625 0.0671875
0 0.740625 0.35 0.07421875 0.07421875
0 0.50234375 0.18515625 0.0578125 0.06015625
0 0.40390625 0.12734375 0.0578125 0.05546875
0 0.421875 0.16484375 0.053125 0.05078125
0 0.15625 0.39453125 0.0796875 0.08203125
0 0.91015625 0.359375 0.05546875 0.05078125
0 0.578125 0.6765625 0.0453125 0.0484375
0 0.43125 0.79453125 0.0484375 0.053125
0 0.3484375 0.7515625 0.0671875 0.0671875
0 0.36171875 0.6578125 0.0453125 0.0484375
0 0.9265625 0.775 0.04296875 0.0453125
0 0.953125 0.725 0.06484375 0.0671875
0 0.9875 0.8171875 0.025 0.053125