0 0.43203125 0.28515625 0.0765625 0.071875
0 0.075 0.3609375 0.1296875 0.1515625
0 0.02421875 0.37890625 0.0484375 0.0578125
0 0.02265625 0.596875 0.0453125 0.04375
0 0.0765625 0.6015625 0.040625 0.034375
0 0.43046875 0.55546875 0.07421875 0.06015625
0 0.49453125 0.03203125 0.0484375 0.0640625
0 0.0546875 0.00859375 0.059375 0.0171875
0 0.17578125 0.43515625 0.0578125 0.06015625
0 0.27421875 0.49296875 0.0578125 0.05546875
0 0.25625 0.45546875 0.053125 0.05078125
0 0.5 0.225 0.0375 0.08125
0 0.740625 0.50390625 0.15859375 0.13671875
0 0.73828125 0.32578125 0.0796875 0.06953125
0 0.57265625 0.36640625 0.07421875 0.0625
0 0.89609375 0.359375 0.07421875 0.05546875
0 0.9703125 0.44921875 0.059375 0.0578125
0 0.96796875 0.56796875 0.0640625 0.1015625
0 0.61171875 0.59921875 0.0796875 0.0390625
0 0.6765625 0.6125 0.075 0.0125
0 0.40234375 0.71640625 0.0796875 0.084375
0 0.3375 0.7453125 0.10546875 0.1078125
0 0.2609375 0.96328125 0.1125 0.0734375
0 0.03671875 0.95859375 0.071875 0.07421875
0 0.0171875 0.86015625 0.034375 0.0921875
0 0.0921875 0.81796875 0.09375 0.084375
0 0.04296875 0.7875 0.0578125 0.0625
0 0.4328125 0.63984375 0.065625 0.0421875
0 0.36640625 0.64453125 0.0546875 0.0515625
0 0.07265625 0.6609375 0.1109375 0.084375
0 0.96796875 0.9625 0.0640625 0.075
0 0.72421875 0.69921875 0.0625 0.04296875