0 0.37734375 0.14375 0.09375 0.08671875
0 0.03359375 0.2640625 0.0671875 0.178125
0 0.04609375 0.13984375 0.06953125 0.06953125
0 0.11171875 0.0328125 0.06953125 0.06484375
0 0.1140625 0.07734375 0.0625 0.06015625
0 0.4296875 0.509375 0.040625 0.05625
0 0.54921875 0.2296875 0.17578125 0.1703125
0 0.465625 0.4375 0.03125 0.16875
0 0.5640625 0.434375 0.0984375 0.1109375
0 0.61796875 0.47890625 0.07421875 0.07421875
0 0.75859375 0.48984375 0.1703125 0.1984375
0 0.93984375 0.42578125 0.0625 0.06953125
0 0.8453125 0.10234375 0.09375 0.09140625
0 0.90859375 0.1796875 0.1828125 0.28125
0 0.7609375 0.1953125 0.07421875 0.0796875
0 0.57421875 0.571875 0.0578125 0.034375
0 0.06328125 0.6203125 0.0890625 0.0625
0 0.1078125 0.6390625 0.04296875 0.05078125
0 0.13515625 0.61796875 0.03359375 0.04296875
0 0.3234375 0.68828125 0.228125 0.1984375
0 0.39453125 0.81796875 0.03828125 0.04296875
0 0.38359375 0.903125 0.04296875 0.0453125
0 0.31796875 0.89375 0.0890625 0.09140625
0 0.20703125 0.75390625 0.05078125 0.0671875
0 0.04140625 0.7328125 0.0765625 0.0796875
0 0.1046875 0.73828125 0.0578125 0.0671875
0 0.17890625 0.88359375 0.2171875 0.2328125
0 0.24375 0.990625 0.053125 0.01875
0 0.09296875 0.98125 0.0578125 0.0375
0 0.32578125 0.98203125 0.0453125 0.0359375
0 0.92734375 0.6578125 0.1453125 0.1375
0 0.63125 0.89375 0.09140625 0.08203125
0 0.56484375 0.6875 0.0796875 0.0765625
0 0.5796875 0.60625 0.09375 0.034375
0 0.79140625 0.740625 0.06953125 0.071875