0 0.178125 0.06875 0.084375 0.08203125
0 0.575 0.04609375 0.128125 0.0921875
0 0.0828125 0.33671875 0.071875 0.0265625
0 0.01796875 0.32421875 0.0359375 0.0515625
0 0.0734375 0.13125 0.084375 0.09140625
0 0.65625 0.0375 0.034375 0.075
0 0.66328125 0.21171875 0.0484375 0.0671875
0 0.78828125 0.32421875 0.0578125 0.0515625
0 0.04921875 0.6234375 0.0984375 0.115625
0 0.134375 0.575 0.1078125 0.1078125
0 0.1734375 0.6921875 0.103125 0.10546875
0 0.18125 0.8171875 0.1078125 0.115625
0 0.03359375 0.8796875 0.0671875 0.125
0 0.353125 0.9859375 0.134375 0.028125
0 0.58125 0.925 0.115625 0.15
0 0.5796875 0.8125 0.11875 0.228125
0 0.5421875 0.778125 0.11328125 0.11328125
0 0.44609375 0.82421875 0.10546875 0.1078125
0 0.465625 0.89296875 0.10546875 0.115625
0 0.48515625 0.959375 0.0796875 0.08125
0 0.32109375 0.9046875 0.0671875 0.0671875
0 0.55625 0.659375 0.0984375 0.09140625
0 0.35 0.65703125 0.3921875 0.37734375
0 0.30390625 0.56328125 0.13671875 0.1421875
0 0.33515625 0.4421875 0.1390625 0.1421875
0 0.41875 0.515625 0.09140625 0.09375
0 0.4515625 0.39609375 0.10625 0.0921875
0 0.53984375 0.378125 0.1421875 0.05625
0 0.60859375 0.36875 0.0609375 0.0375
0 0.18359375 0.39140625 0.1109375 0.0828125
0 0.25546875 0.36875 0.0828125 0.0375
0 0.9515625 0.37734375 0.096875 0.0546875
0 0.98984375 0.72109375 0.0203125 0.0484375
0 0.92578125 0.9 0.0625 0.0671875
0 0.80546875 0.91640625 0.3328125 0.1671875
0 0.7921875 0.73671875 0.0765625 0.0796875
0 0.86484375 0.75 0.053125 0.0578125
0 0.8078125 0.63359375 0.084375 0.08203125
0 0.9140625 0.571875 0.0578125 0.0484375
0 0.9234375 0.50703125 0.0625 0.0578125
0 0.84921875 0.50234375 0.05546875 0.0453125
0 0.6578125 0.39140625 0.0375 0.0828125
0 0.7 0.61796875 0.06015625 0.05546875