0 0.2703125 0.21640625 0.06953125 0.0625
0 0.2859375 0.11171875 0.06953125 0.084375
0 0.20859375 0.0375 0.071875 0.06484375
0 0.11171875 0.2671875 0.1078125 0.115625
0 0.01171875 0.23359375 0.0234375 0.0578125
0 0.0421875 0.41328125 0.084375 0.1109375
0 0.2703125 0.3921875 0.06484375 0.07421875
0 0.34921875 0.16640625 0.0203125 0.0640625
0 0.1546875 0.12890625 0.09140625 0.0796875
0 0.20078125 0.1828125 0.06015625 0.06953125
0 0.146875 0.01875 0.05 0.0375
0 0.296875 0.303125 0.0484375 0.040625
0 0.296875 0.26953125 0.0578125 0.0578125
0 0.3484375 0.38046875 0.021875 0.0390625
0 0.684375 0.4109375 0.053125 0.053125
0 0.74140625 0.2453125 0.0578125 0.0578125
0 0.58203125 0.2671875 0.03359375 0.0578125
0 0.63984375 0.053125 0.040625 0.071875
0 0.2640625 0.96328125 0.13125 0.0734375
0 0.32109375 0.525 0.0765625 0.084375
0 0.5 0.884375 0.09609375 0.0984375
0 0.54921875 0.55390625 0.08671875 0.09375
0 0.75234375 0.57890625 0.09140625 0.0984375
0 0.825 0.56015625 0.03828125 0.04296875
0 0.90234375 0.9734375 0.0703125 0.053125
0 0.9671875 0.9015625 0.065625 0.08125
0 0.9421875 0.61875 0.0625 0.0671875
0 0.82109375 0.79765625 0.084375 0.053125