0 0.10859375 0.31015625 0.0671875 0.09609375
0 0.16796875 0.13046875 0.05546875 0.0484375
0 0.19609375 0.0359375 0.0890625 0.071875
0 0.89921875 0.47578125 0.1453125 0.1265625
0 0.98125 0.45859375 0.0375 0.1609375
0 0.546875 0.5046875 0.065625 0.06875
0 0.5328125 0.35078125 0.0765625 0.08203125
0 0.4734375 0.43984375 0.0765625 0.071875
0 0.425 0.3671875 0.03125 0.053125
0 0.41796875 0.29296875 0.0171875 0.0921875
0 0.7640625 0.165625 0.09140625 0.09140625
0 0.74375 0.08515625 0.0890625 0.0890625
0 0.7375 0.02421875 0.103125 0.0484375
0 0.853125 0.03359375 0.09375 0.0671875
0 0.940625 0.1734375 0.084375 0.08203125
0 0.97734375 0.315625 0.0453125 0.121875
0 0.853125 0.3703125 0.0765625 0.0890625
0 0.22890625 0.73828125 0.3609375 0.3984375
0 0.13984375 0.55390625 0.1171875 0.0296875
0 0.95234375 0.71953125 0.0953125 0.1109375
0 0.95 0.60234375 0.1 0.1265625
0 0.42890625 0.78359375 0.0390625 0.0984375
0 0.53359375 0.8921875 0.0796875 0.09375
0 0.9578125 0.92109375 0.084375 0.0890625
0 0.49140625 0.74921875 0.0984375 0.10078125
0 0.509375 0.584375 0.071875 0.0671875
0 0.765625 0.6296875 0.0671875 0.071875
0 0.6546875 0.63984375 0.08203125 0.0765625