0 0.78984375 0.259375 0.4046875 0.51875
0 0.51953125 0.36328125 0.0671875 0.09609375
0 0.46015625 0.18359375 0.05546875 0.0484375
0 0.43125 0.08046875 0.0890625 0.0890625
0 0.15390625 0.8421875 0.06953125 0.09140625
0 0.39765625 0.9640625 0.1421875 0.071875
0 0.978125 0.96875 0.04296875 0.0625
0 0.5625 0.6140625 0.071875 0.05546875
0 0.7953125 0.5734375 0.06015625 0.0578125
0 0.853125 0.75859375 0.06015625 0.053125
0 0.7078125 0.77265625 0.0578125 0.0578125
0 0.740625 0.8765625 0.06953125 0.0625
0 0.81953125 0.98203125 0.084375 0.0359375
0 0.14453125 0.99375 0.06953125 0.01171875
0 0.22109375 0.84140625 0.06953125 0.09375
0 0.02421875 0.571875 0.0484375 0.06484375
0 0.0171875 0.40859375 0.03359375 0.09140625
0 0.1625 0.3484375 0.0671875 0.0671875
0 0.08984375 0.275 0.0453125 0.05546875
0 0.11796875 0.13671875 0.0671875 0.06015625
0 0.14921875 0.03125 0.0453125 0.04296875
0 0.490625 0.82578125 0.0484375 0.0578125