0 0.09921875 0.32578125 0.1984375 0.2265625
0 0.26640625 0.3640625 0.06484375 0.09375
0 0.22421875 0.1203125 0.06953125 0.05546875
0 0.01484375 0.15859375 0.0296875 0.0578125
0 0.55859375 0.0515625 0.2140625 0.103125
0 0.71953125 0.059375 0.1203125 0.11875
0 0.68984375 0.12734375 0.08203125 0.08203125
0 0.596875 0.3234375 0.08203125 0.08203125
0 0.83828125 0.35703125 0.1390625 0.1390625
0 0.90703125 0.409375 0.0796875 0.059375
0 0.909375 0.2578125 0.18125 0.321875
0 0.11796875 0.48984375 0.0796875 0.07421875
0 0.146875 0.7640625 0.08203125 0.09140625
0 0.15 0.8890625 0.0765625 0.0890625
0 0.4015625 0.9296875 0.05625 0.084375
0 0.021875 0.7375 0.04375 0.05625
0 0.9515625 0.78125 0.096875 0.221875
0 0.66328125 0.76953125 0.4671875 0.4609375
0 0.49296875 0.553125 0.1265625 0.1375
0 0.69609375 0.484375 0.1390625 0.090625