0 0.15546875 0.375 0.06484375 0.09375
0 0.2109375 0.54765625 0.053125 0.0421875
0 0.11328125 0.13125 0.06953125 0.05546875
0 0.49921875 0.38984375 0.06484375 0.0671875
0 0.7546875 0.06171875 0.0671875 0.0625
0 0.5671875 0.13515625 0.05625 0.1703125
0 0.60390625 0.246875 0.07421875 0.06953125
0 0.55703125 0.5234375 0.0359375 0.08125
0 0.82421875 0.36171875 0.0578125 0.0765625
0 0.84921875 0.25625 0.084375 0.08203125
0 0.065625 0.60078125 0.115625 0.0640625
0 0.16328125 0.64765625 0.1421875 0.11328125
0 0.2859375 0.7140625 0.0796875 0.0796875
0 0.34140625 0.68515625 0.06953125 0.0796875
0 0.375 0.87265625 0.2328125 0.22578125
0 0.7765625 0.5828125 0.096875 0.028125
0 0.6828125 0.74609375 0.0890625 0.084375
0 0.9265625 0.7078125 0.0984375 0.07421875
0 0.9078125 0.8984375 0.0359375 0.05078125
0 0.728125 0.8375 0.0359375 0.0578125
0 0.65390625 0.83984375 0.07421875 0.0765625
0 0.9171875 0.60390625 0.053125 0.053125