0 0.44609375 0.52421875 0.0453125 0.1015625
0 0.0453125 0.1390625 0.0578125 0.084375
0 0.44453125 0.06171875 0.0484375 0.0796875
0 0.95546875 0.34375 0.0890625 0.084375
0 0.959375 0.28046875 0.05546875 0.06015625
0 0.6375 0.0171875 0.103125 0.034375
0 0.5953125 0.2359375 0.07421875 0.071875
0 0.73984375 0.0171875 0.0734375 0.034375
0 0.90390625 0.15078125 0.0625 0.0671875
0 0.49765625 0.434375 0.0578125 0.134375
0 0.42890625 0.95546875 0.0796875 0.0890625
0 0.4546875 0.66015625 0.028125 0.0921875
0 0.43828125 0.840625 0.0609375 0.1125
0 0.94375 0.6390625 0.1125 0.078125
0 0.653125 0.91171875 0.284375 0.1765625
0 0.82265625 0.98515625 0.1109375 0.0296875
0 0.5984375 0.61171875 0.071875 0.0234375