0 0.4078125 0.915625 0.09140625 0.09140625
0 0.4953125 0.86640625 0.19453125 0.19921875
0 0.63359375 0.6921875 0.178125 0.196875
0 0.709375 0.39921875 0.1421875 0.14921875
0 0.44375 0.3859375 0.125 0.14453125
0 0.1359375 0.76328125 0.10078125 0.10078125
0 0.2125 0.790625 0.103125 0.11328125
0 0.1578125 0.68359375 0.0890625 0.08671875
0 0.021875 0.5109375 0.04296875 0.11328125
0 0.1671875 0.41796875 0.18046875 0.20703125
0 0.3890625 0.1140625 0.09609375 0.09609375
0 0.4234375 0.04921875 0.09140625 0.0890625
0 0.49296875 0.02421875 0.0796875 0.0484375
0 0.78359375 0.28359375 0.0671875 0.07421875
0 0.8171875 0.234375 0.06484375 0.0671875
0 0.92890625 0.2296875 0.1421875 0.1515625
0 0.978125 0.23671875 0.04296875 0.1875
0 0.928125 0.39921875 0.09140625 0.09140625
0 0.81015625 0.76171875 0.115625 0.125
0 0.81015625 0.9515625 0.0984375 0.09609375
0 0.93984375 0.665625 0.09140625 0.1203125
0 0.41328125 0.66015625 0.08671875 0.08671875