0 0.23671875 0.18828125 0.0734375 0.0609375
0 0.90390625 0.196875 0.0671875 0.04375
0 0.8140625 0.16484375 0.09375 0.0984375
0 0.20546875 0.76640625 0.27890625 0.271875
0 0.07421875 0.90234375 0.0890625 0.09140625
0 0.04375 0.77578125 0.0875 0.0953125
0 0.05 0.52265625 0.071875 0.0765625
0 0.209375 0.5109375 0.103125 0.0890625
0 0.271875 0.578125 0.0578125 0.0625
0 0.4515625 0.5671875 0.0890625 0.07421875
0 0.5109375 0.56953125 0.05078125 0.06484375
0 0.4734375 0.49296875 0.0625 0.0765625
0 0.42421875 0.8625 0.0765625 0.0625
0 0.534375 0.375 0.06875 0.090625
0 0.353125 0.39140625 0.11328125 0.11796875
0 0.4046875 0.31484375 0.0671875 0.084375
0 0.07890625 0.409375 0.07421875 0.071875
0 0.10234375 0.33046875 0.0984375 0.06953125
0 0.02734375 0.23984375 0.0546875 0.0421875
0 0.61796875 0.98984375 0.0484375 0.0203125
0 0.75 0.5125 0.1296875 0.13671875
0 0.8296875 0.5671875 0.0453125 0.0671875
0 0.82265625 0.65625 0.0671875 0.0671875
0 0.92421875 0.55859375 0.0796875 0.06484375
0 0.6078125 0.278125 0.078125 0.11875
0 0.65859375 0.31796875 0.05078125 0.0671875
0 0.89453125 0.778125 0.053125 0.06015625
0 0.8359375 0.840625 0.05546875 0.0578125