0 0.5328125 0.16953125 0.0671875 0.0625
0 0.59375 0.2328125 0.14453125 0.13671875
0 0.6609375 0.41015625 0.125 0.1390625
0 0.634375 0.6625 0.103125 0.103125
0 0.396875 0.59609375 0.08671875 0.103125
0 0.2453125 0.2125 0.0765625 0.0671875
0 0.32109375 0.2125 0.07421875 0.0796875
0 0.2390625 0.28125 0.0671875 0.0578125
0 0.0375 0.37109375 0.071875 0.084375
0 0.16328125 0.49296875 0.125 0.146875
0 0.02421875 0.15390625 0.0359375 0.071875
0 0.1515625 0.0625 0.05546875 0.06015625
0 0.26328125 0.79453125 0.071875 0.06484375
0 0.27265625 0.8546875 0.06953125 0.0578125
0 0.32109375 0.9125 0.0578125 0.06484375
0 0.66484375 0.77421875 0.0484375 0.05078125
0 0.678125 0.821875 0.0453125 0.0484375
0 0.77734375 0.8578125 0.1109375 0.103125
0 0.903125 0.909375 0.18125 0.18125
0 0.828125 0.7234375 0.06953125 0.06015625
0 0.8375 0.4046875 0.084375 0.08671875
0 0.89921875 0.25234375 0.071875 0.07421875
0 0.93046875 0.51796875 0.0765625 0.0890625
0 0.45703125 0.37265625 0.06484375 0.0578125