0 0.146875 0.275 0.1296875 0.12734375
0 0.37421875 0.38828125 0.1140625 0.1015625
0 0.55234375 0.23203125 0.0734375 0.0828125
0 0.55625 0.16953125 0.065625 0.0734375
0 0.5296875 0.10078125 0.07421875 0.0796875
0 0.14296875 0.15625 0.0625 0.0625
0 0.140625 0.103125 0.0578125 0.0578125
0 0.05703125 0.05390625 0.1140625 0.1078125
0 0.734375 0.37578125 0.165625 0.1265625
0 0.90390625 0.009375 0.0734375 0.01875
0 0.36796875 0.48671875 0.2421875 0.0953125
0 0.4390625 0.65234375 0.3 0.4140625
0 0.434375 0.95703125 0.159375 0.0859375
0 0.2203125 0.8625 0.346875 0.275
0 0.2171875 0.62421875 0.15859375 0.15390625
0 0.578125 0.85859375 0.021875 0.0890625
0 0.5515625 0.94140625 0.075 0.1015625
0 0.3140625 0.51015625 0.09140625 0.09140625
0 0.44921875 0.8078125 0.0671875 0.06484375
0 0.06875 0.7234375 0.0578125 0.05546875
0 0.61015625 0.51796875 0.0421875 0.0609375
0 0.95546875 0.5109375 0.0890625 0.134375
0 0.9734375 0.9234375 0.053125 0.11875
0 0.9125 0.8859375 0.05078125 0.0578125
0 0.86015625 0.915625 0.03828125 0.040625
0 0.6953125 0.99140625 0.0375 0.0171875
0 0.62109375 0.946875 0.0578125 0.0578125
0 0.65234375 0.8578125 0.03828125 0.040625