0 0.5421875 0.5515625 0.15625 0.16328125
0 0.56640625 0.6546875 0.084375 0.08671875
0 0.490625 0.7078125 0.09609375 0.10546875
0 0.44375 0.74375 0.09140625 0.09609375
0 0.28828125 0.84140625 0.15390625 0.15390625
0 0.41796875 0.953125 0.14453125 0.09375
0 0.1109375 0.359375 0.12734375 0.12734375
0 0.42578125 0.2125 0.13203125 0.13671875
0 0.50859375 0.15234375 0.0890625 0.09375
0 0.5953125 0.08984375 0.09140625 0.09375
0 0.72734375 0.0296875 0.0828125 0.059375
0 0.77421875 0.06015625 0.084375 0.08671875
0 0.853125 0.1515625 0.071875 0.084375
0 0.9578125 0.48046875 0.084375 0.09140625
0 0.75859375 0.6109375 0.10078125 0.10078125
0 0.68984375 0.665625 0.07421875 0.071875
0 0.771875 0.709375 0.084375 0.0890625
0 0.921875 0.759375 0.08671875 0.084375
0 0.51171875 0.8796875 0.06953125 0.071875
0 0.28046875 0.96953125 0.0671875 0.0609375
0 0.3765625 0.42890625 0.0890625 0.09375
0 0.0296875 0.4703125 0.059375 0.065625