0 0.478125 0.240625 0.08125 0.096875
0 0.3328125 0.18125 0.14453125 0.15859375
0 0.3140625 0.2640625 0.059375 0.05
0 0.12734375 0.07578125 0.084375 0.0765625
0 0.203125 0.1390625 0.15625 0.1703125
0 0.42578125 0.034375 0.1265625 0.06875
0 0.553125 0.25 0.0625 0.06953125
0 0.5671875 0.17890625 0.053125 0.0484375
0 0.53671875 0.08828125 0.0359375 0.0578125
0 0.70078125 0.0796875 0.2671875 0.159375
0 0.87890625 0.265625 0.0796875 0.046875
0 0.92734375 0.27578125 0.0484375 0.0265625
0 0.73984375 0.28203125 0.0484375 0.0140625
0 0.66875 0.2671875 0.06875 0.04375
0 0.825 0.16796875 0.0765625 0.0578125
0 0.48046875 0.77109375 0.0765625 0.1296875
0 0.39296875 0.7796875 0.0984375 0.10078125
0 0.4609375 0.8828125 0.09140625 0.09140625
0 0.31484375 0.72265625 0.15625 0.15390625
0 0.23125 0.68125 0.13671875 0.13671875
0 0.11796875 0.94765625 0.2359375 0.1046875
0 0.04609375 0.72734375 0.0921875 0.1921875
0 0.15234375 0.4078125 0.1421875 0.1421875
0 0.05234375 0.41875 0.0890625 0.09140625
0 0.25703125 0.4515625 0.103125 0.103125
0 0.275 0.521875 0.09375 0.09375
0 0.03671875 0.54921875 0.0734375 0.0765625
0 0.55 0.6890625 0.0625 0.2875
0 0.58046875 0.55 0.1234375 0.13125
0 0.853125 0.375 0.2234375 0.1609375
0 0.95078125 0.546875 0.0984375 0.271875
0 0.778125 0.80078125 0.165625 0.17578125
0 0.73125 0.9515625 0.134375 0.096875
0 0.71875 0.578125 0.18515625 0.2046875