0 0.15390625 0.18828125 0.3078125 0.2609375
0 0.29609375 0.20859375 0.1078125 0.1015625
0 0.01640625 0.21953125 0.0328125 0.1203125
0 0.009375 0.11484375 0.01875 0.0828125
0 0.4 0.29375 0.1 0.05
0 0.5203125 0.09765625 0.340625 0.1953125
0 0.6890625 0.05625 0.0625 0.06015625
0 0.74296875 0.096875 0.103125 0.1078125
0 0.65078125 0.22109375 0.1109375 0.11328125
0 0.84296875 0.2859375 0.1203125 0.065625
0 0.57109375 0.2640625 0.0484375 0.05546875
0 0.0375 0.85390625 0.075 0.0921875
0 0.175 0.66953125 0.0625 0.0625
0 0.1546875 0.59375 0.11328125 0.1109375
0 0.14140625 0.459375 0.08203125 0.08203125
0 0.19296875 0.359375 0.06484375 0.0671875
0 0.36953125 0.628125 0.0390625 0.125
0 0.42265625 0.58515625 0.1078125 0.103125
0 0.5046875 0.54296875 0.0625 0.0625
0 0.66640625 0.5734375 0.1390625 0.14453125
0 0.79375 0.67734375 0.1078125 0.134375
0 0.94609375 0.68359375 0.1078125 0.1390625
0 0.778125 0.46875 0.071875 0.07421875
0 0.71875 0.3421875 0.05 0.046875
0 0.6125 0.84609375 0.14453125 0.1109375
0 0.54296875 0.9171875 0.08203125 0.103125
0 0.5734375 0.9734375 0.0625 0.053125
0 0.68203125 0.96875 0.0890625 0.0625