0 0.13359375 0.290625 0.2671875 0.28125
0 0.2921875 0.315625 0.09375 0.0796875
0 0.41484375 0.04375 0.1609375 0.0875
0 0.465625 0.121875 0.13203125 0.1078125
0 0.0109375 0.23359375 0.021875 0.0984375
0 0.14609375 0.45625 0.0796875 0.025
0 0.39921875 0.38984375 0.08671875 0.0796875
0 0.51328125 0.27265625 0.040625 0.0484375
0 0.5546875 0.20390625 0.009375 0.0453125
0 0.02109375 0.13671875 0.0421875 0.0671875
0 0.61875 0.06875 0.11875 0.1375
0 0.63046875 0.15703125 0.13671875 0.13671875
0 0.7859375 0.08125 0.10078125 0.10078125
0 0.7234375 0.10078125 0.08671875 0.08671875
0 0.659375 0.3328125 0.09375 0.09375
0 0.5828125 0.33671875 0.046875 0.0921875
0 0.94609375 0.13203125 0.1078125 0.1984375
0 0.08203125 0.8828125 0.10078125 0.103125
0 0.03203125 0.63359375 0.0640625 0.0796875
0 0.33046875 0.88046875 0.05078125 0.0578125
0 0.5078125 0.77109375 0.08203125 0.0671875
0 0.31171875 0.49921875 0.0796875 0.0609375
0 0.5328125 0.565625 0.053125 0.0625
0 0.3859375 0.65234375 0.06015625 0.0671875
0 0.20703125 0.7390625 0.040625 0.040625
0 0.240625 0.70390625 0.04296875 0.0453125
0 0.90859375 0.96015625 0.0984375 0.0796875
0 0.65546875 0.9515625 0.1328125 0.096875
0 0.58203125 0.76328125 0.0453125 0.0796875
0 0.80625 0.7796875 0.15390625 0.165625
0 0.725 0.784375 0.053125 0.06484375
0 0.6921875 0.75390625 0.0484375 0.053125
0 0.63828125 0.50234375 0.1296875 0.0671875
0 0.79375 0.49296875 0.11875 0.0484375
0 0.98984375 0.59609375 0.0203125 0.0609375
0 0.96953125 0.9515625 0.0609375 0.096875
0 0.915625 0.54296875 0.0453125 0.06015625