0 0.46875 0.05703125 0.11875 0.1140625
0 0.12578125 0.1125 0.04296875 0.05546875
0 0.25546875 0.08046875 0.05078125 0.05546875
0 0.20234375 0.1125 0.0671875 0.071875
0 0.15 0.209375 0.09140625 0.0984375
0 0.06171875 0.18125 0.05546875 0.0625
0 0.0125 0.153125 0.025 0.06875
0 0.0140625 0.24765625 0.028125 0.0390625
0 0.2796875 0.2375 0.09609375 0.11328125
0 0.11171875 0.2890625 0.1015625 0.08125
0 0.24921875 0.31875 0.0265625 0.021875
0 0.9578125 0.2328125 0.084375 0.19375
0 0.63828125 0.1828125 0.0765625 0.09140625
0 0.30859375 0.709375 0.10546875 0.09609375
0 0.35625 0.896875 0.1109375 0.1078125
0 0.43125 0.81796875 0.071875 0.06953125
0 0.365625 0.98203125 0.0875 0.0359375
0 0.07890625 0.82421875 0.071875 0.0890625
0 0.2203125 0.9296875 0.0890625 0.0890625
0 0.10078125 0.74453125 0.0578125 0.053125
0 0.1578125 0.7421875 0.0625 0.0578125
0 0.03046875 0.6765625 0.0609375 0.0875
0 0.4546875 0.690625 0.09140625 0.08203125
0 0.60859375 0.90859375 0.0578125 0.1296875
0 0.62421875 0.746875 0.0890625 0.146875
0 0.97578125 0.559375 0.0484375 0.125