0 0.2703125 0.1140625 0.059375 0.10625
0 0.0390625 0.07890625 0.05546875 0.0578125
0 0.128125 0.01875 0.065625 0.0375
0 0.84609375 0.3875 0.1296875 0.103125
0 0.6375 0.125 0.271875 0.25
0 0.6296875 0.3234375 0.165625 0.16328125
0 0.534375 0.31015625 0.15859375 0.14921875
0 0.36640625 0.36953125 0.084375 0.084375
0 0.45625 0.20546875 0.09375 0.09375
0 0.471875 0.0984375 0.09140625 0.09140625
0 0.90859375 0.0796875 0.0765625 0.0765625
0 0.77421875 0.41796875 0.1078125 0.0421875
0 0.14765625 0.8828125 0.165625 0.165625
0 0.0546875 0.76875 0.0625 0.0625
0 0.33515625 0.73046875 0.0703125 0.0671875
0 0.91484375 0.84921875 0.0625 0.0671875
0 0.92734375 0.78359375 0.0484375 0.053125
0 0.5453125 0.97890625 0.05 0.0421875
0 0.3984375 0.925 0.04296875 0.0453125
0 0.48984375 0.784375 0.06015625 0.071875