0 0.38671875 0.146875 0.0453125 0.125
0 0.37734375 0.4609375 0.0578125 0.0578125
0 0.315625 0.33828125 0.0671875 0.0671875
0 0.190625 0.34921875 0.1109375 0.1109375
0 0.24609375 0.05625 0.06953125 0.06953125
0 0.22890625 0.1109375 0.0625 0.0625
0 0.74453125 0.090625 0.2390625 0.18125
0 0.88125 0.03828125 0.096875 0.0765625
0 0.9265625 0.09375 0.08203125 0.09140625
0 0.95546875 0.15 0.0625 0.0671875
0 0.87421875 0.2375 0.0671875 0.06484375
0 0.58828125 0.49921875 0.1046875 0.1203125
0 0.7796875 0.5 0.246875 0.11875
0 0.53203125 0.2796875 0.2453125 0.559375
0 0.18828125 0.59765625 0.1078125 0.0765625
0 0.2453125 0.628125 0.08203125 0.11328125
0 0.30859375 0.703125 0.06015625 0.0625
0 0.32421875 0.796875 0.06953125 0.0625
0 0.27109375 0.903125 0.1765625 0.19375
0 0.10078125 0.88125 0.09609375 0.12734375
0 0.70546875 0.75 0.103125 0.11328125
0 0.6234375 0.85078125 0.084375 0.06953125
0 0.4859375 0.9453125 0.10625 0.109375
0 0.509375 0.58359375 0.0625 0.0484375
0 0.615625 0.590625 0.0875 0.0625
0 0.8125 0.82109375 0.04296875 0.0484375
0 0.90859375 0.72265625 0.0484375 0.0484375