0 0.10234375 0.42890625 0.1734375 0.1734375
0 0.01796875 0.309375 0.0359375 0.090625
0 0.0359375 0.18671875 0.071875 0.0984375
0 0.26796875 0.19609375 0.1078125 0.1078125
0 0.16953125 0.10703125 0.11796875 0.11796875
0 0.1796875 0.046875 0.084375 0.08671875
0 0.2765625 0.071875 0.146875 0.14375
0 0.66015625 0.60546875 0.0796875 0.0484375
0 0.9546875 0.44921875 0.07421875 0.08671875
0 0.91640625 0.3375 0.0796875 0.09375
0 0.90546875 0.2640625 0.040625 0.0453125
0 0.98828125 0.13984375 0.0234375 0.0421875
0 0.75625 0.10546875 0.03828125 0.053125
0 0.66640625 0.125 0.0671875 0.05078125
0 0.67421875 0.0859375 0.0359375 0.04296875
0 0.634375 0.015625 0.04375 0.03125
0 0.5234375 0.1609375 0.0453125 0.0359375
0 0.4046875 0.328125 0.109375 0.240625
0 0.68046875 0.3265625 0.334375 0.3296875
0 0.41953125 0.58125 0.06015625 0.0765625
0 0.2578125 0.71171875 0.09609375 0.08671875
0 0.3234375 0.6921875 0.053125 0.125
0 0.1140625 0.89296875 0.209375 0.2140625
0 0.92265625 0.74609375 0.084375 0.1109375
0 0.78125 0.7578125 0.2140625 0.209375
0 0.62578125 0.734375 0.09609375 0.09609375
0 0.6890625 0.6609375 0.059375 0.0625
0 0.77421875 0.640625 0.0421875 0.021875
0 0.36796875 0.7140625 0.0359375 0.0625
0 0.86796875 0.96953125 0.0671875 0.0609375
0 0.96484375 0.63984375 0.0515625 0.0203125
0 0.5515625 0.64765625 0.053125 0.0359375
0 0.51171875 0.646875 0.0578125 0.034375