0 0.42578125 0.03515625 0.0859375 0.0703125
0 0.3640625 0.07265625 0.07421875 0.0796875
0 0.4375 0.1515625 0.0625 0.0875
0 0.31640625 0.3046875 0.11796875 0.1390625
0 0.209375 0.25390625 0.08203125 0.11328125
0 0.04453125 0.271875 0.0890625 0.1875
0 0.1609375 0.0375 0.071875 0.075
0 0.49453125 0.06640625 0.0515625 0.1078125
0 0.7703125 0.1828125 0.19921875 0.19921875
0 0.871875 0.17109375 0.09140625 0.09609375
0 0.97890625 0.18828125 0.0421875 0.0890625
0 0.725 0.0375 0.09375 0.075
0 0.49609375 0.16328125 0.0546875 0.0984375
0 0.5015625 0.225 0.065625 0.10625
0 0.4375 0.5140625 0.0625 0.090625
0 0.16328125 0.66484375 0.13203125 0.1703125
0 0.17890625 0.978125 0.1109375 0.04375
0 0.0265625 0.98046875 0.053125 0.0390625
0 0.375 0.9078125 0.0671875 0.0625
0 0.21015625 0.7890625 0.071875 0.071875
0 0.01953125 0.79140625 0.0390625 0.0609375
0 0.865625 0.578125 0.15625 0.16328125
0 0.84140625 0.475 0.084375 0.08671875
0 0.91640625 0.4515625 0.0953125 0.04375
0 0.9578125 0.91640625 0.084375 0.1359375
0 0.89921875 0.96484375 0.0890625 0.0703125
0 0.5546875 0.96796875 0.071875 0.0640625
0 0.48046875 0.6484375 0.0234375 0.090625
0 0.64921875 0.51875 0.10078125 0.10078125
0 0.7171875 0.46484375 0.075 0.0703125
0 0.6359375 0.446875 0.084375 0.034375