0 0.2921875 0.028125 0.090625 0.05625
0 0.01015625 0.10625 0.0203125 0.084375
0 0.115625 0.0765625 0.05546875 0.07421875
0 0.6109375 0.03671875 0.06484375 0.06953125
0 0.40703125 0.1140625 0.1140625 0.128125
0 0.43671875 0.2578125 0.1109375 0.1109375
0 0.4390625 0.38046875 0.0625 0.0625
0 0.4828125 0.403125 0.0625 0.03125
0 0.64453125 0.3828125 0.06953125 0.06015625
0 0.8515625 0.28046875 0.0578125 0.06015625
0 0.80703125 0.190625 0.0484375 0.0671875
0 0.7953125 0.0734375 0.1078125 0.1078125
0 0.3203125 0.8015625 0.059375 0.25
0 0.0359375 0.88125 0.071875 0.121875
0 0.14765625 0.58203125 0.2953125 0.3265625
0 0.48359375 0.4765625 0.2265625 0.115625
0 0.45078125 0.52265625 0.06953125 0.08671875
0 0.68671875 0.46953125 0.1703125 0.1015625
0 0.7453125 0.4859375 0.0890625 0.084375
0 0.89375 0.4765625 0.146875 0.115625
0 0.98828125 0.47109375 0.0234375 0.1046875
0 0.50703125 0.934375 0.1546875 0.13125
0 0.659375 0.9328125 0.1109375 0.10546875
0 0.76484375 0.97421875 0.1484375 0.0515625
0 0.76484375 0.66015625 0.10078125 0.103125
0 0.65078125 0.615625 0.10078125 0.115625
0 0.85703125 0.603125 0.0796875 0.08671875
0 0.86484375 0.80546875 0.05546875 0.0796875
0 0.92578125 0.8078125 0.07421875 0.07421875