0 0.45546875 0.05625 0.1953125 0.1125
0 0.625 0.0609375 0.125 0.121875
0 0.5078125 0.12265625 0.0765625 0.0796875
0 0.296875 0.0328125 0.115625 0.065625
0 0.26640625 0.0765625 0.1515625 0.146875
0 0.1703125 0.11328125 0.15625 0.15625
0 0.16171875 0.2125 0.0796875 0.0765625
0 0.31953125 0.1703125 0.16796875 0.165625
0 0.678125 0.20390625 0.04375 0.0890625
0 0.521875 0.29140625 0.08125 0.0546875
0 0.746875 0.25078125 0.071875 0.07421875
0 0.7234375 0.20703125 0.046875 0.0796875
0 0.77578125 0.15703125 0.0671875 0.07421875
0 0.8578125 0.18984375 0.0796875 0.07421875
0 0.896875 0.09609375 0.0890625 0.10078125
0 0.81328125 0.07109375 0.071875 0.07421875
0 0.73828125 0.01796875 0.0671875 0.0359375
0 0.21796875 0.90625 0.16796875 0.1703125
0 0.26328125 0.83515625 0.134375 0.13671875
0 0.4890625 0.73203125 0.11328125 0.115625
0 0.48359375 0.97578125 0.1140625 0.0484375
0 0.66015625 0.87109375 0.0796875 0.1109375
0 0.671875 0.78984375 0.05625 0.1765625
0 0.0484375 0.89921875 0.096875 0.1140625
0 0.02734375 0.98671875 0.0546875 0.0265625
0 0.0671875 0.76328125 0.11796875 0.11796875
0 0.18359375 0.3859375 0.1546875 0.134375
0 0.41015625 0.45546875 0.14921875 0.14921875
0 0.54609375 0.3546875 0.1046875 0.071875
0 0.63359375 0.39453125 0.1328125 0.1515625
0 0.59765625 0.33984375 0.1828125 0.0421875
0 0.47890625 0.33203125 0.0984375 0.0265625
0 0.0203125 0.640625 0.040625 0.09375
0 0.13828125 0.68671875 0.08203125 0.08203125
0 0.2765625 0.665625 0.0890625 0.0890625
0 0.46328125 0.6265625 0.1078125 0.1078125
0 0.07265625 0.5890625 0.08203125 0.0796875
0 0.75625 0.63671875 0.06015625 0.071875
0 0.82265625 0.7625 0.071875 0.084375
0 0.82734375 0.84375 0.0796875 0.0796875
0 0.9296875 0.74375 0.040625 0.0578125
0 0.96484375 0.7875 0.0703125 0.06875
0 0.9390625 0.55703125 0.0796875 0.0796875
0 0.93046875 0.3484375 0.05078125 0.0578125
0 0.82265625 0.9890625 0.0765625 0.021875
0 0.88984375 0.921875 0.0453125 0.05546875