0 0.49140625 0.6265625 0.2640625 0.2671875
0 0.72578125 0.7828125 0.1390625 0.13671875
0 0.8921875 0.66484375 0.1203125 0.1203125
0 0.8265625 0.57421875 0.1078125 0.1078125
0 0.490625 0.2765625 0.26171875 0.26171875
0 0.64921875 0.1765625 0.125 0.125
0 0.78515625 0.23671875 0.115625 0.115625
0 0.54453125 0.0015625 0.19921875 0.00234375
0 0.43046875 0.07109375 0.08203125 0.08203125
0 0.4203125 0.00625 0.084375 0.01171875
0 0.3015625 0.06640625 0.08203125 0.08203125
0 0.303125 0.2671875 0.09609375 0.09609375
0 0.00625 0.42578125 0.01171875 0.15390625
0 0.05078125 0.5515625 0.10078125 0.2234375
0 0.06015625 0.6828125 0.1203125 0.12734375
0 0.2140625 0.7359375 0.1515625 0.1515625
0 0.27890625 0.60234375 0.10078125 0.10078125
0 0.1890625 0.5 0.0890625 0.0890625
0 0.49921875 0.95625 0.1546875 0.0875
0 0.6578125 0.92890625 0.08671875 0.08671875
0 0.63671875 0.4515625 0.1609375 0.1609375