0 0.45390625 0.27578125 0.2109375 0.1859375
0 0.04453125 0.32421875 0.0890625 0.0890625
0 0.0546875 0.26015625 0.109375 0.1265625
0 0.203125 0.2078125 0.1515625 0.1515625
0 0.2671875 0.3296875 0.1 0.078125
0 0.48515625 0.015625 0.1484375 0.03125
0 0.83515625 0.20625 0.3296875 0.325
0 0.9828125 0.2890625 0.034375 0.0625
0 0.60859375 0.2515625 0.0984375 0.1296875
0 0.67421875 0.103125 0.2296875 0.20625
0 0.15859375 0.8703125 0.09609375 0.08203125
0 0.49140625 0.87578125 0.071875 0.0796875
0 0.02421875 0.98046875 0.0484375 0.0390625
0 0.01484375 0.42734375 0.0296875 0.0890625
0 0.41015625 0.40703125 0.0890625 0.0765625
0 0.51953125 0.62734375 0.0484375 0.0578125
0 0.46640625 0.67734375 0.0484375 0.0453125
0 0.303125 0.73203125 0.0453125 0.05546875
0 0.0625 0.7765625 0.125 0.353125
0 0.57578125 0.40234375 0.0328125 0.0671875
0 0.98203125 0.48046875 0.0359375 0.0609375
0 0.6625 0.8109375 0.0984375 0.103125
0 0.63125 0.60078125 0.08203125 0.0890625
0 0.8546875 0.65 0.0578125 0.0671875
0 0.83046875 0.715625 0.0578125 0.06484375
0 0.91015625 0.759375 0.08203125 0.0984375
0 0.5765625 0.85703125 0.034375 0.0671875
0 0.56796875 0.7125 0.0171875 0.059375
0 0.8765625 0.4546875 0.0359375 0.03828125