0 0.4515625 0.459375 0.2140625 0.228125
0 0.52890625 0.13125 0.115625 0.115625
0 0.7609375 0.10078125 0.0984375 0.10078125
0 0.775 0.2328125 0.084375 0.09375
0 0.72109375 0.77265625 0.209375 0.22578125
0 0.9328125 0.73203125 0.0984375 0.1078125
0 0.97578125 0.56875 0.0484375 0.09375
0 0.99375 0.98203125 0.01171875 0.0359375
0 0.8296875 0.9828125 0.0625 0.03359375
0 0.56953125 0.9328125 0.0765625 0.08203125
0 0.08671875 0.91796875 0.1734375 0.16328125
0 0.0453125 0.76328125 0.090625 0.1078125
0 0.13203125 0.5890625 0.1203125 0.1296875
0 0.28984375 0.6546875 0.084375 0.084375
0 0.29296875 0.81875 0.071875 0.0765625
0 0.1765625 0.13125 0.1296875 0.125
0 0.35703125 0.05625 0.06953125 0.0765625
0 0.709375 0.49765625 0.13203125 0.13671875
0 0.9984375 0.11328125 0.00234375 0.0625