0 0.35 0.1890625 0.2140625 0.228125
0 0.51171875 0.384375 0.084375 0.084375
0 0.0921875 0.22734375 0.13203125 0.13671875
0 0.9109375 0.34765625 0.084375 0.084375
0 0.6140625 0.3453125 0.08203125 0.0796875
0 0.6484375 0.12265625 0.0796875 0.08671875
0 0.73515625 0.01484375 0.0671875 0.0296875
0 0.28359375 0.640625 0.2453125 0.2453125
0 0.3234375 0.88828125 0.228125 0.2234375
0 0.43515625 0.778125 0.146875 0.146875
0 0.5046875 0.77421875 0.103125 0.103125
0 0.521875 0.68515625 0.075 0.2640625
0 0.53046875 0.95 0.0578125 0.084375
0 0.5125 0.984375 0.09375 0.03125
0 0.1609375 0.7234375 0.14453125 0.14453125
0 0.040625 0.6484375 0.08125 0.165625
0 0.41328125 0.47578125 0.1078125 0.0921875
0 0.5328125 0.88046875 0.053125 0.0796875
0 0.0421875 0.81328125 0.084375 0.0921875
0 0.2234375 0.796875 0.0671875 0.06484375
0 0.6890625 0.44453125 0.06875 0.0296875
0 0.81171875 0.4578125 0.0796875 0.05625
0 0.56796875 0.6265625 0.0171875 0.0625
0 0.61015625 0.74375 0.1015625 0.134375
0 0.74296875 0.8171875 0.103125 0.125
0 0.571875 0.88984375 0.025 0.0578125
0 0.95546875 0.51953125 0.0578125 0.05546875
0 0.9734375 0.56875 0.05078125 0.03359375
0 0.8625 0.9765625 0.065625 0.046875
0 0.93984375 0.884375 0.05546875 0.04296875
0 0.98671875 0.990625 0.0265625 0.01875
0 0.7234375 0.49296875 0.06015625 0.0453125
0 0.865625 0.87421875 0.053125 0.053125
0 0.58203125 0.990625 0.0421875 0.01875