0 0.071875 0.1203125 0.12734375 0.134375
0 0.0671875 0.0046875 0.1078125 0.009375
0 0.26796875 0.05859375 0.103125 0.0984375
0 0.34140625 0.0921875 0.0890625 0.07421875
0 0.34609375 0.21875 0.0625 0.0671875
0 0.28984375 0.225 0.06953125 0.06015625
0 0.2453125 0.35234375 0.103125 0.125
0 0.015625 0.34375 0.03125 0.08203125
0 0.00703125 0.4203125 0.0140625 0.053125
0 0.0109375 0.68359375 0.021875 0.08671875
0 0.0046875 0.77734375 0.009375 0.1609375
0 0.07421875 0.70546875 0.0625 0.05546875
0 0.08203125 0.76953125 0.0984375 0.09140625
0 0.1234375 0.93984375 0.15625 0.1203125
0 0.3328125 0.8890625 0.07421875 0.06953125
0 0.4484375 0.9203125 0.06953125 0.08203125
0 0.45078125 0.85703125 0.06484375 0.07421875
0 0.34765625 0.7015625 0.09140625 0.1109375
0 0.2796875 0.6515625 0.08671875 0.08671875
0 0.359375 0.5578125 0.0984375 0.0796875
0 0.32109375 0.44921875 0.0671875 0.0796875
0 0.4890625 0.35234375 0.07421875 0.0890625
0 0.5453125 0.2046875 0.0890625 0.0765625
0 0.50859375 0.45078125 0.08671875 0.08203125
0 0.52734375 0.5734375 0.11328125 0.12265625
0 0.6453125 0.27890625 0.06953125 0.0765625
0 0.65390625 0.20703125 0.0671875 0.0671875
0 0.8125 0.33671875 0.11796875 0.12734375
0 0.81015625 0.39296875 0.0671875 0.06015625
0 0.91484375 0.9359375 0.09609375 0.0984375
0 0.9828125 0.884375 0.03359375 0.06484375
0 0.84609375 0.56015625 0.05546875 0.05546875
0 0.8109375 0.5921875 0.05078125 0.0453125
0 0.16015625 0.4890625 0.0625 0.071875
0 0.43984375 0.56484375 0.0578125 0.06484375
0 0.06484375 0.46015625 0.1296875 0.1609375
0 0.76328125 0.1 0.4734375 0.19921875