0 0.2015625 0.03125 0.0625 0.0625
0 0.14609375 0.0359375 0.06953125 0.06015625
0 0.1015625 0.16328125 0.103125 0.125
0 0.21484375 0.35390625 0.0984375 0.0515625
0 0.17734375 0.26015625 0.0671875 0.0796875
0 0.3453125 0.16328125 0.07421875 0.0890625
0 0.40078125 0.0265625 0.0890625 0.053125
0 0.36484375 0.26171875 0.08671875 0.08203125
0 0.3828125 0.35078125 0.1125 0.0578125
0 0.4828125 0.08984375 0.034375 0.0765625
0 0.48828125 0.02578125 0.0234375 0.0515625
0 0.0234375 0.3 0.046875 0.071875
0 0.29609375 0.3609375 0.0578125 0.0375
0 0.64140625 0.028125 0.1203125 0.05625
0 0.9375 0.11171875 0.125 0.1328125
0 0.9859375 0.12578125 0.028125 0.1109375
0 0.9671875 0.1875 0.065625 0.1
0 0.9875 0.3125 0.025 0.065625
0 0.75 0.18984375 0.5 0.3796875
0 0.35859375 0.8640625 0.27890625 0.24765625
0 0.41953125 0.715625 0.06953125 0.0796875
0 0.41015625 0.6171875 0.0890625 0.09609375
0 0.28125 0.60625 0.1203125 0.125
0 0.25859375 0.515625 0.08671875 0.09609375
0 0.2578125 0.40703125 0.08125 0.0546875
0 0.08203125 0.440625 0.0578125 0.0671875
0 0.15 0.71484375 0.040625 0.05078125
0 0.0796875 0.71328125 0.0578125 0.06484375
0 0.15 0.85546875 0.0578125 0.071875
0 0.07734375 0.87734375 0.0578125 0.0625
0 0.1484375 0.96953125 0.059375 0.0609375
0 0.534375 0.71875 0.06875 0.121875
0 0.58984375 0.79296875 0.0359375 0.0625
0 0.68359375 0.6875 0.0796875 0.11796875
0 0.72578125 0.83984375 0.06953125 0.0671875
0 0.68828125 0.909375 0.0625 0.040625
0 0.9390625 0.640625 0.0671875 0.0671875
0 0.8640625 0.6328125 0.040625 0.0484375
0 0.52734375 0.49140625 0.0546875 0.1078125
0 0.75703125 0.4984375 0.0453125 0.03359375
0 0.6015625 0.51171875 0.03828125 0.03359375
0 0.57421875 0.39140625 0.0703125 0.0234375
0 0.90703125 0.9765625 0.0484375 0.046875