0 0.42734375 0.028125 0.1046875 0.05625
0 0.45546875 0.11484375 0.0484375 0.0828125
0 0.40078125 0.284375 0.10078125 0.10546875
0 0.29375 0.1828125 0.1078125 0.10078125
0 0.42109375 0.375 0.10546875 0.103125
0 0.42890625 0.484375 0.1015625 0.15
0 0.234375 0.2859375 0.09140625 0.09375
0 0.2 0.228125 0.08671875 0.084375
0 0.1109375 0.4015625 0.15390625 0.15390625
0 0.13515625 0.4484375 0.08203125 0.0765625
0 0.1671875 0.603125 0.06953125 0.0671875
0 0.2109375 0.61640625 0.0625 0.0578125
0 0.15390625 0.1859375 0.3078125 0.371875
0 0.49453125 0.053125 0.0296875 0.071875
0 0.75625 0.1875 0.06953125 0.0578125
0 0.871875 0.31015625 0.0578125 0.0765625
0 0.725 0.42734375 0.08671875 0.0890625
0 0.76484375 0.52890625 0.04296875 0.04296875
0 0.91875 0.61015625 0.07421875 0.0484375
0 0.7109375 0.58515625 0.0578125 0.0453125
0 0.78828125 0.68359375 0.0578125 0.0109375
0 0.09453125 0.91484375 0.09609375 0.0984375
0 0.05078125 0.7265625 0.0890625 0.075
0 0.26015625 0.8703125 0.040625 0.0453125
0 0.32734375 0.84765625 0.04296875 0.05078125
0 0.78046875 0.71640625 0.0890625 0.0546875
0 0.7875 0.78671875 0.0984375 0.09140625
0 0.9125 0.69765625 0.05 0.0171875
0 0.95703125 0.7265625 0.0859375 0.075
0 0.78125 0.96953125 0.09375 0.0609375
0 0.865625 0.87421875 0.05546875 0.06015625