0 0.015625 0.3796875 0.03125 0.01875
0 0.021875 0.16328125 0.04375 0.0796875
0 0.01796875 0.08203125 0.0359375 0.1421875
0 0.0890625 0.14765625 0.05546875 0.05078125
0 0.09609375 0.09375 0.08671875 0.08203125
0 0.31484375 0.0125 0.0671875 0.025
0 0.41640625 0.02890625 0.0578125 0.0578125
0 0.32421875 0.15703125 0.08203125 0.0984375
0 0.2640625 0.2 0.0765625 0.0796875
0 0.33046875 0.28359375 0.08671875 0.071875
0 0.29375 0.3640625 0.059375 0.05
0 0.45546875 0.365625 0.0765625 0.046875
0 0.47578125 0.2734375 0.10078125 0.1078125
0 0.15703125 0.33828125 0.05546875 0.06484375
0 0.4 0.278125 0.05078125 0.0578125
0 0.07265625 0.3390625 0.1203125 0.1
0 0.91484375 0.1328125 0.1703125 0.1625
0 0.9453125 0.228125 0.109375 0.128125
0 0.89375 0.2703125 0.08671875 0.0890625
0 0.80078125 0.2140625 0.1078125 0.09609375
0 0.8375 0.3015625 0.06953125 0.06953125
0 0.76171875 0.3296875 0.1203125 0.11875
0 0.86875 0.35703125 0.090625 0.0640625
0 0.9578125 0.35234375 0.08125 0.0734375
0 0.190625 0.93125 0.178125 0.1375
0 0.20234375 0.496875 0.2453125 0.215625
0 0.08671875 0.7640625 0.0796875 0.09140625
0 0.22109375 0.67890625 0.05546875 0.0671875
0 0.0671875 0.94375 0.06015625 0.06484375
0 0.3171875 0.80390625 0.06484375 0.08203125
0 0.52421875 0.8296875 0.071875 0.0765625
0 0.796875 0.853125 0.0984375 0.09375
0 0.696875 0.7640625 0.08671875 0.084375
0 0.8203125 0.60078125 0.09375 0.08203125
0 0.8125 0.525 0.10078125 0.09375
0 0.6921875 0.50234375 0.0984375 0.09609375
0 0.74765625 0.46171875 0.09609375 0.0765625
0 0.9171875 0.57109375 0.0765625 0.071875
0 0.9609375 0.76328125 0.078125 0.0796875
0 0.9578125 0.4328125 0.0796875 0.0765625
0 0.88828125 0.4203125 0.0671875 0.06015625