0 0.12578125 0.10859375 0.09140625 0.08671875
0 0.18984375 0.1359375 0.0765625 0.0671875
0 0.196875 0.2453125 0.05546875 0.06015625
0 0.14765625 0.253125 0.0625 0.053125
0 0.1125 0.36484375 0.09140625 0.1109375
0 0.14921875 0.59140625 0.0765625 0.0171875
0 0.21640625 0.53984375 0.08671875 0.071875
0 0.18046875 0.44765625 0.06015625 0.071875
0 0.3234375 0.35859375 0.0671875 0.0796875
0 0.36796875 0.22734375 0.0765625 0.06953125
0 0.3421875 0.44375 0.0765625 0.07421875
0 0.3609375 0.54765625 0.1 0.1046875
0 0.45546875 0.29140625 0.0625 0.06953125
0 0.46171875 0.22734375 0.06015625 0.06015625
0 0.60234375 0.33671875 0.10546875 0.11328125
0 0.60078125 0.3859375 0.06015625 0.053125
0 0.63671875 0.53046875 0.0484375 0.0484375
0 0.60703125 0.559375 0.0453125 0.040625
0 0.04296875 0.48515625 0.05546875 0.06484375
0 0.2859375 0.5453125 0.05078125 0.0578125
0 0.53671875 0.1125 0.3859375 0.225
0 0.92109375 0.55234375 0.1578125 0.0953125
0 0.8859375 0.47421875 0.1828125 0.16796875
0 0.7984375 0.465625 0.0890625 0.084375
0 0.74921875 0.51953125 0.0390625 0.0828125
0 0.76484375 0.56171875 0.0703125 0.0765625
0 0.7953125 0.59375 0.0625 0.0125
0 0.78125 0.36953125 0.0796875 0.0671875
0 0.89296875 0.259375 0.14921875 0.14453125
0 0.984375 0.24140625 0.03125 0.1015625
0 0.96171875 0.40625 0.0765625 0.20625
0 0.75859375 0.11171875 0.0578125 0.0546875
0 0.78359375 0.06328125 0.05546875 0.0625
0 0.86796875 0.01875 0.0671875 0.0375
0 0.3484375 0.85546875 0.08203125 0.09140625
0 0.35546875 0.93984375 0.05546875 0.03125
0 0.50234375 0.89765625 0.053125 0.05078125
0 0.9640625 0.83984375 0.071875 0.1234375
0 0.9234375 0.69140625 0.153125 0.1828125
0 0.74765625 0.7625 0.0359375 0.178125
0 0.79453125 0.92109375 0.1296875 0.1578125
0 0.9125 0.93359375 0.175 0.1328125