0 0.0765625 0.32109375 0.12265625 0.1296875
0 0.2421875 0.3640625 0.25625 0.25
0 0.03828125 0.1484375 0.0625 0.0765625
0 0.03046875 0.20625 0.0609375 0.0875
0 0.23984375 0.2140625 0.4796875 0.428125
0 0.64453125 0.43828125 0.053125 0.0625
0 0.67109375 0.48125 0.0453125 0.015625
0 0.771875 0.43828125 0.040625 0.05078125
0 0.79609375 0.4140625 0.0453125 0.05078125
0 0.82734375 0.38984375 0.0484375 0.0453125
0 0.56875 0.36875 0.04296875 0.0578125
0 0.5234375 0.4765625 0.05625 0.025
0 0.8328125 0.134375 0.06015625 0.0578125
0 0.67421875 0.1734375 0.103125 0.1078125
0 0.97734375 0.39921875 0.0453125 0.1796875
0 0.665625 0.27578125 0.11328125 0.12265625
0 0.5171875 0.2984375 0.071875 0.0625
0 0.09296875 0.8375 0.1859375 0.278125
0 0.2390625 0.8390625 0.1703125 0.165625
0 0.30390625 0.8875 0.1421875 0.13671875
0 0.2484375 0.67421875 0.1203125 0.125
0 0.30234375 0.6890625 0.09140625 0.09140625
0 0.4421875 0.5390625 0.075 0.1
0 0.4515625 0.95078125 0.05625 0.0984375
0 0.43984375 0.8953125 0.071875 0.07421875
0 0.4296875 0.77421875 0.0765625 0.0765625
0 0.36171875 0.97421875 0.2015625 0.0515625
0 0.08046875 0.621875 0.12734375 0.134375
0 0.13359375 0.51328125 0.0765625 0.0484375
0 0.84609375 0.7390625 0.08671875 0.10078125
0 0.940625 0.725 0.08671875 0.103125
0 0.76796875 0.95625 0.1546875 0.0875
0 0.81796875 0.8984375 0.0890625 0.08203125
0 0.87578125 0.94765625 0.08203125 0.0890625
0 0.8875 0.865625 0.0625 0.06484375
0 0.759375 0.8875 0.0625 0.06484375
0 0.60625 0.95078125 0.0578125 0.0578125
0 0.98046875 0.98515625 0.0390625 0.0296875
0 0.49453125 0.7890625 0.0296875 0.0625
0 0.68828125 0.70078125 0.05546875 0.06484375
0 0.7390625 0.6109375 0.10078125 0.103125
0 0.8125 0.58046875 0.05546875 0.06484375
0 0.8828125 0.56015625 0.0578125 0.0578125
0 0.9375 0.53984375 0.0578125 0.06015625
0 0.978125 0.58203125 0.04375 0.0890625
0 0.56796875 0.6453125 0.05078125 0.05078125
0 0.50390625 0.72578125 0.0484375 0.0453125
0 0.534375 0.54765625 0.109375 0.1140625
0 0.64296875 0.56640625 0.0765625 0.0578125