0 0.2125 0.58984375 0.12265625 0.1296875
0 0.37890625 0.6453125 0.25703125 0.27421875
0 0.4546875 0.8421875 0.24296875 0.2453125
0 0.08671875 0.821875 0.08203125 0.1078125
0 0.046875 0.63828125 0.071875 0.08671875
0 0.009375 0.57109375 0.01875 0.0953125
0 0.17421875 0.4171875 0.0625 0.0765625
0 0.1625 0.47578125 0.06953125 0.08671875
0 0.053125 0.29921875 0.06015625 0.0671875
0 0.4796875 0.3484375 0.696875 0.696875
0 0.7046875 0.040625 0.134375 0.08125
0 0.771875 0.1765625 0.07421875 0.10078125
0 0.92578125 0.3015625 0.0671875 0.06953125
0 0.88671875 0.45078125 0.22578125 0.3171875
0 0.8703125 0.7015625 0.20703125 0.23046875
0 0.7640625 0.85234375 0.084375 0.0984375
0 0.7828125 0.78515625 0.08671875 0.084375
0 0.5609375 0.96171875 0.0796875 0.0765625
0 0.47578125 0.96640625 0.0890625 0.0671875
0 0.303125 0.96875 0.084375 0.0625