0 0.3296875 0.21953125 0.31875 0.4390625
0 0.15 0.0671875 0.05546875 0.08203125
0 0.03203125 0.20546875 0.053125 0.05546875
0 0.0875 0.33203125 0.175 0.2578125
0 0.92734375 0.18984375 0.12734375 0.1390625
0 0.95 0.07734375 0.071875 0.071875
0 0.73046875 0.0375 0.0859375 0.075
0 0.828125 0.0203125 0.065625 0.040625
0 0.24453125 0.70859375 0.4890625 0.4578125
0 0.74140625 0.98671875 0.0546875 0.0265625
0 0.8265625 0.91015625 0.103125 0.10078125
0 0.940625 0.73203125 0.11875 0.1859375
0 0.69140625 0.890625 0.04296875 0.05078125
0 0.596875 0.803125 0.07421875 0.0578125
0 0.74453125 0.63359375 0.06484375 0.06484375
0 0.50546875 0.84765625 0.0328125 0.0359375
0 0.5078125 0.740625 0.03359375 0.05078125