0 0.47578125 0.271875 0.0484375 0.23125
0 0.46015625 0.47734375 0.0796875 0.2078125
0 0.309375 0.14921875 0.38125 0.2984375
0 0.06171875 0.1828125 0.1234375 0.278125
0 0.10078125 0.41953125 0.165625 0.19921875
0 0.228125 0.5453125 0.0671875 0.084375
0 0.19921875 0.484375 0.071875 0.071875
0 0.43984375 0.590625 0.0640625 0.01875
0 0.90078125 0.10859375 0.1984375 0.2078125
0 0.971875 0.13203125 0.05625 0.0796875
0 0.984375 0.17109375 0.03125 0.0640625
0 0.9359375 0.4625 0.128125 0.178125
0 0.93125 0.56484375 0.121875 0.0703125
0 0.80546875 0.41953125 0.1515625 0.15390625
0 0.7359375 0.4796875 0.1828125 0.1703125
0 0.78671875 0.58125 0.1734375 0.0375
0 0.565625 0.3734375 0.0765625 0.0890625
0 0.53671875 0.44921875 0.0734375 0.1078125
0 0.5828125 0.553125 0.165625 0.09375
0 0.5703125 0.01328125 0.096875 0.0265625
0 0.6515625 0.21640625 0.0671875 0.07421875
0 0.7203125 0.29765625 0.0625 0.071875
0 0.2640625 0.94921875 0.4375 0.1015625
0 0.15390625 0.62109375 0.0921875 0.0421875
0 0.0109375 0.86484375 0.021875 0.0828125
0 0.20390625 0.71640625 0.103125 0.09375
0 0.78671875 0.6328125 0.0796875 0.065625
0 0.9921875 0.77109375 0.015625 0.1046875
0 0.96328125 0.89765625 0.0734375 0.0890625
0 0.76640625 0.77578125 0.06484375 0.071875
0 0.6890625 0.63515625 0.06015625 0.0578125
0 0.678125 0.76328125 0.0578125 0.0578125
0 0.9078125 0.64453125 0.053125 0.053125
0 0.86328125 0.9078125 0.0765625 0.0890625