0 0.4390625 0.20625 0.1 0.1125
0 0.29140625 0.1484375 0.22578125 0.2359375
0 0.23359375 0.0359375 0.2171875 0.071875
0 0.4640625 0.36484375 0.05 0.0671875
0 0.4703125 0.31171875 0.0375 0.0734375
0 0.2421875 0.26328125 0.484375 0.3109375
0 0.515625 0.403125 0.053125 0.03125
0 0.5296875 0.35078125 0.08125 0.0796875
0 0.52265625 0.2640625 0.0671875 0.084375
0 0.534375 0.0984375 0.090625 0.1125
0 0.6453125 0.11484375 0.05078125 0.04296875
0 0.834375 0.1734375 0.12734375 0.1296875
0 0.92109375 0.16328125 0.08203125 0.09140625
0 0.82109375 0.0515625 0.084375 0.084375
0 0.865625 0.08125 0.06484375 0.0671875
0 0.190625 0.9796875 0.03359375 0.03125
0 0.26328125 0.99453125 0.0453125 0.0109375
0 0.40390625 0.97890625 0.0421875 0.0421875
0 0.3421875 0.96875 0.0359375 0.0453125
0 0.3046875 0.95390625 0.03359375 0.03125
0 0.29375 0.9109375 0.040625 0.0484375
0 0.228125 0.93984375 0.1109375 0.115625
0 0.07265625 0.8703125 0.07421875 0.0765625
0 0.175 0.78984375 0.06015625 0.0578125
0 0.26875 0.7703125 0.0671875 0.05078125
0 0.165625 0.603125 0.1203125 0.134375
0 0.415625 0.78984375 0.05546875 0.0625
0 0.02578125 0.4828125 0.040625 0.0359375
0 0.96640625 0.49609375 0.05078125 0.04296875
0 0.97734375 0.5703125 0.0453125 0.065625
0 0.665625 0.43515625 0.040625 0.0328125
0 0.74609375 0.51328125 0.0484375 0.03828125
0 0.79453125 0.5890625 0.0484375 0.03828125
0 0.765625 0.63359375 0.0359375 0.03125
0 0.6953125 0.5640625 0.071875 0.0484375
0 0.59453125 0.5765625 0.0578125 0.040625
0 0.6046875 0.60703125 0.05078125 0.0265625
0 0.6359375 0.63671875 0.05078125 0.040625
0 0.69453125 0.640625 0.03125 0.03125
0 0.57890625 0.484375 0.03359375 0.0359375
0 0.9453125 0.61875 0.02890625 0.03359375
0 0.97421875 0.64765625 0.0484375 0.03828125
0 0.984375 0.69375 0.03125 0.02890625
0 0.978125 0.74296875 0.04375 0.1109375
0 0.83984375 0.76328125 0.06953125 0.07421875
0 0.9140625 0.8703125 0.0578125 0.05546875
0 0.9828125 0.91484375 0.034375 0.0453125
0 0.71875 0.7234375 0.03125 0.040625
0 0.6828125 0.7328125 0.0484375 0.05078125
0 0.659375 0.8265625 0.05546875 0.0484375