0 0.52421875 0.0546875 0.1296875 0.109375
0 0.49765625 0.1734375 0.1828125 0.2125
0 0.11953125 0.0859375 0.1828125 0.171875
0 0.228125 0.2 0.07421875 0.08671875
0 0.2078125 0.14140625 0.0765625 0.07421875
0 0.421875 0.28671875 0.071875 0.0640625
0 0.50234375 0.28828125 0.0828125 0.0609375
0 0.59921875 0.08203125 0.0203125 0.0734375
0 0.70234375 0.07734375 0.06484375 0.06015625
0 0.71796875 0.12421875 0.05546875 0.0484375
0 0.6265625 0.15234375 0.05078125 0.053125
0 0.60234375 0.1859375 0.0265625 0.0625
0 0.79140625 0.2921875 0.0578125 0.053125
0 0.91171875 0.14140625 0.0671875 0.0796875
0 0.84765625 0.1546875 0.0484375 0.0578125
0 0.89765625 0.040625 0.0734375 0.08125
0 0.98359375 0.0265625 0.0328125 0.053125
0 0.2890625 0.38984375 0.178125 0.1421875
0 0.37734375 0.3859375 0.08671875 0.0796875
0 0.44453125 0.3421875 0.0765625 0.046875
0 0.4 0.48125 0.0765625 0.0625
0 0.29453125 0.59765625 0.14453125 0.1390625
0 0.17578125 0.6203125 0.08203125 0.0984375
0 0.15 0.45703125 0.20703125 0.19921875
0 0.01796875 0.58125 0.0359375 0.0875
0 0.01640625 0.496875 0.0328125 0.05625
0 0.009375 0.675 0.01875 0.1
0 0.50390625 0.44140625 0.1703125 0.2453125
0 0.55546875 0.56015625 0.0671875 0.0671875
0 0.5578125 0.66796875 0.0625 0.0796875
0 0.50703125 0.73125 0.103125 0.10546875
0 0.4390625 0.7359375 0.06015625 0.053125
0 0.41484375 0.7859375 0.053125 0.06015625
0 0.5625 0.81953125 0.053125 0.0671875
0 0.52578125 0.975 0.0828125 0.05
0 0.33203125 0.85390625 0.06484375 0.071875
0 0.240625 0.8921875 0.06953125 0.071875
0 0.85234375 0.41484375 0.2453125 0.1921875
0 0.98203125 0.58046875 0.0359375 0.0796875
0 0.91875 0.68046875 0.0671875 0.0578125
0 0.83046875 0.6328125 0.06015625 0.0578125
0 0.66640625 0.55703125 0.0671875 0.06953125
0 0.609375 0.64609375 0.040625 0.1828125
0 0.78203125 0.83125 0.10546875 0.1390625
0 0.7421875 0.9484375 0.103125 0.09609375
0 0.61953125 0.97421875 0.0609375 0.0515625
0 0.86171875 0.98125 0.0671875 0.0375
0 0.965625 0.8828125 0.06875 0.1125
0 0.890625 0.91015625 0.084375 0.0984375
0 0.6921875 0.3984375 0.0484375 0.0484375
0 0.70859375 0.725 0.053125 0.053125