0 0.25703125 0.16953125 0.22578125 0.2359375
0 0.13203125 0.1859375 0.134375 0.146875
0 0.0265625 0.15234375 0.053125 0.1390625
0 0.28984375 0.703125 0.10546875 0.1078125
0 0.1546875 0.96953125 0.134375 0.0609375
0 0.4890625 0.9421875 0.12265625 0.115625
0 0.67890625 0.70546875 0.209375 0.2359375
0 0.76328125 0.85546875 0.228125 0.21875
0 0.94609375 0.6109375 0.1078125 0.1203125
0 0.9734375 0.76953125 0.053125 0.06953125
0 0.97734375 0.82578125 0.0453125 0.0984375
0 0.7765625 0.10234375 0.15390625 0.15625
0 0.87109375 0.02265625 0.09609375 0.0453125
0 0.56875 0.31484375 0.084375 0.09140625
0 0.5 0.35234375 0.07421875 0.0890625
0 0.44140625 0.4265625 0.0796875 0.08671875
0 0.3015625 0.46171875 0.09140625 0.0984375