0 0.01640625 0.2578125 0.0328125 0.09375
0 0.13671875 0.01640625 0.1046875 0.0328125
0 0.36953125 0.1828125 0.1734375 0.20703125
0 0.39765625 0.05546875 0.1421875 0.1109375
0 0.18828125 0.48671875 0.0671875 0.0453125
0 0.04453125 0.4796875 0.0765625 0.059375
0 0.5125 0.075 0.08671875 0.09140625
0 0.540625 0.02109375 0.0625 0.0421875
0 0.5796875 0.06640625 0.06953125 0.06015625
0 0.76796875 0.1390625 0.0890625 0.0890625
0 0.2109375 0.625 0.22578125 0.228125
0 0.36875 0.54375 0.1375 0.06875
0 0.403125 0.5890625 0.13125 0.11875
0 0.3671875 0.71171875 0.0765625 0.08203125
0 0.2796875 0.76328125 0.07421875 0.0796875
0 0.01484375 0.74296875 0.0296875 0.1296875
0 0.42578125 0.94921875 0.0859375 0.1015625
0 0.29921875 0.96015625 0.0921875 0.0796875
0 0.2390625 0.96796875 0.06875 0.0640625
0 0.14296875 0.9703125 0.0671875 0.059375
0 0.0609375 0.85234375 0.0890625 0.09140625
0 0.9890625 0.65546875 0.021875 0.0734375
0 0.97109375 0.90859375 0.0578125 0.0890625
0 0.8671875 0.96328125 0.084375 0.0734375
0 0.66328125 0.94140625 0.09609375 0.08671875
0 0.60234375 0.99453125 0.0578125 0.0109375
0 0.6671875 0.83828125 0.09140625 0.0890625
0 0.91484375 0.65546875 0.05546875 0.05546875
0 0.96171875 0.62265625 0.06484375 0.071875
0 0.7359375 0.55078125 0.06484375 0.0578125
0 0.596875 0.634375 0.25625 0.25
0 0.4953125 0.8 0.053125 0.06875
0 0.475 0.73359375 0.0125 0.0578125
0 0.4765625 0.84453125 0.015625 0.0421875
0 0.51953125 0.89453125 0.0453125 0.0484375
0 0.584375 0.83671875 0.0484375 0.0484375
0 0.5 0.9796875 0.0625 0.040625
0 0.865625 0.825 0.040625 0.04296875