0 0.4453125 0.06640625 0.06875 0.1328125
0 0.3953125 0.015625 0.09375 0.03125
0 0.0171875 0.23828125 0.034375 0.1109375
0 0.4390625 0.36484375 0.08125 0.0296875
0 0.59296875 0.340625 0.2265625 0.078125
0 0.70859375 0.36953125 0.0671875 0.0203125
0 0.51015625 0.3359375 0.0609375 0.0875
0 0.61015625 0.19453125 0.21640625 0.25703125
0 0.60859375 0.06328125 0.0796875 0.06484375
0 0.50546875 0.0734375 0.0515625 0.059375
0 0.80546875 0.0140625 0.0765625 0.028125
0 0.98359375 0.22421875 0.0328125 0.0953125
0 0.8265625 0.35078125 0.190625 0.0578125
0 0.0109375 0.44375 0.021875 0.090625
0 0.13046875 0.4015625 0.0453125 0.04375
0 0.1671875 0.4421875 0.09609375 0.08203125
0 0.0484375 0.4953125 0.0578125 0.0578125
0 0.7828125 0.68984375 0.434375 0.6203125
0 0.565625 0.4859375 0.10546875 0.1609375