0 0.0390625 0.33515625 0.078125 0.1515625
0 0.109375 0.28125 0.0890625 0.07421875
0 0.88046875 0.39921875 0.0984375 0.10546875
0 0.896875 0.209375 0.11796875 0.09609375
0 0.73203125 0.06640625 0.10546875 0.10546875
0 0.9828125 0.096875 0.034375 0.09375
0 0.89453125 0.490625 0.0625 0.06484375
0 0.3546875 0.97890625 0.090625 0.0421875
0 0.21328125 0.953125 0.2671875 0.09375
0 0.2 0.825 0.4 0.35
0 0.803125 0.9875 0.09375 0.025
0 0.69296875 0.86796875 0.3328125 0.2640625
0 0.44375 0.94453125 0.0875 0.1109375
0 0.7625 0.659375 0.065625 0.01875
0 0.81484375 0.675 0.0703125 0.05
0 0.725 0.7125 0.0625 0.0453125
0 0.9765625 0.6671875 0.046875 0.034375
0 0.890625 0.98984375 0.05 0.0203125
0 0.40859375 0.71640625 0.0171875 0.1328125