0 0.58984375 0.5828125 0.125 0.1515625
0 0.709375 0.64453125 0.12265625 0.10546875
0 0.478125 0.53984375 0.09140625 0.071875
0 0.5953125 0.1234375 0.115625 0.10546875
0 0.63125 0.23046875 0.103125 0.084375
0 0.10546875 0.5296875 0.06953125 0.0671875
0 0.0109375 0.959375 0.021875 0.071875
0 0.09375 0.9171875 0.10078125 0.10078125
0 0.65625 0.9578125 0.1109375 0.084375
0 0.75390625 0.44609375 0.07421875 0.08671875
0 0.8953125 0.1984375 0.084375 0.0671875
0 0.803125 0.24375 0.06484375 0.0625
0 0.8953125 0.31015625 0.0796875 0.09609375
0 0.99375 0.5734375 0.01171875 0.0765625