0 0.52109375 0.40078125 0.2359375 0.0984375
0 0.153125 0.375 0.09140625 0.0796875
0 0.353125 0.29140625 0.084375 0.08203125
0 0.578125 0.15625 0.06953125 0.06953125
0 0.503125 0.1421875 0.0484375 0.0453125
0 0.55 0.075 0.0484375 0.053125
0 0.028125 0.1171875 0.040625 0.03828125
0 0.05234375 0.375 0.0453125 0.0453125
0 0.096875 0.28515625 0.05078125 0.05546875
0 0.2765625 0.01640625 0.065625 0.0328125
0 0.9515625 0.14453125 0.096875 0.2359375
0 0.80625 0.15234375 0.215625 0.3046875
0 0.68046875 0.1625 0.0828125 0.325
0 0.8015625 0.421875 0.059375 0.05625
0 0.8703125 0.43359375 0.05625 0.0328125
0 0.6203125 0.6671875 0.0375 0.134375
0 0.0265625 0.471875 0.053125 0.04375
0 0.184375 0.61484375 0.103125 0.09375
0 0.19296875 0.5015625 0.10078125 0.103125
0 0.4125 0.51015625 0.06015625 0.0578125
0 0.45625 0.5453125 0.06484375 0.06484375
0 0.5234375 0.45625 0.059375 0.0125
0 0.521875 0.66015625 0.05546875 0.053125
0 0.4859375 0.67265625 0.040625 0.0453125
0 0.409375 0.653125 0.0453125 0.0453125
0 0.284375 0.66796875 0.03125 0.04296875
0 0.3234375 0.6859375 0.0484375 0.053125
0 0.35625 0.7 0.05546875 0.05546875
0 0.534375 0.85390625 0.03828125 0.040625
0 0.48515625 0.9671875 0.0640625 0.065625
0 0.2265625 0.9296875 0.084375 0.07421875
0 0.3265625 0.92109375 0.05078125 0.0453125
0 0.01171875 0.7296875 0.0234375 0.05625
0 0.0609375 0.92265625 0.084375 0.0890625
0 0.51875 0.759375 0.11328125 0.11328125
0 0.39375 0.840625 0.15859375 0.17578125
0 0.65 0.67109375 0.021875 0.0859375
0 0.66171875 0.478125 0.0453125 0.05625
0 0.74609375 0.46484375 0.0703125 0.0296875
0 0.88203125 0.51328125 0.0796875 0.0890625
0 0.7234375 0.56484375 0.06953125 0.07421875
0 0.759375 0.5984375 0.084375 0.0890625
0 0.82421875 0.70078125 0.09609375 0.08671875
0 0.884375 0.62734375 0.0578125 0.05078125
0 0.8203125 0.80390625 0.09140625 0.0890625
0 0.88125 0.94140625 0.2375 0.1171875
0 0.9828125 0.840625 0.034375 0.06875
0 0.96796875 0.74765625 0.0453125 0.0484375
0 0.903125 0.80546875 0.0484375 0.0484375
0 0.978125 0.63984375 0.04375 0.0828125
0 0.9625 0.5015625 0.0453125 0.0484375