0 0.03125 0.02890625 0.05546875 0.05078125
0 0.0203125 0.18828125 0.040625 0.0703125
0 0.378125 0.084375 0.021875 0.040625
0 0.3671875 0.21015625 0.04375 0.0890625
0 0.253125 0.3640625 0.17578125 0.16328125
0 0.32890625 0.65390625 0.05078125 0.05078125
0 0.384375 0.6359375 0.009375 0.03125
0 0.37890625 0.7109375 0.0203125 0.040625
0 0.2859375 0.7484375 0.0453125 0.03359375
0 0.1765625 0.70546875 0.04296875 0.0359375
0 0.12421875 0.80625 0.0453125 0.00625
0 0.27734375 0.79921875 0.0578125 0.0203125
0 0.11015625 0.71640625 0.040625 0.0359375
0 0.1140625 0.03515625 0.040625 0.03125
0 0.69296875 0.02421875 0.1828125 0.0484375
0 0.97578125 0.0375 0.0484375 0.075
0 0.40078125 0.61171875 0.0234375 0.0796875
0 0.48125 0.7703125 0.096875 0.078125
0 0.54921875 0.75625 0.07421875 0.0984375
0 0.61640625 0.7703125 0.0671875 0.078125
0 0.834375 0.76484375 0.103125 0.0890625
0 0.953125 0.7515625 0.0765625 0.0796875
0 0.9328125 0.5 0.07421875 0.06953125
0 0.97109375 0.3828125 0.053125 0.0578125
0 0.85546875 0.27421875 0.10546875 0.06953125
0 0.70546875 0.24296875 0.0671875 0.0625
0 0.59609375 0.0515625 0.0796875 0.084375
0 0.9734375 0.25 0.053125 0.053125
0 0.396875 0.34921875 0.015625 0.0640625
0 0.47109375 0.61328125 0.06953125 0.06015625
0 0.57421875 0.58046875 0.05546875 0.053125
0 0.6703125 0.67578125 0.0625 0.0578125
0 0.89140625 0.65859375 0.040625 0.0484375
0 0.85 0.61796875 0.053125 0.0484375
0 0.228125 0.94375 0.11875 0.1125
0 0.32734375 0.825 0.0984375 0.03125
0 0.48046875 0.93125 0.1828125 0.1375
0 0.5453125 0.8703125 0.07421875 0.0890625
0 0.66484375 0.95859375 0.07421875 0.0765625
0 0.9234375 0.87265625 0.153125 0.1265625