0 0.1609375 0.39375 0.178125 0.1703125
0 0.440625 0.18359375 0.06484375 0.0578125
0 0.08359375 0.0921875 0.05078125 0.053125
0 0.015625 0.1078125 0.03125 0.03125
0 0.02734375 0.03046875 0.03125 0.04296875
0 0.12734375 0.00390625 0.0453125 0.0078125
0 0.2390625 0.0375 0.04296875 0.03828125
0 0.30625 0.02578125 0.040625 0.03828125
0 0.70078125 0.03125 0.2671875 0.0625
0 0.75 0.26484375 0.5 0.5296875
0 0.896875 0.503125 0.1375 0.053125
0 0.971875 0.4125 0.05625 0.096875
0 0.3453125 0.8203125 0.1390625 0.12734375
0 0.12265625 0.8 0.10546875 0.11328125
0 0.30390625 0.59140625 0.1140625 0.1234375
0 0.3984375 0.62578125 0.0796875 0.0890625
0 0.47421875 0.8796875 0.0515625 0.040625
0 0.4875 0.721875 0.025 0.053125
0 0.93125 0.9359375 0.1375 0.128125
0 0.65390625 0.9734375 0.0734375 0.053125
0 0.7109375 0.9046875 0.084375 0.08671875
0 0.5296875 0.9828125 0.059375 0.034375
0 0.57109375 0.91640625 0.06484375 0.06484375
0 0.53671875 0.884375 0.0734375 0.13125
0 0.52421875 0.7453125 0.0484375 0.071875
0 0.83203125 0.6265625 0.1390625 0.1390625
0 0.85625 0.759375 0.115625 0.115625
0 0.90703125 0.80234375 0.08671875 0.0890625
0 0.80234375 0.8578125 0.0984375 0.09609375
0 0.7421875 0.7671875 0.0796875 0.0796875
0 0.68828125 0.79609375 0.06015625 0.06015625
0 0.6703125 0.8421875 0.06015625 0.06015625
0 0.64609375 0.7859375 0.0765625 0.0765625
0 0.575 0.8046875 0.071875 0.07421875
0 0.6078125 0.6640625 0.06953125 0.071875
0 0.9796875 0.7140625 0.040625 0.103125
0 0.91484375 0.5984375 0.07421875 0.07421875
0 0.96796875 0.61875 0.0640625 0.065625
0 0.96875 0.55390625 0.0625 0.0484375
0 0.67734375 0.60390625 0.06484375 0.0671875