0 0.09453125 0.09921875 0.09609375 0.084375
0 0.1203125 0.0046875 0.034375 0.009375
0 0.3375 0.05234375 0.0484375 0.053125
0 0.2109375 0.06953125 0.0453125 0.040625
0 0.73984375 0.13984375 0.3609375 0.2796875
0 0.26640625 0.55390625 0.05078125 0.0671875
0 0.4171875 0.54453125 0.071875 0.06015625
0 0.43984375 0.3515625 0.103125 0.0671875
0 0.0109375 0.45625 0.021875 0.053125
0 0.221875 0.30625 0.0265625 0.0359375
0 0.34609375 0.44453125 0.03828125 0.02890625
0 0.87265625 0.32578125 0.1265625 0.0921875
0 0.60859375 0.5875 0.0453125 0.0484375
0 0.69296875 0.61015625 0.06484375 0.06484375
0 0.565625 0.86640625 0.0125 0.0578125
0 0.5734375 0.90703125 0.028125 0.0453125
0 0.63046875 0.92265625 0.05078125 0.06953125
0 0.95859375 0.640625 0.053125 0.07421875
0 0.96875 0.546875 0.0625 0.08125
0 0.95 0.74375 0.08203125 0.08203125
0 0.884375 0.89765625 0.06484375 0.07421875