0 0.2828125 0.04453125 0.1734375 0.0890625
0 0.75625 0.2953125 0.11796875 0.11796875
0 0.48671875 0.31015625 0.09609375 0.084375
0 0.63203125 0.72578125 0.06484375 0.0796875
0 0.92578125 0.80078125 0.10546875 0.09609375
0 0.4953125 0.6703125 0.1515625 0.16328125
0 0.025 0.4234375 0.05 0.0625
0 0.8640625 0.1 0.0765625 0.07421875
0 0.96015625 0.4421875 0.05078125 0.0625
0 0.72109375 0.46015625 0.053125 0.03828125
0 0.21171875 0.6890625 0.1109375 0.09140625
0 0.33515625 0.884375 0.03828125 0.04296875
0 0.46015625 0.4203125 0.03359375 0.040625
0 0.5796875 0.4359375 0.02890625 0.0359375
0 0.64765625 0.52734375 0.03828125 0.0359375
0 0.73046875 0.53359375 0.03359375 0.03359375
0 0.8421875 0.48203125 0.02890625 0.0359375
0 0.9703125 0.64921875 0.03359375 0.02890625
0 0.78515625 0.70703125 0.04296875 0.04296875
0 0.56015625 0.52265625 0.05546875 0.0578125
0 0.19609375 0.55390625 0.0796875 0.0484375
0 0.24375 0.35703125 0.0484375 0.053125
0 0.3703125 0.33984375 0.0453125 0.040625