0 0.3484375 0.24609375 0.125 0.1203125
0 0.1625 0.021875 0.2125 0.04375
0 0.06953125 0.22890625 0.06484375 0.06015625
0 0.3171875 0.13671875 0.05078125 0.053125
0 0.20625 0.18125 0.04296875 0.0453125
0 0.1015625 0.13515625 0.053125 0.05078125
0 0.0265625 0.1703125 0.0453125 0.0453125
0 0.1796875 0.0953125 0.0765625 0.0765625
0 0.53671875 0.08359375 0.0640625 0.0703125
0 0.43515625 0.16171875 0.06015625 0.0578125
0 0.6328125 0.0859375 0.08671875 0.10078125
0 0.9828125 0.05 0.034375 0.1
0 0.2828125 0.44765625 0.0890625 0.09609375
0 0.1921875 0.4609375 0.0796875 0.0796875
0 0.0109375 0.41484375 0.021875 0.0671875
0 0.009375 0.60234375 0.01875 0.1359375
0 0.009375 0.91015625 0.01875 0.0578125
0 0.09296875 0.76171875 0.053125 0.0625
0 0.23203125 0.8875 0.05546875 0.0578125
0 0.3359375 0.6546875 0.05546875 0.06015625
0 0.29921875 0.5875 0.06015625 0.0671875
0 0.37734375 0.6109375 0.040625 0.0484375
0 0.64140625 0.48515625 0.1453125 0.1421875
0 0.70625 0.7484375 0.09140625 0.08671875
0 0.65625 0.803125 0.0625 0.06484375
0 0.703125 0.86015625 0.071875 0.06953125
0 0.61171875 0.71796875 0.0859375 0.1421875
0 0.784375 0.3546875 0.06015625 0.0625
0 0.88203125 0.4296875 0.1203125 0.13671875
0 0.9515625 0.51328125 0.096875 0.1171875