0 0.90703125 0.7890625 0.1859375 0.1625
0 0.37734375 0.80390625 0.1609375 0.1609375
0 0.6046875 0.66015625 0.125 0.1203125
0 0.27421875 0.36796875 0.09609375 0.10078125
0 0.0265625 0.446875 0.053125 0.134375
0 0.41953125 0.35 0.21171875 0.21640625
0 0.9515625 0.334375 0.07421875 0.0796875
0 0.3796875 0.9875 0.103125 0.025
0 0.12734375 0.7765625 0.07421875 0.0796875
0 0.32578125 0.64296875 0.06484375 0.06015625
0 0.6578125 0.19375 0.1421875 0.134375
0 0.45546875 0.084375 0.05546875 0.0578125
0 0.5734375 0.55078125 0.05078125 0.053125
0 0.4625 0.5953125 0.04296875 0.0453125
0 0.3578125 0.54921875 0.053125 0.05078125
0 0.2828125 0.584375 0.0453125 0.0453125
0 0.21015625 0.68359375 0.04296875 0.0453125
0 0.0203125 0.60078125 0.040625 0.040625
0 0.15 0.46015625 0.06015625 0.06015625
0 0.4359375 0.509375 0.0765625 0.0765625
0 0.73828125 0.303125 0.09140625 0.0796875
0 0.79453125 0.4984375 0.0671875 0.06953125
0 0.69140625 0.57578125 0.06015625 0.0578125