0 0.36328125 0.48359375 0.115625 0.11328125
0 0.26015625 0.375 0.0578125 0.04296875
0 0.2078125 0.3171875 0.084375 0.1515625
0 0.37265625 0.3078125 0.0578125 0.1421875
0 0.253125 0.10703125 0.259375 0.2140625
0 0.08203125 0.02109375 0.0328125 0.0421875
0 0.03984375 0.446875 0.06953125 0.0671875
0 0.0515625 0.53984375 0.040625 0.0203125
0 0.07109375 0.30078125 0.05078125 0.053125
0 0.48046875 0.05546875 0.0609375 0.1078125
0 0.5078125 0.18515625 0.115625 0.1171875
0 0.71640625 0.2234375 0.0890625 0.09140625
0 0.7609375 0.0953125 0.0984375 0.0890625
0 0.57578125 0.45703125 0.05546875 0.05546875
0 0.9859375 0.47265625 0.028125 0.0546875
0 0.22265625 0.57421875 0.0921875 0.0484375
0 0.15 0.6 0.07421875 0.08203125
0 0.31875 0.68203125 0.09375 0.0890625
0 0.271875 0.746875 0.0671875 0.0765625
0 0.2328125 0.90078125 0.08671875 0.08203125
0 0.1609375 0.8984375 0.084375 0.07421875
0 0.13671875 0.834375 0.06484375 0.0578125
0 0.025 0.76640625 0.05 0.1078125
0 0.39140625 0.9703125 0.0796875 0.059375
0 0.53359375 0.76953125 0.1671875 0.1828125
0 0.5328125 0.90234375 0.07421875 0.0796875
0 0.48125 0.98359375 0.0625 0.0328125
0 0.4578125 0.90078125 0.015625 0.0734375
0 0.834375 0.6625 0.13671875 0.134375
0 0.9234375 0.69375 0.115625 0.11796875
0 0.6953125 0.69140625 0.14921875 0.14921875