0 0.16953125 0.5 0.3390625 0.1375
0 0.240625 0.41015625 0.08671875 0.1078125
0 0.28671875 0.2671875 0.1453125 0.15625
0 0.13984375 0.22734375 0.0765625 0.06953125
0 0.075 0.33046875 0.08203125 0.0796875
0 0.0546875 0.2421875 0.0453125 0.0453125
0 0.18984375 0.1015625 0.0796875 0.06484375
0 0.28359375 0.0234375 0.0578125 0.046875
0 0.2375 0.01015625 0.0375 0.0203125
0 0.74375 0.1546875 0.11328125 0.103125
0 0.73828125 0.2109375 0.03359375 0.05078125
0 0.70546875 0.0171875 0.1078125 0.034375
0 0.56015625 0.103125 0.12265625 0.125
0 0.371875 0.0453125 0.025 0.090625
0 0.5171875 0.3671875 0.071875 0.071875
0 0.52890625 0.290625 0.06015625 0.053125
0 0.44375 0.3734375 0.05078125 0.06015625
0 0.834375 0.48515625 0.0796875 0.084375
0 0.7328125 0.52890625 0.07421875 0.0796875
0 0.98203125 0.50703125 0.0359375 0.0671875
0 0.9109375 0.3390625 0.0625 0.06484375
0 0.93984375 0.28203125 0.06953125 0.0578125
0 0.83125 0.02890625 0.0875 0.0578125
0 0.9078125 0.16171875 0.1390625 0.125
0 0.2671875 0.6234375 0.178125 0.109375
0 0.04140625 0.77578125 0.0828125 0.1015625
0 0.10078125 0.6640625 0.0890625 0.09140625
0 0.109375 0.9375 0.09609375 0.0890625
0 0.775 0.60703125 0.11875 0.0765625
0 0.7625 0.69296875 0.09375 0.103125
0 0.81328125 0.7328125 0.05546875 0.05546875
0 0.64921875 0.60390625 0.0953125 0.0703125
0 0.95234375 0.89765625 0.0953125 0.1671875
0 0.94140625 0.95390625 0.0578125 0.06015625
0 0.83828125 0.90234375 0.09609375 0.09375
0 0.73828125 0.95 0.115625 0.09140625
0 0.47578125 0.73984375 0.2328125 0.2453125
0 0.48984375 0.89375 0.10546875 0.09609375