0 0.8140625 0.72734375 0.3578125 0.384375
0 0.734375 0.51328125 0.08671875 0.1078125
0 0.67890625 0.37109375 0.16328125 0.15625
0 0.22734375 0.953125 0.12734375 0.084375
0 0.365625 0.96015625 0.08203125 0.0765625
0 0.13125 0.73671875 0.09140625 0.23046875
0 0.26796875 0.78515625 0.115625 0.11328125
0 0.37109375 0.6765625 0.0578125 0.04296875
0 0.4234375 0.61875 0.084375 0.1515625
0 0.25859375 0.609375 0.0578125 0.1421875
0 0.37734375 0.3859375 0.259375 0.259375
0 0.83515625 0.33046875 0.0765625 0.06953125
0 0.9 0.43359375 0.08203125 0.0796875
0 0.9203125 0.3453125 0.0453125 0.0453125
0 0.78515625 0.2046875 0.0796875 0.06484375
0 0.69140625 0.12265625 0.0578125 0.05546875
0 0.73671875 0.1 0.03828125 0.0484375
0 0.7796875 0.06953125 0.053125 0.06953125
0 0.57578125 0.10234375 0.053125 0.0484375
0 0.5046875 0.18515625 0.06015625 0.0484375
0 0.5484375 0.32109375 0.03359375 0.0453125
0 0.59140625 0.7484375 0.06953125 0.0671875
0 0.5796875 0.8609375 0.040625 0.0578125
0 0.4515625 0.0640625 0.03125 0.03359375
0 0.37109375 0.1 0.0484375 0.053125
0 0.18984375 0.16484375 0.0890625 0.08203125
0 0.16015625 0.56484375 0.05078125 0.08203125
0 0.56015625 0.60234375 0.05078125 0.053125
0 0.03984375 0.7484375 0.040625 0.0625
0 0.05078125 0.8640625 0.03125 0.0453125