0 0.35390625 0.23828125 0.3296875 0.3421875
0 0.2953125 0.05078125 0.09375 0.1015625
0 0.14296875 0.2921875 0.07421875 0.06953125
0 0.12890625 0.39375 0.0421875 0.03125
0 0.109375 0.1390625 0.053125 0.05546875
0 0.92265625 0.103125 0.071875 0.09375
0 0.6515625 0.2296875 0.13671875 0.17578125
0 0.6859375 0.353125 0.071875 0.07421875
0 0.08984375 0.5921875 0.1796875 0.2375
0 0.07890625 0.74296875 0.084375 0.07421875
0 0.48515625 0.4171875 0.0390625 0.015625
0 0.47109375 0.44296875 0.0640625 0.0671875
0 0.496875 0.51484375 0.04375 0.0484375
0 0.50390625 0.4703125 0.0296875 0.0625
0 0.4453125 0.83203125 0.103125 0.1078125
0 0.3453125 0.77421875 0.09140625 0.1109375
0 0.05078125 0.9828125 0.0578125 0.034375
0 0.01796875 0.91796875 0.0359375 0.0453125
0 0.1703125 0.46640625 0.0765625 0.0578125
0 0.5921875 0.71875 0.0671875 0.06015625
0 0.95234375 0.7265625 0.0953125 0.134375
0 0.99453125 0.73359375 0.0109375 0.0515625
0 0.99140625 0.965625 0.0171875 0.034375
0 0.64296875 0.97890625 0.0640625 0.0421875
0 0.53984375 0.4296875 0.0421875 0.040625
0 0.871875 0.81796875 0.0484375 0.053125
0 0.7859375 0.89296875 0.05078125 0.0453125
0 0.796875 0.853125 0.0453125 0.04296875