0 0.1859375 0.27265625 0.3578125 0.384375
0 0.265625 0.48671875 0.08671875 0.1078125
0 0.32109375 0.62890625 0.16328125 0.15625
0 0.77265625 0.046875 0.12734375 0.084375
0 0.634375 0.03984375 0.08203125 0.0765625
0 0.86875 0.26328125 0.09140625 0.23046875
0 0.73203125 0.21484375 0.115625 0.11328125
0 0.62890625 0.3234375 0.0578125 0.04296875
0 0.5765625 0.38125 0.084375 0.1515625
0 0.74140625 0.390625 0.0578125 0.1421875
0 0.62265625 0.6140625 0.259375 0.259375
0 0.16484375 0.66953125 0.0765625 0.06953125
0 0.1 0.56640625 0.08203125 0.0796875
0 0.0796875 0.6546875 0.0453125 0.0453125
0 0.21484375 0.7953125 0.0796875 0.06484375
0 0.30859375 0.87734375 0.0578125 0.05546875
0 0.26328125 0.9 0.03828125 0.0484375
0 0.2203125 0.93046875 0.053125 0.06953125
0 0.42421875 0.89765625 0.053125 0.0484375
0 0.4953125 0.81484375 0.06015625 0.0484375
0 0.4515625 0.67890625 0.03359375 0.0453125
0 0.40859375 0.2515625 0.06953125 0.0671875
0 0.4203125 0.1390625 0.040625 0.0578125
0 0.5484375 0.9359375 0.03125 0.03359375
0 0.62890625 0.9 0.0484375 0.053125
0 0.81015625 0.83515625 0.0890625 0.08203125
0 0.83984375 0.43515625 0.05078125 0.08203125
0 0.43984375 0.39765625 0.05078125 0.053125
0 0.96015625 0.2515625 0.040625 0.0625
0 0.94921875 0.1359375 0.03125 0.0453125