0 0.1203125 0.390625 0.0796875 0.09140625
0 0.05234375 0.44765625 0.05078125 0.06015625
0 0.38203125 0.4703125 0.0765625 0.059375
0 0.46484375 0.35546875 0.0703125 0.1203125
0 0.415625 0.221875 0.1078125 0.10546875
0 0.28359375 0.2015625 0.0890625 0.09609375
0 0.36171875 0.04765625 0.1796875 0.0953125
0 0.25625 0.02578125 0.10625 0.0515625
0 0.6984375 0.06875 0.25 0.1375
0 0.90390625 0.05 0.0984375 0.1
0 0.54375 0.1421875 0.0875 0.146875
0 0.54375 0.2921875 0.0875 0.16875
0 0.675 0.4421875 0.09140625 0.0796875
0 0.8109375 0.39140625 0.0796875 0.06015625
0 0.8 0.32578125 0.05546875 0.05078125
0 0.86171875 0.290625 0.06953125 0.06953125
0 0.97109375 0.21875 0.0578125 0.071875
0 0.9875 0.4765625 0.025 0.046875
0 0.05 0.63671875 0.1 0.1296875
0 0.40234375 0.6390625 0.13671875 0.13671875
0 0.24140625 0.8140625 0.06953125 0.06953125
0 0.07890625 0.97421875 0.0796875 0.0515625
0 0.16171875 0.99375 0.0546875 0.0125
0 0.396875 0.78046875 0.0796875 0.0765625
0 0.46484375 0.79921875 0.0703125 0.0984375
0 0.478125 0.68046875 0.04375 0.0890625
0 0.490625 0.8421875 0.01875 0.1125
0 0.77265625 0.5109375 0.0515625 0.021875
0 0.671875 0.52421875 0.053125 0.0484375
0 0.6390625 0.7546875 0.278125 0.325
0 0.828125 0.94375 0.0578125 0.08203125
0 0.88828125 0.97265625 0.0453125 0.0546875
0 0.97421875 0.91875 0.0515625 0.090625
0 0.96953125 0.52734375 0.0609375 0.0546875
0 0.86953125 0.51953125 0.0578125 0.0390625