0 0.040625 0.4390625 0.08125 0.096875
0 0.1875 0.56015625 0.0625 0.06015625
0 0.17265625 0.4265625 0.0671875 0.0484375
0 0.1609375 0.3734375 0.06953125 0.053125
0 0.41015625 0.42578125 0.0796875 0.1046875
0 0.2953125 0.30234375 0.06015625 0.08203125
0 0.2625 0.3859375 0.0359375 0.05546875
0 0.346875 0.05859375 0.06953125 0.08203125
0 0.01015625 0.1125 0.0203125 0.053125
0 0.86171875 0.04453125 0.1734375 0.0890625
0 0.48671875 0.4859375 0.0734375 0.15
0 0.57734375 0.36484375 0.11796875 0.11796875
0 0.703125 0.33984375 0.12734375 0.12734375
0 0.5140625 0.0484375 0.128125 0.096875
0 0.925 0.25 0.15 0.2875
0 0.96875 0.45078125 0.0625 0.1734375
0 0.8296875 0.4046875 0.084375 0.08671875
0 0.7234375 0.43203125 0.06484375 0.06484375
0 0.128125 0.71796875 0.084375 0.0890625
0 0.0734375 0.77578125 0.0578125 0.0484375
0 0.81484375 0.66015625 0.0984375 0.0984375
0 0.4796875 0.94609375 0.059375 0.1078125
0 0.77734375 0.84296875 0.09140625 0.09140625
0 0.85078125 0.80078125 0.0796875 0.0796875
0 0.87578125 0.86953125 0.0890625 0.0890625