0 0.04140625 0.0921875 0.0625 0.0765625
0 0.05625 0.265625 0.1125 0.06875
0 0.1453125 0.26015625 0.08671875 0.06484375
0 0.4890625 0.2203125 0.21875 0.159375
0 0.4484375 0.08515625 0.0578125 0.053125
0 0.54765625 0.88203125 0.2859375 0.2359375
0 0.48828125 0.7953125 0.103125 0.1078125
0 0.4015625 0.37890625 0.04375 0.1515625
0 0.59453125 0.40234375 0.19453125 0.2046875
0 0.896875 0.36796875 0.20625 0.1359375
0 0.9 0.50078125 0.1203125 0.115625
0 0.84921875 0.65703125 0.084375 0.08203125
0 0.69296875 0.64765625 0.1078125 0.1078125
0 0.5796875 0.6921875 0.0890625 0.09140625
0 0.68203125 0.821875 0.10546875 0.10078125
0 0.75703125 0.97578125 0.1046875 0.0484375
0 0.940625 0.95390625 0.10625 0.0921875
0 0.81171875 0.81484375 0.0796875 0.07421875