0 0.059375 0.2703125 0.11875 0.11875
0 0.19375 0.403125 0.1078125 0.1078125
0 0.0609375 0.4296875 0.10078125 0.0984375
0 0.44375 0.4640625 0.096875 0.071875
0 0.3328125 0.4375 0.10546875 0.103125
0 0.47421875 0.22890625 0.0890625 0.1296875
0 0.49296875 0.07421875 0.0515625 0.1484375
0 0.33984375 0.08671875 0.07421875 0.0765625
0 0.753125 0.14296875 0.09609375 0.0984375
0 0.64375 0.18515625 0.09609375 0.09609375
0 0.5734375 0.2734375 0.109375 0.178125
0 0.54140625 0.43359375 0.0453125 0.1296875
0 0.92578125 0.25234375 0.1109375 0.1109375
0 0.88125 0.3328125 0.1296875 0.13203125
0 0.01171875 0.928125 0.0234375 0.084375
0 0.41953125 0.5359375 0.1234375 0.071875
0 0.42265625 0.95859375 0.0671875 0.0828125
0 0.41796875 0.80546875 0.0578125 0.0765625
0 0.3328125 0.78984375 0.053125 0.053125
0 0.54375 0.72734375 0.05 0.0765625
0 0.6 0.68203125 0.125 0.12734375
0 0.928125 0.74453125 0.14375 0.1515625
0 0.83515625 0.9609375 0.040625 0.04296875
0 0.96484375 0.5640625 0.0703125 0.103125
0 0.7328125 0.89765625 0.25 0.2046875
0 0.6625 0.8609375 0.05546875 0.053125
0 0.57109375 0.9265625 0.04296875 0.040625