0 0.390625 0.04296875 0.1 0.0859375
0 0.5546875 0.04921875 0.071875 0.06953125
0 0.2953125 0.1328125 0.10078125 0.06953125
0 0.10390625 0.12734375 0.0796875 0.0765625
0 0.1828125 0.02578125 0.075 0.0515625
0 0.0203125 0.44140625 0.040625 0.0546875
0 0.21171875 0.44921875 0.0421875 0.0390625
0 0.8484375 0.428125 0.190625 0.08125
0 0.8359375 0.27265625 0.1609375 0.16328125
0 0.7234375 0.0671875 0.128125 0.134375
0 0.66953125 0.1109375 0.0203125 0.075
0 0.771875 0.175 0.06953125 0.071875
0 0.89453125 0.1234375 0.053125 0.053125
0 0.66640625 0.0125 0.0140625 0.025
0 0.0859375 0.9484375 0.06953125 0.0890625
0 0.01171875 0.6609375 0.0234375 0.084375
0 0.07421875 0.63359375 0.0578125 0.0671875
0 0.34609375 0.50703125 0.1296875 0.0765625
0 0.60546875 0.74609375 0.1078125 0.1296875
0 0.34453125 0.8375 0.0671875 0.071875
0 0.7234375 0.5453125 0.12734375 0.13203125
0 0.86640625 0.67265625 0.1203125 0.1203125
0 0.95625 0.7390625 0.0875 0.1
0 0.98359375 0.78515625 0.0328125 0.0765625
0 0.77578125 0.76015625 0.18046875 0.1828125
0 0.9171875 0.95078125 0.103125 0.0984375
0 0.76796875 0.94296875 0.10078125 0.10546875
0 0.97421875 0.4828125 0.0515625 0.028125