0 0.0609375 0.06875 0.121875 0.115625
0 0.0953125 0.09140625 0.084375 0.06953125
0 0.65 0.3484375 0.1203125 0.115625
0 0.84375 0.365625 0.08671875 0.0765625
0 0.5359375 0.45546875 0.11796875 0.0765625
0 0.3078125 0.44921875 0.09375 0.084375
0 0.40234375 0.33203125 0.0890625 0.07421875
0 0.03125 0.578125 0.0625 0.0796875
0 0.15390625 0.5265625 0.09140625 0.0796875
0 0.18125 0.8125 0.10546875 0.103125
0 0.26796875 0.953125 0.1109375 0.09375
0 0.18984375 0.98203125 0.0625 0.0359375
0 0.0015625 0.1453125 0.00234375 0.0671875
0 0.046875 0.171875 0.053125 0.05078125
0 0.09609375 0.15390625 0.06484375 0.0671875
0 0.64765625 0.0515625 0.115625 0.103125
0 0.58671875 0.1203125 0.084375 0.06953125
0 0.54921875 0.03515625 0.06484375 0.05078125
0 0.7609375 0.27890625 0.1109375 0.10546875
0 0.89453125 0.23046875 0.0796875 0.09140625
0 0.97109375 0.178125 0.0578125 0.0671875
0 0.5515625 0.91015625 0.08671875 0.11328125
0 0.4359375 0.8140625 0.053125 0.06953125