0 0.47421875 0.10703125 0.0703125 0.0765625
0 0.2703125 0.10078125 0.09375 0.084375
0 0.36484375 0.01015625 0.0890625 0.0203125
0 0.0125 0.22890625 0.025 0.0796875
0 0.11640625 0.178125 0.09140625 0.0796875
0 0.14375 0.4640625 0.10546875 0.103125
0 0.3984375 0.465625 0.053125 0.06953125
0 0.54765625 0.15 0.0765625 0.075
0 0.5859375 0.24453125 0.0890625 0.10078125
0 0.5234375 0.26875 0.028125 0.075
0 0.84453125 0.26640625 0.178125 0.2046875
0 0.7234375 0.3984375 0.05078125 0.0578125
0 0.7546875 0.4296875 0.04296875 0.0453125
0 0.6328125 0.38125 0.053125 0.0484375
0 0.5171875 0.40703125 0.015625 0.0515625
0 0.59765625 0.51015625 0.0703125 0.0171875
0 0.7203125 0.50703125 0.05 0.0234375
0 0.9421875 0.03046875 0.053125 0.0578125
0 0.98515625 0.225 0.0296875 0.071875
0 0.0859375 0.9859375 0.125 0.028125
0 0.3140625 0.96484375 0.071875 0.0703125
0 0.39453125 0.89140625 0.06484375 0.07421875
0 0.47265625 0.98671875 0.0671875 0.0265625
0 0.47890625 0.825 0.0578125 0.0796875
0 0.38515625 0.753125 0.071875 0.071875
0 0.45546875 0.6015625 0.103125 0.103125
0 0.4546875 0.534375 0.103125 0.03125
0 0.240625 0.60625 0.06484375 0.06953125
0 0.1875 0.88671875 0.06484375 0.08203125
0 0.5484375 0.80078125 0.078125 0.1078125
0 0.5265625 0.74140625 0.034375 0.1203125
0 0.89453125 0.86328125 0.2109375 0.2546875