0 0.15546875 0.35390625 0.103125 0.11328125
0 0.08828125 0.41328125 0.0671875 0.0796875
0 0.04375 0.50625 0.0875 0.10625
0 0.4140625 0.1125 0.0890625 0.09609375
0 0.396875 0.42265625 0.06015625 0.071875
0 0.359375 0.3375 0.09375 0.07421875
0 0.06875 0.103125 0.1375 0.128125
0 0.3515625 0.4890625 0.209375 0.140625
0 0.12109375 0.265625 0.2421875 0.2375
0 0.9390625 0.171875 0.121875 0.184375
0 0.765625 0.02265625 0.059375 0.0453125
0 0.83125 0.15 0.03828125 0.053125
0 0.659375 0.23359375 0.0578125 0.0671875
0 0.78203125 0.278125 0.10546875 0.06953125
0 0.696875 0.41171875 0.08203125 0.071875
0 0.7125 0.5140625 0.03828125 0.03828125
0 0.21640625 0.7796875 0.4328125 0.440625
0 0.453125 0.65546875 0.05546875 0.0484375
0 0.65234375 0.88984375 0.1046875 0.2203125
0 0.75703125 0.95 0.084375 0.08671875
0 0.73125 0.8515625 0.0796875 0.084375
0 0.9609375 0.8203125 0.078125 0.128125
0 0.89296875 0.71640625 0.0984375 0.10546875
0 0.8484375 0.67578125 0.07421875 0.07421875
0 0.78359375 0.60625 0.071875 0.071875
0 0.9671875 0.66328125 0.065625 0.0703125
0 0.64296875 0.6328125 0.0859375 0.096875