0 0.521875 0.28515625 0.1296875 0.1390625
0 0.49765625 0.2078125 0.0890625 0.09609375
0 0.50625 0.08671875 0.1609375 0.1734375
0 0.4609375 0.04296875 0.11875 0.0859375
0 0.43125 0.021875 0.06484375 0.04296875
0 0.33671875 0.0296875 0.0765625 0.059375
0 0.2453125 0.0625 0.10546875 0.10546875
0 0.26171875 0.21171875 0.16328125 0.15859375
0 0.165625 0.1890625 0.0984375 0.10078125
0 0.20703125 0.2671875 0.1078125 0.1078125
0 0.60234375 0.5953125 0.1109375 0.11796875
0 0.97109375 0.515625 0.0578125 0.09375
0 0.50703125 0.72578125 0.240625 0.22578125
0 0.428125 0.6703125 0.07421875 0.0796875
0 0.2828125 0.61875 0.06484375 0.0625
0 0.1296875 0.55078125 0.0984375 0.10546875
0 0.0484375 0.58046875 0.09609375 0.09375
0 0.12734375 0.80859375 0.14921875 0.1390625
0 0.19921875 0.7921875 0.1109375 0.1203125
0 0.259375 0.82578125 0.12734375 0.1421875
0 0.28359375 0.896875 0.125 0.125
0 0.36640625 0.81484375 0.209375 0.20703125
0 0.50859375 0.8578125 0.11328125 0.12265625
0 0.53984375 0.94609375 0.071875 0.0765625
0 0.77421875 0.74375 0.071875 0.07421875
0 0.734375 0.33046875 0.0796875 0.08671875
0 0.6671875 0.3859375 0.10546875 0.10078125
0 0.11796875 0.3578125 0.0796875 0.084375
0 0.3171875 0.44453125 0.20703125 0.18984375
0 0.7484375 0.22734375 0.25703125 0.2640625
0 0.44140625 0.33671875 0.321875 0.3171875
0 0.91171875 0.4859375 0.1765625 0.221875