0 0.36953125 0.03359375 0.1109375 0.0671875
0 0.03984375 0.01875 0.0796875 0.0375
0 0.06171875 0.0484375 0.06953125 0.0671875
0 0.08671875 0.22265625 0.1203125 0.13671875
0 0.1828125 0.14375 0.07421875 0.0765625
0 0.278125 0.23125 0.06484375 0.06953125
0 0.45703125 0.25859375 0.0234375 0.1140625
0 0.7703125 0.34765625 0.0984375 0.09609375
0 0.82421875 0.290625 0.09609375 0.0984375
0 0.69453125 0.2625 0.0796875 0.0765625
0 0.54140625 0.27578125 0.09140625 0.0796875
0 0.8828125 0.17734375 0.12265625 0.1109375
0 0.878125 0.3015625 0.24375 0.45625
0 0.63671875 0.01796875 0.0703125 0.0359375
0 0.66875 0.10625 0.12265625 0.15859375
0 0.1125 0.621875 0.10546875 0.115625
0 0.18125 0.78046875 0.053125 0.06484375
0 0.01796875 0.58984375 0.0359375 0.1015625
0 0.36015625 0.9171875 0.15859375 0.1515625
0 0.3796875 0.68671875 0.178125 0.2640625
0 0.26328125 0.97109375 0.1546875 0.0578125
0 0.028125 0.725 0.053125 0.0484375
0 0.05234375 0.690625 0.053125 0.0671875
0 0.5828125 0.603125 0.0578125 0.06484375
0 0.78125 0.72578125 0.09140625 0.11328125
0 0.7359375 0.86171875 0.103125 0.1203125
0 0.5796875 0.8328125 0.09609375 0.084375
0 0.559375 0.66484375 0.053125 0.0484375
0 0.89921875 0.83125 0.125 0.1515625