0 0.5171875 0.8234375 0.1109375 0.1109375
0 0.43125 0.93984375 0.1109375 0.0984375
0 0.74140625 0.90625 0.12734375 0.1296875
0 0.8609375 0.8453125 0.1078125 0.09609375
0 0.82578125 0.7875 0.06953125 0.0671875
0 0.93046875 0.75390625 0.1390625 0.14921875
0 0.99375 0.85 0.01171875 0.09609375
0 0.80078125 0.61328125 0.1203125 0.13671875
0 0.7046875 0.6921875 0.07421875 0.0765625
0 0.609375 0.6046875 0.06484375 0.06953125
0 0.67578125 0.24765625 0.11796875 0.11328125
0 0.7671875 0.21171875 0.09375 0.09609375
0 0.7984375 0.11640625 0.0625 0.0671875
0 0.896875 0.26953125 0.0984375 0.10546875
0 0.28828125 0.4734375 0.09609375 0.0984375
0 0.28359375 0.546875 0.07421875 0.0796875
0 0.38359375 0.5765625 0.115625 0.11328125
0 0.33046875 0.765625 0.09140625 0.08671875
0 0.26953125 0.82578125 0.3171875 0.31953125
0 0.0875 0.2703125 0.10078125 0.103125
0 0.16015625 0.33984375 0.08203125 0.0796875
0 0.26328125 0.25859375 0.0625 0.06015625
0 0.11171875 0.571875 0.053125 0.06015625
0 0.15234375 0.6109375 0.06015625 0.0625