0 0.203125 0.11171875 0.1109375 0.1390625
0 0.31953125 0.046875 0.06953125 0.0765625
0 0.4 0.16328125 0.06015625 0.06953125
0 0.67109375 0.10390625 0.0890625 0.0984375
0 0.61015625 0.03359375 0.1390625 0.0671875
0 0.51328125 0.0375 0.1078125 0.075
0 0.634375 0.31953125 0.1078125 0.125
0 0.06953125 0.50546875 0.03828125 0.05078125
0 0.02734375 0.4578125 0.04296875 0.03359375
0 0.2234375 0.64375 0.02890625 0.0453125
0 0.1546875 0.68125 0.1078125 0.1078125
0 0.3140625 0.80390625 0.0578125 0.05546875
0 0.13125 0.91796875 0.1609375 0.146875
0 0.90703125 0.90859375 0.1859375 0.1828125
0 0.92734375 0.5546875 0.1453125 0.209375
0 0.6453125 0.63828125 0.1515625 0.13203125
0 0.66015625 0.55546875 0.0890625 0.09609375
0 0.75859375 0.475 0.08671875 0.0890625
0 0.67421875 0.9703125 0.1078125 0.059375
0 0.69140625 0.83828125 0.10078125 0.0984375