0 0.0765625 0.4125 0.134375 0.034375
0 0.30625 0.39375 0.08125 0.071875
0 0.57734375 0.22890625 0.0453125 0.1421875
0 0.20859375 0.065625 0.11796875 0.11796875
0 0.15 0.1078125 0.09375 0.09375
0 0.18828125 0.20546875 0.1390625 0.1390625
0 0.03046875 0.28046875 0.0609375 0.1078125
0 0.0578125 0.253125 0.115625 0.353125
0 0.028125 0.01171875 0.05625 0.0234375
0 0.02734375 0.04453125 0.0546875 0.0734375
0 0.79453125 0.01171875 0.0953125 0.0234375
0 0.74453125 0.0984375 0.12734375 0.1203125
0 0.69296875 0.2375 0.08671875 0.09609375
0 0.8046875 0.2265625 0.1390625 0.12265625
0 0.825 0.3203125 0.115625 0.09140625
0 0.909375 0.40390625 0.0875 0.0515625
0 0.91796875 0.13671875 0.06953125 0.0671875
0 0.99140625 0.203125 0.0171875 0.05625
0 0.1375 0.96875 0.05 0.0625
0 0.2890625 0.975 0.071875 0.05
0 0.76640625 0.7859375 0.0765625 0.08671875
0 0.61796875 0.71640625 0.0359375 0.1484375
0 0.76875 0.95625 0.0875 0.0875
0 0.8359375 0.5015625 0.103125 0.1203125
0 0.90078125 0.5359375 0.06953125 0.05078125
0 0.95 0.621875 0.0578125 0.053125
0 0.97421875 0.65546875 0.0515625 0.0578125
0 0.9140625 0.66875 0.0625 0.06953125
0 0.94609375 0.825 0.08203125 0.0671875
0 0.61328125 0.83203125 0.0265625 0.0640625