0 0.0765625 0.13828125 0.07421875 0.07421875
0 0.58046875 0.38828125 0.1015625 0.0421875
0 0.759375 0.0203125 0.134375 0.040625
0 0.70390625 0.08828125 0.2328125 0.1765625
0 0.5890625 0.19140625 0.140625 0.3828125
0 0.784375 0.278125 0.0890625 0.09609375
0 0.85390625 0.18671875 0.0890625 0.09609375
0 0.9203125 0.09765625 0.11328125 0.11796875
0 0.98125 0.06328125 0.0375 0.0765625
0 0.9890625 0.20234375 0.021875 0.0859375
0 0.94296875 0.375 0.0984375 0.06875
0 0.3953125 0.50390625 0.0453125 0.05078125
0 0.41953125 0.6171875 0.0625 0.0484375
0 0.4484375 0.70390625 0.08671875 0.08671875
0 0.328125 0.5875 0.04296875 0.06484375
0 0.08046875 0.71953125 0.09140625 0.09140625
0 0.0484375 0.49375 0.05546875 0.06484375
0 0.01171875 0.85703125 0.0234375 0.0578125
0 0.23671875 0.553125 0.07421875 0.071875
0 0.5390625 0.51171875 0.040625 0.0890625
0 0.7171875 0.8390625 0.0765625 0.0890625
0 0.75078125 0.946875 0.084375 0.0890625
0 0.89140625 0.9078125 0.08671875 0.09609375
0 0.96875 0.8734375 0.0625 0.121875
0 0.76875 0.5984375 0.10546875 0.09375
0 0.546875 0.4421875 0.05625 0.065625
0 0.91484375 0.66328125 0.1703125 0.2640625
0 0.56640625 0.61171875 0.0765625 0.084375
0 0.87421875 0.48203125 0.0578125 0.05546875
0 0.91328125 0.43046875 0.0515625 0.0421875