0 0.30234375 0.13671875 0.11796875 0.11796875
0 0.3515625 0.08125 0.09375 0.09375
0 0.28359375 0.03046875 0.1421875 0.0609375
0 0.3515625 0.42265625 0.125 0.1140625
0 0.33125 0.3265625 0.10078125 0.09609375
0 0.1921875 0.325 0.0765625 0.07421875
0 0.51796875 0.17109375 0.0671875 0.06953125
0 0.50546875 0.11484375 0.07421875 0.07421875
0 0.65625 0.278125 0.1125 0.340625
0 0.68046875 0.06171875 0.1296875 0.1234375
0 0.86640625 0.15234375 0.14453125 0.14453125
0 0.9625 0.04375 0.075 0.0875
0 0.95078125 0.13046875 0.0984375 0.1578125
0 0.82578125 0.334375 0.0765625 0.0765625
0 0.88828125 0.40625 0.08671875 0.08671875
0 0.6984375 0.33984375 0.06015625 0.0625
0 0.74609375 0.41328125 0.0671875 0.0671875
0 0.684375 0.4328125 0.134375 0.09375
0 0.96640625 0.43515625 0.0671875 0.0890625
0 0.85 0.4609375 0.0625 0.0375
0 0.05625 0.784375 0.08203125 0.0796875
0 0.20078125 0.72421875 0.071875 0.06953125
0 0.24765625 0.71796875 0.0578125 0.0625
0 0.45546875 0.51015625 0.040625 0.05078125
0 0.428125 0.55625 0.06015625 0.0625
0 0.459375 0.63671875 0.05546875 0.0484375
0 0.2625 0.50078125 0.0625 0.0421875
0 0.1109375 0.565625 0.06953125 0.06484375
0 0.2984375 0.85078125 0.0453125 0.0484375
0 0.42890625 0.8296875 0.05546875 0.05078125
0 0.5859375 0.9859375 0.028125 0.028125
0 0.53046875 0.909375 0.0484375 0.06953125
0 0.265625 0.940625 0.02890625 0.0359375
0 0.23359375 0.97421875 0.03359375 0.04296875
0 0.31640625 0.95625 0.01953125 0.03828125
0 0.05625 0.9203125 0.03828125 0.0484375
0 0.340625 0.68203125 0.0453125 0.0453125
0 0.046875 0.5984375 0.03125 0.03125
0 0.92734375 0.58515625 0.1453125 0.1890625
0 0.87890625 0.65546875 0.15390625 0.14921875
0 0.74453125 0.6890625 0.12265625 0.1203125
0 0.6609375 0.8203125 0.1109375 0.115625
0 0.85703125 0.9296875 0.2015625 0.140625
0 0.97265625 0.946875 0.0546875 0.1