0 0.20234375 0.18984375 0.3953125 0.3796875
0 0.13359375 0.3453125 0.0671875 0.06875
0 0.05546875 0.1609375 0.1109375 0.134375
0 0.02109375 0.06875 0.0421875 0.1375
0 0.66015625 0.30703125 0.2015625 0.1453125
0 0.66484375 0.17890625 0.08671875 0.09375
0 0.934375 0.03671875 0.090625 0.0734375
0 0.86328125 0.0390625 0.0625 0.05546875
0 0.97890625 0.07578125 0.0421875 0.0453125
0 0.88984375 0.0875 0.06484375 0.06015625
0 0.553125 0.321875 0.05078125 0.05078125
0 0.48125 0.27265625 0.03828125 0.04296875
0 0.46328125 0.171875 0.03359375 0.03828125
0 0.22890625 0.87265625 0.08671875 0.09609375
0 0.08828125 0.8921875 0.0671875 0.06484375
0 0.27578125 0.75625 0.06953125 0.07421875
0 0.359375 0.68515625 0.08125 0.0890625
0 0.2640625 0.59140625 0.09375 0.084375
0 0.084375 0.62265625 0.071875 0.0671875
0 0.2515625 0.49921875 0.0453125 0.04296875
0 0.91328125 0.51875 0.1109375 0.11796875
0 0.84140625 0.6796875 0.053125 0.0671875
0 0.4109375 0.5125 0.021875 0.084375
0 0.65625 0.8203125 0.16328125 0.15625
0 0.5921875 0.58359375 0.2671875 0.271875
0 0.7546875 0.9203125 0.1609375 0.14453125
0 0.63203125 0.9734375 0.0671875 0.053125
0 0.98671875 0.62421875 0.0265625 0.0484375
0 0.97421875 0.5859375 0.0515625 0.06875