0 0.37890625 0.1046875 0.4890625 0.209375
0 0.109375 0.0421875 0.125 0.084375
0 0.01328125 0.34453125 0.0265625 0.1421875
0 0.59453125 0.32421875 0.15390625 0.1421875
0 0.5828125 0.2046875 0.19375 0.278125
0 0.5984375 0.5015625 0.071875 0.09140625
0 0.296875 0.45546875 0.0765625 0.08671875
0 0.4328125 0.3859375 0.0578125 0.0671875
0 0.33671875 0.2140625 0.0625 0.06953125
0 0.37734375 0.2703125 0.06015625 0.0671875
0 0.97890625 0.11953125 0.0421875 0.1234375
0 0.71953125 0.17890625 0.0796875 0.1015625
0 0.7734375 0.05546875 0.0625 0.0625
0 0.96640625 0.05546875 0.06015625 0.06015625
0 0.73203125 0.0125 0.0453125 0.025
0 0.24296875 0.63828125 0.12734375 0.12265625
0 0.24921875 0.93125 0.11328125 0.115625
0 0.3375 0.97421875 0.10625 0.0515625
0 0.4484375 0.8484375 0.2453125 0.2546875