0 0.09453125 0.1453125 0.1890625 0.290625
0 0.2328125 0.3859375 0.125 0.1078125
0 0.25625 0.28125 0.24296875 0.2140625
0 0.25390625 0.5078125 0.0578125 0.021875
0 0.3328125 0.0921875 0.09375 0.184375
0 0.09453125 0.453125 0.0453125 0.053125
0 0.00703125 0.31640625 0.0140625 0.0546875
0 0.0328125 0.36171875 0.0484375 0.053125
0 0.37109375 0.27578125 0.0171875 0.0609375
0 0.52421875 0.04140625 0.1296875 0.0828125
0 0.5625 0.15 0.06484375 0.05546875
0 0.39296875 0.1015625 0.0265625 0.053125
0 0.72421875 0.08046875 0.09375 0.0890625
0 0.065625 0.775 0.08671875 0.10078125
0 0.1515625 0.71640625 0.0453125 0.06015625
0 0.11328125 0.61875 0.06484375 0.0578125
0 0.196875 0.5328125 0.05 0.028125
0 0.365625 0.7890625 0.028125 0.04375
0 0.80625 0.94453125 0.09140625 0.09140625
0 0.7328125 0.915625 0.1296875 0.134375
0 0.66953125 0.91171875 0.06484375 0.0765625
0 0.60078125 0.69921875 0.10546875 0.103125
0 0.4375 0.6984375 0.0984375 0.103125
0 0.41640625 0.59375 0.0734375 0.134375
0 0.50546875 0.8515625 0.10078125 0.10546875
0 0.5265625 0.9671875 0.0875 0.065625
0 0.7125 0.77109375 0.0625 0.0671875