0 0.38671875 0.6203125 0.384375 0.509375
0 0.2671875 0.88125 0.0796875 0.1078125
0 0.26171875 0.7921875 0.053125 0.084375
0 0.2125 0.60078125 0.08671875 0.115625
0 0.15390625 0.5015625 0.0984375 0.1296875
0 0.05859375 0.1765625 0.10078125 0.1203125
0 0.6234375 0.26328125 0.12734375 0.11796875
0 0.64765625 0.3765625 0.2453125 0.2328125
0 0.6453125 0.10078125 0.0578125 0.0796875
0 0.68125 0.0109375 0.0671875 0.021875
0 0.3703125 0.1109375 0.06015625 0.07421875
0 0.2234375 0.0046875 0.0796875 0.009375
0 0.0296875 0.90234375 0.059375 0.0765625
0 0.03359375 0.8078125 0.0453125 0.0625
0 0.13203125 0.95078125 0.0453125 0.0484375
0 0.165625 0.91796875 0.0484375 0.05078125
0 0.51328125 0.946875 0.08671875 0.0796875
0 0.6046875 0.82421875 0.0765625 0.09375
0 0.6765625 0.7609375 0.06015625 0.071875
0 0.9203125 0.84140625 0.05078125 0.0625
0 0.96484375 0.85 0.053125 0.08671875
0 0.9484375 0.66953125 0.08203125 0.1109375
0 0.80078125 0.6453125 0.2453125 0.3296875
0 0.80625 0.96484375 0.071875 0.06953125
0 0.484375 0.18984375 0.0453125 0.0578125
0 0.3796875 0.3375 0.05078125 0.06015625
0 0.421875 0.28984375 0.0484375 0.0578125
0 0.84140625 0.23671875 0.05546875 0.0625
0 0.9015625 0.171875 0.053125 0.06484375
0 0.9 0.0375 0.0625 0.06484375
0 0.86640625 0.4171875 0.053125 0.0671875
0 0.7984375 0.45703125 0.0671875 0.07421875
0 0.77734375 0.38125 0.0453125 0.0671875