0 0.13828125 0.18671875 0.2765625 0.3140625
0 0.121875 0.44609375 0.11875 0.0265625
0 0.19375 0.40703125 0.0671875 0.071875
0 0.37890625 0.41640625 0.0609375 0.0859375
0 0.36640625 0.0765625 0.0859375 0.071875
0 0.4640625 0.03203125 0.109375 0.0640625
0 0.740625 0.07890625 0.0890625 0.0984375
0 0.76328125 0.1484375 0.06015625 0.053125
0 0.6484375 0.1796875 0.06484375 0.071875
0 0.60703125 0.36015625 0.3953125 0.1984375
0 0.97578125 0.14453125 0.0484375 0.1109375
0 0.87265625 0.14140625 0.07421875 0.09609375
0 0.0984375 0.465625 0.071875 0.0125
0 0.0953125 0.5859375 0.08203125 0.07421875
0 0.02578125 0.61328125 0.0515625 0.0734375
0 0.01640625 0.75390625 0.0328125 0.0796875
0 0.24375 0.90078125 0.0578125 0.06484375
0 0.44375 0.8953125 0.06875 0.115625
0 0.96015625 0.64140625 0.0796875 0.1140625
0 0.49375 0.65625 0.09140625 0.08203125
0 0.43828125 0.4734375 0.0578125 0.028125
0 0.9109375 0.61328125 0.10546875 0.115625
0 0.97109375 0.940625 0.0578125 0.084375
0 0.65390625 0.503125 0.06953125 0.071875