0 0.1171875 0.3546875 0.234375 0.16875
0 0.1 0.1515625 0.103125 0.0890625
0 0.1625 0.21875 0.0578125 0.0625
0 0.3421875 0.2078125 0.0890625 0.07421875
0 0.4015625 0.21015625 0.05078125 0.06484375
0 0.3640625 0.13359375 0.0625 0.0765625
0 0.54921875 0.39765625 0.0609375 0.0828125
0 0.4375 0.03046875 0.09375 0.0609375
0 0.24296875 0.0453125 0.1140625 0.090625
0 0.53359375 0.18515625 0.06953125 0.06953125
0 0.88984375 0.4203125 0.0796875 0.0375
0 0.6515625 0.15703125 0.14375 0.3140625
0 0.86328125 0.1015625 0.09609375 0.12265625
0 0.89921875 0.21796875 0.040625 0.0625
0 0.88125 0.2984375 0.05546875 0.05546875
0 0.984375 0.39375 0.03125 0.0625
0 0.58984375 0.36953125 0.0203125 0.0578125
0 0.55234375 0.52734375 0.0546875 0.1078125
0 0.50546875 0.66875 0.1484375 0.15625
0 0.2578125 0.46796875 0.084375 0.0578125
0 0.09296875 0.4703125 0.0578125 0.0625
0 0.21171875 0.6546875 0.259375 0.259375
0 0.52578125 0.91796875 0.0578125 0.05546875
0 0.565625 0.93984375 0.028125 0.0484375
0 0.41015625 0.93828125 0.053125 0.0484375
0 0.3390625 0.85546875 0.06015625 0.0484375
0 0.3828125 0.71953125 0.03359375 0.0453125
0 0.2859375 0.9765625 0.03125 0.03359375
0 0.20546875 0.940625 0.0484375 0.053125
0 0.034375 0.875 0.06875 0.08125
0 0.009375 0.47734375 0.01875 0.0765625
0 0.39375 0.4515625 0.05 0.025
0 0.91875 0.46796875 0.096875 0.0578125
0 0.82890625 0.68515625 0.3421875 0.3515625
0 0.95078125 0.51484375 0.0765625 0.0765625
0 0.971875 0.48046875 0.05625 0.0828125
0 0.7375 0.94140625 0.303125 0.1171875
0 0.61875 0.50234375 0.078125 0.1015625