0 0.06953125 0.2984375 0.11328125 0.10546875
0 0.3046875 0.31640625 0.13671875 0.13671875
0 0.2421875 0.22734375 0.08203125 0.0984375
0 0.01796875 0.128125 0.0359375 0.0625
0 0.69140625 0.36796875 0.1078125 0.0421875
0 0.9484375 0.11640625 0.103125 0.2328125
0 0.86875 0.0328125 0.125 0.065625
0 0.73359375 0.06328125 0.115625 0.115625
0 0.88203125 0.278125 0.1609375 0.1609375
0 0.35859375 0.396875 0.0671875 0.015625
0 0.0875 0.77109375 0.0453125 0.0453125
0 0.39140625 0.803125 0.0453125 0.0484375
0 0.32421875 0.88046875 0.0578125 0.0578125
0 0.0546875 0.83203125 0.053125 0.05546875
0 0.2359375 0.7515625 0.040625 0.0359375
0 0.98515625 0.92421875 0.0296875 0.0921875
0 0.725 0.40546875 0.165625 0.0328125
0 0.76484375 0.71875 0.4703125 0.5625