0 0.23984375 0.6875 0.2921875 0.184375
0 0.065625 0.74296875 0.1 0.0734375
0 0.015625 0.58984375 0.03125 0.0703125
0 0.0765625 0.4734375 0.0765625 0.08671875
0 0.24453125 0.4578125 0.1078125 0.103125
0 0.31171875 0.5359375 0.0625 0.071875
0 0.5015625 0.5234375 0.09375 0.084375
0 0.5640625 0.52578125 0.053125 0.07421875
0 0.52421875 0.43828125 0.0671875 0.08671875
0 0.60234375 0.3046875 0.0984375 0.10546875
0 0.396875 0.321875 0.1203125 0.134375
0 0.4515625 0.234375 0.071875 0.09609375
0 0.1078125 0.34375 0.0796875 0.08203125
0 0.13125 0.25234375 0.103125 0.0796875
0 0.05 0.140625 0.06484375 0.06484375
0 0.0359375 0.040625 0.071875 0.08125
0 0.66015625 0.13671875 0.0578125 0.0625
0 0.6875 0.49609375 0.04375 0.0796875
0 0.76640625 0.6359375 0.1140625 0.1875
0 0.81953125 0.65390625 0.115625 0.1421875
0 0.8953125 0.76640625 0.153125 0.0265625
0 0.95390625 0.675 0.0921875 0.1
0 0.9 0.56484375 0.06953125 0.071875
0 0.85078125 0.51171875 0.09609375 0.103125
0 0.8484375 0.18984375 0.1203125 0.12734375
0 0.946875 0.1984375 0.10625 0.13125
0 0.75625 0.43671875 0.09375 0.2203125
0 0.778125 0.3484375 0.11796875 0.1109375
0 0.82734375 0.41484375 0.1109375 0.115625
0 0.8609375 0.3328125 0.084375 0.084375
0 0.734375 0.3203125 0.05 0.084375
0 0.9421875 0.50390625 0.09140625 0.084375
0 0.98671875 0.5 0.0265625 0.0625
0 0.71796875 0.10625 0.0171875 0.08125
0 0.771875 0.04609375 0.125 0.0921875
0 0.85234375 0.028125 0.0734375 0.05625
0 0.934375 0.02578125 0.075 0.0515625
0 0.9796875 0.02265625 0.040625 0.0453125
0 0.01171875 0.9140625 0.0234375 0.1125
0 0.10390625 0.9875 0.0765625 0.025
0 0.221875 0.875 0.09140625 0.09375
0 0.39609375 0.92109375 0.07421875 0.08203125
0 0.04765625 0.834375 0.0953125 0.103125
0 0.72109375 0.9609375 0.0234375 0.078125
0 0.79140625 0.99453125 0.0515625 0.0109375
0 0.89765625 0.79609375 0.0734375 0.0328125
0 0.9625 0.853125 0.0578125 0.06953125
0 0.8265625 0.8578125 0.05546875 0.06484375
0 0.94453125 0.96875 0.0609375 0.0625