0 0.06953125 0.21015625 0.12734375 0.12265625
0 0.075 0.47265625 0.1125 0.0546875
0 0.27421875 0.39609375 0.2453125 0.2078125
0 0.83203125 0.26171875 0.3359375 0.4765625
0 0.32578125 0.5765625 0.125 0.1296875
0 0.4734375 0.6640625 0.08671875 0.09140625
0 0.3640625 0.68671875 0.08671875 0.09609375
0 0.3765625 0.95078125 0.15 0.0984375
0 0.18046875 0.93203125 0.10078125 0.09609375
0 0.16328125 0.675 0.08671875 0.0796875
0 0.70703125 0.6484375 0.15390625 0.1421875
0 0.91328125 0.68203125 0.1203125 0.1203125
0 0.7921875 0.5140625 0.13125 0.028125
0 0.571875 0.66953125 0.0625 0.0484375
0 0.5875 0.52890625 0.05078125 0.05546875
0 0.76953125 0.81875 0.4609375 0.3625