0 0.328125 0.38671875 0.0984375 0.10546875
0 0.3984375 0.3046875 0.09609375 0.09140625
0 0.10546875 0.2390625 0.09609375 0.09609375
0 0.0609375 0.18828125 0.071875 0.0796875
0 0.13515625 0.1453125 0.09375 0.09375
0 0.23828125 0.04140625 0.0859375 0.0828125
0 0.4015625 0.05703125 0.1625 0.1140625
0 0.5046875 0.41953125 0.16875 0.2203125
0 0.965625 0.04296875 0.06875 0.0859375
0 0.9703125 0.1140625 0.059375 0.05625
0 0.81953125 0.1484375 0.071875 0.08203125
0 0.70390625 0.125 0.06953125 0.07421875
0 0.66484375 0.19921875 0.1109375 0.125
0 0.60078125 0.30234375 0.0234375 0.0671875
0 0.87578125 0.3109375 0.0796875 0.0890625
0 0.88203125 0.378125 0.053125 0.05546875
0 0.89140625 0.5203125 0.0578125 0.01875
0 0.14453125 0.54375 0.0734375 0.028125
0 0.12578125 0.578125 0.09140625 0.09140625
0 0.2078125 0.6203125 0.06953125 0.06953125
0 0.48515625 0.6921875 0.1875 0.20703125
0 0.57265625 0.6734375 0.0328125 0.075
0 0.57109375 0.85078125 0.0359375 0.0890625
0 0.56171875 0.93515625 0.0546875 0.0671875
0 0.4046875 0.8859375 0.07421875 0.0890625
0 0.07890625 0.82578125 0.146875 0.15390625
0 0.165625 0.89375 0.0890625 0.0890625
0 0.1546875 0.74609375 0.06015625 0.05546875
0 0.2203125 0.76171875 0.0578125 0.0625
0 0.37109375 0.7453125 0.0671875 0.06484375
0 0.446875 0.54609375 0.0625 0.0328125
0 0.87890625 0.671875 0.084375 0.08671875
0 0.7765625 0.83046875 0.06484375 0.0890625
0 0.76796875 0.66796875 0.0890625 0.0890625
0 0.8515625 0.54765625 0.065625 0.0359375