0 0.46875 0.23671875 0.0984375 0.0765625
0 0.915625 0.140625 0.1203125 0.11328125
0 0.76171875 0.19140625 0.06015625 0.0625
0 0.62109375 0.48046875 0.0765625 0.08671875
0 0.584375 0.5828125 0.0796875 0.06953125
0 0.890625 0.5359375 0.0765625 0.0765625
0 0.959375 0.56640625 0.0671875 0.0671875
0 0.89765625 0.6359375 0.0765625 0.071875
0 0.83984375 0.7765625 0.06484375 0.08203125
0 0.83515625 0.9015625 0.1203125 0.1078125
0 0.6859375 0.84609375 0.125 0.1421875
0 0.41328125 0.5171875 0.15859375 0.1921875
0 0.0375 0.0875 0.07421875 0.09609375
0 0.01171875 0.57109375 0.0234375 0.1078125
0 0.2078125 0.97578125 0.09375 0.0484375