0 0.34375 0.40078125 0.25 0.2578125
0 0.19609375 0.1609375 0.15390625 0.15625
0 0.44609375 0.42421875 0.0453125 0.2015625
0 0.33046875 0.253125 0.1078125 0.1078125
0 0.38828125 0.17421875 0.084375 0.084375
0 0.325 0.15859375 0.07421875 0.07421875
0 0.18984375 0.06328125 0.0765625 0.0765625
0 0.640625 0.18828125 0.0984375 0.1109375
0 0.54375 0.35546875 0.0890625 0.0890625
0 0.2546875 0.628125 0.334375 0.196875
0 0.43046875 0.61796875 0.0765625 0.1765625
0 0.14765625 0.95703125 0.1421875 0.0859375
0 0.40546875 0.8640625 0.08203125 0.07421875
0 0.7546875 0.89140625 0.1109375 0.1109375
0 0.81796875 0.81328125 0.10546875 0.10546875
0 0.8109375 0.74375 0.07421875 0.07421875
0 0.81953125 0.95390625 0.1140625 0.0921875
0 0.92265625 0.8125 0.0984375 0.10078125
0 0.71796875 0.653125 0.11328125 0.11796875
0 0.5453125 0.7015625 0.12265625 0.11796875