0 0.37265625 0.18984375 0.2328125 0.2953125
0 0.3796875 0.06015625 0.21875 0.1203125
0 0.6546875 0.39296875 0.09609375 0.10078125
0 0.60625 0.29375 0.08203125 0.08203125
0 0.825 0.2046875 0.290625 0.3125
0 0.85546875 0.37578125 0.1859375 0.1859375
0 0.8546875 0.0296875 0.0875 0.059375
0 0.8171875 0.01328125 0.09375 0.0265625
0 0.5234375 0.16171875 0.06875 0.0796875
0 0.51484375 0.4328125 0.0515625 0.071875
0 0.36796875 0.87890625 0.11328125 0.09140625
0 0.42578125 0.746875 0.1265625 0.134375
0 0.16953125 0.51953125 0.1296875 0.0984375
0 0.1828125 0.71328125 0.0578125 0.06484375
0 0.05546875 0.68203125 0.0765625 0.06484375
0 0.46015625 0.8328125 0.0578125 0.06875
0 0.665625 0.6890625 0.209375 0.2140625
0 0.7703125 0.7390625 0.07421875 0.0890625
0 0.940625 0.88359375 0.11875 0.1546875
0 0.94609375 0.584375 0.1078125 0.190625
0 0.678125 0.49765625 0.103125 0.0578125