0 0.803125 0.353125 0.20703125 0.19453125
0 0.18125 0.93359375 0.071875 0.0765625
0 0.0828125 0.87265625 0.10078125 0.09375
0 0.10546875 0.69453125 0.196875 0.20703125
0 0.18125 0.49375 0.1203125 0.1109375
0 0.103125 0.4390625 0.0796875 0.08203125
0 0.02734375 0.43046875 0.0546875 0.1296875
0 0.49609375 0.27421875 0.115625 0.1109375
0 0.21171875 0.11875 0.12265625 0.1078125
0 0.18984375 0.0375 0.16796875 0.07421875
0 0.3484375 0.1 0.0671875 0.071875
0 0.34609375 0.0015625 0.08671875 0.00234375
0 0.33984375 0.47109375 0.1078125 0.1109375
0 0.4265625 0.90234375 0.07421875 0.071875
0 0.4046875 0.83203125 0.071875 0.07421875
0 0.4546875 0.7125 0.0765625 0.07421875
0 0.4109375 0.57578125 0.0796875 0.084375
0 0.0828125 0.2328125 0.0625 0.071875
0 0.078125 0.15859375 0.071875 0.06953125
0 0.52265625 0.00390625 0.071875 0.00703125
0 0.79921875 0.1203125 0.08203125 0.0765625
0 0.93515625 0.25234375 0.1296875 0.1421875
0 0.584375 0.72734375 0.12265625 0.134375
0 0.66953125 0.25234375 0.084375 0.07421875
0 0.66015625 0.15625 0.06953125 0.05546875
0 0.59765625 0.1875 0.053125 0.0578125
0 0.421875 0.2046875 0.0578125 0.05546875
0 0.19140625 0.23828125 0.0578125 0.0671875
0 0.02421875 0.046875 0.0484375 0.0578125