0 0.328125 0.2984375 0.25 0.25
0 0.13125 0.49765625 0.1390625 0.1421875
0 0.42734375 0.48984375 0.0828125 0.0984375
0 0.43125 0.31640625 0.075 0.1859375
0 0.03125 0.0859375 0.0625 0.165625
0 0.27421875 0.4390625 0.0984375 0.09609375
0 0.3109375 0.521875 0.0796875 0.07421875
0 0.2484375 0.52421875 0.0671875 0.06953125
0 0.10625 0.58046875 0.06875 0.0578125
0 0.63359375 0.4015625 0.14453125 0.14921875
0 0.978125 0.3671875 0.04375 0.153125
0 0.77265625 0.1609375 0.4546875 0.321875
0 0.82109375 0.50546875 0.10078125 0.125
0 0.825 0.57421875 0.121875 0.0703125
0 0.8984375 0.59453125 0.059375 0.0296875
0 0.50859375 0.2890625 0.0578125 0.053125
0 0.5265625 0.07578125 0.05546875 0.0484375
0 0.55390625 0.54453125 0.06953125 0.0625
0 0.04140625 0.8265625 0.0828125 0.115625
0 0.3375 0.984375 0.14375 0.03125
0 0.3703125 0.759375 0.09609375 0.09609375
0 0.4390625 0.725 0.059375 0.084375
0 0.44609375 0.8 0.0453125 0.09375
0 0.51875 0.66953125 0.1 0.1203125
0 0.91640625 0.61875 0.0421875 0.01875
0 0.80546875 0.6703125 0.0578125 0.0578125
0 0.871875 0.7625 0.09140625 0.0796875