0 0.31953125 0.221875 0.1921875 0.2015625
0 0.04375 0.303125 0.0875 0.1125
0 0.4453125 0.325 0.128125 0.146875
0 0.1953125 0.32578125 0.0796875 0.0765625
0 0.12734375 0.38125 0.0484375 0.0375
0 0.7921875 0.3515625 0.159375 0.096875
0 0.96328125 0.24609375 0.0734375 0.0765625
0 0.9125 0.3171875 0.1734375 0.165625
0 0.66484375 0.25234375 0.1390625 0.1296875
0 0.521875 0.10625 0.025 0.1125
0 0.76015625 0.11328125 0.3515625 0.2265625
0 0.93359375 0.0609375 0.1328125 0.121875
0 0.56875 0.36171875 0.071875 0.0671875
0 0.03125 0.42265625 0.0625 0.0453125
0 0.2421875 0.51171875 0.09140625 0.1203125
0 0.221875 0.6546875 0.06953125 0.07421875
0 0.11953125 0.54140625 0.071875 0.0765625
0 0.39375 0.6546875 0.07421875 0.08203125
0 0.80234375 0.9234375 0.1828125 0.153125
0 0.54609375 0.98203125 0.0734375 0.0359375
0 0.51875 0.6 0.01875 0.06875
0 0.928125 0.984375 0.134375 0.03125
0 0.609375 0.5859375 0.1078125 0.12734375