0 0.11328125 0.1796875 0.1828125 0.18515625
0 0.11015625 0.4 0.071875 0.071875
0 0.23984375 0.275 0.134375 0.134375
0 0.015625 0.27421875 0.03125 0.0703125
0 0.00859375 0.365625 0.0171875 0.053125
0 0.496875 0.51484375 0.0890625 0.0890625
0 0.61953125 0.4703125 0.06953125 0.06953125
0 0.7140625 0.4828125 0.071875 0.06484375
0 0.66875 0.29140625 0.14453125 0.1515625
0 0.38203125 0.47578125 0.0265625 0.0453125
0 0.375 0.44609375 0.0125 0.0609375
0 0.39375 0.35703125 0.05 0.0609375
0 0.84609375 0.5359375 0.0671875 0.046875
0 0.57578125 0.1328125 0.0453125 0.04296875
0 0.7515625 0.065625 0.05078125 0.0484375
0 0.0453125 0.7515625 0.090625 0.2125
0 0.27578125 0.7796875 0.1859375 0.440625
0 0.46328125 0.8375 0.053125 0.05546875
0 0.6453125 0.796875 0.06953125 0.0765625
0 0.82890625 0.6078125 0.1109375 0.096875
0 0.7796875 0.66796875 0.10546875 0.10078125
0 0.88671875 0.9671875 0.0984375 0.065625
0 0.5921875 0.93125 0.09609375 0.1078125
0 0.43515625 0.56796875 0.0546875 0.0171875
0 0.9890625 0.72109375 0.021875 0.0546875