0 0.63359375 0.26796875 0.2546875 0.2546875
0 0.49609375 0.99296875 0.09375 0.0140625
0 0.3921875 0.98671875 0.125 0.0265625
0 0.3125 0.87734375 0.2546875 0.2453125
0 0.25859375 0.6921875 0.146875 0.146875
0 0.1734375 0.6875 0.10078125 0.103125
0 0.10078125 0.72734375 0.13203125 0.14453125
0 0.36796875 0.36171875 0.14453125 0.14453125
0 0.078125 0.384375 0.146875 0.146875
0 0.04921875 0.3109375 0.0984375 0.1828125
0 0.1671875 0.3015625 0.08671875 0.0890625
0 0.0984375 0.20546875 0.09140625 0.084375
0 0.36171875 0.59375 0.13671875 0.1390625
0 0.65625 0.884375 0.09140625 0.09375
0 0.603125 0.84140625 0.09140625 0.09375
0 0.57421875 0.7234375 0.09609375 0.09609375
0 0.4703125 0.6390625 0.103125 0.10546875
0 0.046875 0.53828125 0.084375 0.08671875
0 0.02421875 0.4828125 0.0484375 0.0890625
0 0.22734375 0.11796875 0.084375 0.08203125
0 0.5046875 0.08984375 0.10078125 0.10078125
0 0.6828125 0.11875 0.1875 0.1875
0 0.6765625 0.66953125 0.16328125 0.16796875
0 0.48203125 0.25859375 0.10078125 0.0984375
0 0.4234375 0.1875 0.0796875 0.0765625
0 0.39453125 0.24375 0.06953125 0.06953125
0 0.27734375 0.3453125 0.06953125 0.071875
0 0.12734375 0.48828125 0.0765625 0.0796875