0 0.38671875 0.2140625 0.14921875 0.14921875
0 0.1859375 0.146875 0.10078125 0.11328125
0 0.5421875 0.0671875 0.1828125 0.134375
0 0.5890625 0.32421875 0.1421875 0.1390625
0 0.43515625 0.4734375 0.0765625 0.09375
0 0.3765625 0.4671875 0.09140625 0.1078125
0 0.2140625 0.36875 0.196875 0.15859375
0 0.053125 0.43515625 0.05078125 0.06015625
0 0.07578125 0.15859375 0.0578125 0.06484375
0 0.1875 0.6 0.0890625 0.0890625
0 0.11796875 0.578125 0.0890625 0.0984375
0 0.38671875 0.696875 0.084375 0.0890625
0 0.3640625 0.634375 0.06953125 0.0671875
0 0.21640625 0.94453125 0.0984375 0.10078125
0 0.375 0.834375 0.08671875 0.0890625
0 0.509375 0.86796875 0.0890625 0.08203125
0 0.60703125 0.946875 0.08203125 0.0796875
0 0.9375 0.9515625 0.125 0.09609375
0 0.83046875 0.6046875 0.06953125 0.06015625
0 0.98203125 0.6453125 0.0359375 0.0765625
0 0.13671875 0.728125 0.0625 0.0796875
0 0.071875 0.7359375 0.0625 0.06015625