0 0.48671875 0.4390625 0.1609375 0.059375
0 0.31875 0.35546875 0.14921875 0.15625
0 0.4828125 0.2328125 0.084375 0.10078125
0 0.53515625 0.24609375 0.10078125 0.11796875
0 0.6703125 0.36484375 0.2046875 0.1828125
0 0.72890625 0.14609375 0.09609375 0.0984375
0 0.76015625 0.17578125 0.0390625 0.1078125
0 0.56015625 0.0359375 0.0921875 0.071875
0 0.57265625 0.0859375 0.07421875 0.07421875
0 0.14140625 0.04921875 0.07421875 0.0671875
0 0.76875 0.0359375 0.021875 0.071875
0 0.8765625 0.29140625 0.1734375 0.1703125
0 0.9515625 0.11171875 0.096875 0.1578125
0 0.98671875 0.19453125 0.0265625 0.1078125
0 0.9625 0.459375 0.075 0.01875
0 0.93515625 0.4140625 0.06484375 0.0625
0 0.88984375 0.23984375 0.2203125 0.4578125
0 0.19453125 0.83828125 0.084375 0.10078125
0 0.2890625 0.8375 0.0796875 0.0765625
0 0.02109375 0.92265625 0.0421875 0.0546875
0 0.2921875 0.59921875 0.0890625 0.09609375
0 0.1765625 0.584375 0.06015625 0.0671875
0 0.17265625 0.4890625 0.0984375 0.040625
0 0.40390625 0.54140625 0.0984375 0.084375
0 0.4046875 0.60546875 0.05546875 0.06015625
0 0.72578125 0.903125 0.103125 0.103125
0 0.75546875 0.65 0.0484375 0.071875
0 0.6234375 0.8890625 0.07421875 0.0765625
0 0.46015625 0.73515625 0.0625 0.0671875
0 0.9015625 0.6203125 0.09375 0.10078125
0 0.9765625 0.72265625 0.046875 0.0671875
0 0.790625 0.51953125 0.021875 0.0484375
0 0.8296875 0.5515625 0.05546875 0.0625
0 0.8390625 0.62265625 0.06015625 0.071875