0 0.39453125 0.53828125 0.1484375 0.1421875
0 0.23125 0.4234375 0.084375 0.10078125
0 0.17890625 0.43671875 0.10078125 0.11796875
0 0.07265625 0.53671875 0.1453125 0.1453125
0 0.01640625 0.33671875 0.0328125 0.0984375
0 0.153125 0.21328125 0.09140625 0.0984375
0 0.14140625 0.2765625 0.07421875 0.07421875
0 0.12109375 0.08203125 0.09375 0.0984375
0 0.2390625 0.0375 0.09375 0.075
0 0.80859375 0.01796875 0.0953125 0.0359375
0 0.88046875 0.03515625 0.0734375 0.0703125
0 0.86875 0.29453125 0.1078125 0.11328125
0 0.8453125 0.39765625 0.16796875 0.16796875
0 0.71015625 0.46015625 0.115625 0.11328125
0 0.58203125 0.5625 0.0765625 0.0765625
0 0.51640625 0.53515625 0.0953125 0.1140625
0 0.52578125 0.38671875 0.1140625 0.1203125
0 0.484375 0.35390625 0.03125 0.0984375
0 0.78984375 0.58984375 0.0890625 0.0390625
0 0.69140625 0.58125 0.0921875 0.05625
0 0.98671875 0.56796875 0.0265625 0.0671875
0 0.98046875 0.51171875 0.0390625 0.0734375
0 0.96328125 0.23046875 0.0734375 0.0796875
0 0.91484375 0.14765625 0.0765625 0.084375
0 0.75390625 0.14921875 0.08203125 0.0890625
0 0.646875 0.19453125 0.1078125 0.103125
0 0.671875 0.271875 0.07421875 0.0765625
0 0.43984375 0.84921875 0.0578125 0.2078125
0 0.39609375 0.9390625 0.1453125 0.121875
0 0.3421875 0.87109375 0.084375 0.08671875
0 0.1140625 0.91640625 0.178125 0.1671875
0 0.05625 0.74921875 0.1125 0.1296875
0 0.065625 0.63515625 0.090625 0.0515625
0 0.2328125 0.63828125 0.071875 0.0578125
0 0.7671875 0.6359375 0.2375 0.053125
0 0.58046875 0.8609375 0.2234375 0.23125
0 0.74375 0.9625 0.0875 0.075
0 0.95 0.678125 0.09375 0.08671875
0 0.96796875 0.81640625 0.0640625 0.0765625
0 0.53984375 0.65390625 0.1421875 0.0890625