0 0.38671875 0.22265625 0.19921875 0.2015625
0 0.48203125 0.0609375 0.1453125 0.121875
0 0.18359375 0.2078125 0.21640625 0.2140625
0 0.3171875 0.4265625 0.1875 0.18984375
0 0.521875 0.44375 0.11328125 0.115625
0 0.55859375 0.40390625 0.134375 0.13671875
0 0.6078125 0.23203125 0.240625 0.23828125
0 0.76328125 0.18125 0.071875 0.07421875
0 0.5671875 0.0171875 0.08203125 0.03359375
0 0.775 0.3859375 0.1203125 0.1203125
0 0.8109375 0.3265625 0.12734375 0.12734375
0 0.69921875 0.5796875 0.115625 0.11796875
0 0.67578125 0.51953125 0.09140625 0.09140625
0 0.95546875 0.65859375 0.0890625 0.134375
0 0.796875 0.6734375 0.11796875 0.11796875
0 0.72578125 0.78125 0.115625 0.115625
0 0.7078125 0.89765625 0.1078125 0.1078125
0 0.33046875 0.7828125 0.08671875 0.08671875
0 0.24140625 0.9125 0.09375 0.09609375
0 0.89453125 0.44921875 0.09609375 0.0984375
0 0.94453125 0.415625 0.08203125 0.08203125