0 0.1625 0.4828125 0.04375 0.0125
0 0.26171875 0.446875 0.0546875 0.05625
0 0.2703125 0.16796875 0.03359375 0.03359375
0 0.2296875 0.13125 0.0453125 0.0625
0 0.0515625 0.05078125 0.05546875 0.040625
0 0.6765625 0.4515625 0.11875 0.075
0 0.32265625 0.07421875 0.0671875 0.1109375
0 0.74921875 0.175 0.11328125 0.1078125
0 0.68359375 0.26875 0.09609375 0.09140625
0 0.53125 0.04140625 0.09375 0.0828125
0 0.4984375 0.01953125 0.08125 0.0390625
0 0.37265625 0.0140625 0.1046875 0.028125
0 0.9953125 0.0984375 0.009375 0.096875
0 0.221875 0.6390625 0.134375 0.25625
0 0.1578125 0.878125 0.1109375 0.10546875
0 0.190625 0.9921875 0.0625 0.015625
0 0.075 0.72890625 0.040625 0.03828125
0 0.41328125 0.60625 0.07421875 0.08671875
0 0.49296875 0.51640625 0.0609375 0.0546875
0 0.59921875 0.51875 0.0578125 0.059375
0 0.74609375 0.57265625 0.0578125 0.0765625
0 0.97734375 0.5015625 0.0453125 0.025
0 0.9375 0.7671875 0.125 0.1296875
0 0.9515625 0.63515625 0.06484375 0.0453125
0 0.7140625 0.65 0.071875 0.06015625
0 0.70703125 0.7046875 0.053125 0.0765625
0 0.61640625 0.75625 0.0578125 0.06484375
0 0.5046875 0.675 0.0796875 0.084375
0 0.321875 0.53046875 0.06484375 0.06953125
0 0.3734375 0.91875 0.06484375 0.084375
0 0.4640625 0.7484375 0.1703125 0.25
0 0.43828125 0.5171875 0.0640625 0.05625