0 0.5046875 0.05546875 0.128125 0.1109375
0 0.03203125 0.05546875 0.03359375 0.03828125
0 0.02890625 0.09140625 0.02890625 0.03359375
0 0.203125 0.13515625 0.05546875 0.040625
0 0.35546875 0.084375 0.0578125 0.0453125
0 0.32578125 0.13984375 0.0484375 0.03359375
0 0.3640625 0.1828125 0.05078125 0.05078125
0 0.4515625 0.2421875 0.04296875 0.040625
0 0.51875 0.36953125 0.03828125 0.05546875
0 0.19296875 0.19765625 0.04296875 0.03359375
0 0.1765625 0.234375 0.03359375 0.040625
0 0.23046875 0.2578125 0.05078125 0.053125
0 0.2734375 0.2765625 0.03359375 0.0453125
0 0.28359375 0.3203125 0.071875 0.0671875
0 0.36640625 0.31640625 0.03359375 0.03828125
0 0.31484375 0.37421875 0.04296875 0.0453125
0 0.21484375 0.42578125 0.0578125 0.05546875
0 0.53671875 0.5078125 0.0453125 0.06484375
0 0.06796875 0.3921875 0.03359375 0.03828125
0 0.953125 0.49765625 0.09140625 0.0671875
0 0.73203125 0.24296875 0.05078125 0.053125
0 0.6765625 0.19609375 0.06015625 0.05078125
0 0.68984375 0.12109375 0.053125 0.0484375
0 0.8796875 0.303125 0.04296875 0.0453125
0 0.78828125 0.44375 0.06015625 0.071875
0 0.69609375 0.0421875 0.05078125 0.040625
0 0.296875 0.9328125 0.284375 0.134375
0 0.54765625 0.925 0.0421875 0.125
0 0.5578125 0.76015625 0.021875 0.0796875
0 0.065625 0.6640625 0.084375 0.10546875
0 0.1515625 0.6421875 0.0625 0.065625
0 0.35234375 0.7875 0.0625 0.06015625
0 0.4375 0.79375 0.06484375 0.053125
0 0.2078125 0.8453125 0.07421875 0.07421875
0 0.890625 0.79765625 0.1734375 0.2015625
0 0.6046875 0.8984375 0.071875 0.125