0 0.0828125 0.68359375 0.165625 0.2984375
0 0.6828125 0.890625 0.2859375 0.21875
0 0.4578125 0.9734375 0.0671875 0.053125
0 0.5015625 0.8859375 0.0484375 0.05078125
0 0.55078125 0.9328125 0.06484375 0.0671875
0 0.5203125 0.85546875 0.040625 0.040625
0 0.38671875 0.73671875 0.0671875 0.0625
0 0.228125 0.71015625 0.071875 0.0671875
0 0.2796875 0.67578125 0.0578125 0.05078125
0 0.2671875 0.61875 0.0671875 0.0671875
0 0.01171875 0.50625 0.0234375 0.13125
0 0.05546875 0.5328125 0.1109375 0.1515625
0 0.02421875 0.4171875 0.0484375 0.08671875
0 0.21640625 0.5265625 0.0578125 0.0578125
0 0.071875 0.44453125 0.0796875 0.0796875
0 0.11796875 0.396875 0.0625 0.06484375
0 0.21640625 0.38203125 0.06015625 0.0671875
0 0.42421875 0.6859375 0.05546875 0.05078125
0 0.45703125 0.66015625 0.0484375 0.053125
0 0.41953125 0.6140625 0.0671875 0.06953125
0 0.390625 0.578125 0.053125 0.0578125
0 0.4015625 0.5359375 0.09375 0.09375
0 0.3265625 0.5 0.0484375 0.05078125
0 0.39921875 0.47265625 0.06015625 0.06015625
0 0.8140625 0.78515625 0.0796875 0.0765625
0 0.78515625 0.7171875 0.0671875 0.071875
0 0.85546875 0.68984375 0.05546875 0.0625
0 0.89921875 0.7140625 0.05546875 0.0578125
0 0.884375 0.62890625 0.08203125 0.08671875
0 0.9171875 0.58203125 0.06015625 0.06015625
0 0.51171875 0.4734375 0.07421875 0.07421875
0 0.26328125 0.2515625 0.06953125 0.0796875
0 0.2921875 0.13125 0.05546875 0.06015625
0 0.375 0.09765625 0.08671875 0.08671875
0 0.27890625 0.00859375 0.07421875 0.0171875
0 0.3859375 0.00390625 0.084375 0.00703125
0 0.4 0.0375 0.0625 0.06015625
0 0.6984375 0.33671875 0.0671875 0.06015625
0 0.646875 0.228125 0.0484375 0.0484375
0 0.62890625 0.178125 0.06953125 0.0765625
0 0.7390625 0.26953125 0.05546875 0.053125
0 0.6921875 0.25390625 0.053125 0.05546875
0 0.8265625 0.25703125 0.14921875 0.13671875
0 0.91953125 0.4390625 0.05546875 0.06484375
0 0.91015625 0.5015625 0.0671875 0.06484375
0 0.8265625 0.39453125 0.0578125 0.05546875
0 0.69921875 0.64765625 0.0453125 0.0453125
0 0.6265625 0.57109375 0.0484375 0.05078125
0 0.50703125 0.02734375 0.0671875 0.0546875
0 0.978125 0.50703125 0.04296875 0.09609375