0 0.4984375 0.55625 0.040625 0.2875
0 0.4171875 0.6484375 0.0484375 0.05078125
0 0.48984375 0.65 0.0578125 0.065625
0 0.4125 0.6109375 0.03828125 0.040625
0 0.2078125 0.61015625 0.06953125 0.0578125
0 0.04765625 0.68515625 0.0734375 0.0296875
0 0.06953125 0.6359375 0.06015625 0.0453125
0 0.025 0.60078125 0.05 0.0640625
0 0.2046875 0.5421875 0.0578125 0.0484375
0 0.2125 0.49921875 0.0453125 0.05078125
0 0.146875 0.48984375 0.0671875 0.0671875
0 0.0953125 0.48125 0.05078125 0.05546875
0 0.07421875 0.43828125 0.09609375 0.0890625
0 0.028125 0.38984375 0.05625 0.0578125
0 0.125 0.3109375 0.0765625 0.06953125
0 0.18984375 0.06875 0.071875 0.05546875
0 0.06640625 0.0203125 0.0484375 0.040625
0 0.02265625 0.01484375 0.0453125 0.0296875
0 0.17734375 0.00546875 0.0546875 0.0109375
0 0.125 0.01640625 0.053125 0.0328125
0 0.459375 0.01328125 0.053125 0.0265625
0 0.4890625 0.05 0.059375 0.059375
0 0.34453125 0.025 0.0609375 0.05
0 0.41796875 0.31796875 0.0453125 0.04296875
0 0.296875 0.3078125 0.0453125 0.0484375
0 0.79921875 0.43984375 0.4015625 0.5203125
0 0.628125 0.50234375 0.21875 0.2390625
0 0.653125 0.63515625 0.14375 0.1296875
0 0.67421875 0.03671875 0.1203125 0.0734375
0 0.94453125 0.121875 0.10546875 0.103125
0 0.70546875 0.1296875 0.12265625 0.12265625
0 0.42109375 0.92734375 0.1296875 0.1453125
0 0.1125 0.9515625 0.06484375 0.0578125
0 0.2171875 0.85703125 0.07421875 0.09375
0 0.17421875 0.7125 0.0796875 0.025
0 0.36640625 0.74140625 0.06953125 0.07421875
0 0.259375 0.98828125 0.075 0.0234375
0 0.090625 0.81640625 0.06484375 0.0671875
0 0.07421875 0.740625 0.071875 0.0796875
0 0.103125 0.7140625 0.084375 0.028125
0 0.040625 0.8296875 0.08125 0.075
0 0.0390625 0.9125 0.078125 0.084375
0 0.4703125 0.82734375 0.096875 0.1078125
0 0.66328125 0.978125 0.0765625 0.04375
0 0.59609375 0.98984375 0.0578125 0.0203125
0 0.6328125 0.809375 0.053125 0.0625
0 0.98359375 0.9515625 0.0328125 0.065625
0 0.9265625 0.953125 0.13125 0.09375
0 0.978125 0.8015625 0.04375 0.075
0 0.75703125 0.95625 0.1109375 0.0875