0 0.025 0.12265625 0.05 0.0859375
0 0.11171875 0.0265625 0.0703125 0.053125
0 0.1484375 0.05 0.084375 0.0890625
0 0.21328125 0.15234375 0.09609375 0.08671875
0 0.2734375 0.07890625 0.0578125 0.05078125
0 0.209375 0.25546875 0.09140625 0.0890625
0 0.30234375 0.3921875 0.3015625 0.115625
0 0.584375 0.396875 0.05 0.0625
0 0.52578125 0.43984375 0.0765625 0.0203125
0 0.528125 0.34375 0.05078125 0.05078125
0 0.390625 0.29296875 0.071875 0.06953125
0 0.425 0.359375 0.06015625 0.0578125
0 0.50625 0.29296875 0.05078125 0.03828125
0 0.41640625 0.2484375 0.0484375 0.04296875
0 0.35703125 0.19921875 0.0453125 0.0484375
0 0.2921875 0.25703125 0.0484375 0.0484375
0 0.3875 0.0921875 0.084375 0.08203125
0 0.4609375 0.13046875 0.03828125 0.040625
0 0.55234375 0.171875 0.1140625 0.178125
0 0.015625 0.26796875 0.03125 0.0421875
0 0.775 0.40078125 0.103125 0.0984375
0 0.77421875 0.328125 0.0796875 0.08671875
0 0.67109375 0.303125 0.1234375 0.125
0 0.71015625 0.10078125 0.0984375 0.09609375
0 0.77421875 0.10390625 0.3296875 0.2078125
0 0.95 0.290625 0.0578125 0.06484375
0 0.90546875 0.25390625 0.06484375 0.0671875
0 0.50703125 0.80859375 0.08671875 0.084375
0 0.5296875 0.878125 0.071875 0.0984375
0 0.1 0.6484375 0.084375 0.08671875
0 0.30390625 0.57265625 0.071875 0.084375
0 0.41484375 0.65078125 0.071875 0.0765625
0 0.30546875 0.77734375 0.07421875 0.08671875
0 0.51953125 0.66875 0.0625 0.06015625
0 0.515625 0.5859375 0.06953125 0.084375
0 0.5828125 0.55625 0.053125 0.134375
0 0.165625 0.5125 0.3125 0.125
0 0.22265625 0.91171875 0.084375 0.07421875
0 0.10859375 0.9625 0.0546875 0.075
0 0.9609375 0.66796875 0.078125 0.1515625
0 0.875 0.81015625 0.125 0.12265625
0 0.83515625 0.92890625 0.09375 0.09140625
0 0.753125 0.8265625 0.08671875 0.08671875
0 0.6421875 0.58125 0.065625 0.125
0 0.93203125 0.99375 0.0859375 0.0125
0 0.69921875 0.72265625 0.08671875 0.08671875