0 0.73828125 0.68359375 0.10078125 0.071875
0 0.915625 0.59609375 0.0765625 0.08671875
0 0.90625 0.23828125 0.146875 0.125
0 0.7921875 0.4703125 0.0625 0.0796875
0 0.71015625 0.4125 0.08203125 0.0890625
0 0.5828125 0.33671875 0.09140625 0.08671875
0 0.6265625 0.234375 0.05546875 0.0484375
0 0.76953125 0.0296875 0.1109375 0.059375
0 0.8890625 0.0046875 0.06953125 0.009375
0 0.56953125 0.11875 0.08203125 0.0765625
0 0.56484375 0.046875 0.08671875 0.084375
0 0.45703125 0.0765625 0.07421875 0.0890625
0 0.2921875 0.1453125 0.08671875 0.0890625
0 0.4734375 0.21484375 0.0765625 0.07421875
0 0.428125 0.24765625 0.09140625 0.0890625
0 0.3421875 0.35078125 0.103125 0.08671875
0 0.27890625 0.2671875 0.0625 0.0484375
0 0.3375 0.46015625 0.0984375 0.0890625
0 0.6078125 0.67578125 0.06015625 0.05546875
0 0.66015625 0.7140625 0.06953125 0.071875
0 0.47109375 0.896875 0.05078125 0.0578125
0 0.40859375 0.890625 0.053125 0.05078125
0 0.3890625 0.7703125 0.071875 0.05546875
0 0.80859375 0.71875 0.27421875 0.3078125
0 0.19921875 0.765625 0.3125 0.44453125
0 0.12109375 0.484375 0.0796875 0.06953125
0 0.0765625 0.5515625 0.0671875 0.0578125
0 0.00703125 0.475 0.0140625 0.0359375
0 0.0953125 0.43515625 0.053125 0.040625
0 0.16953125 0.38828125 0.0484375 0.0484375
0 0.2390625 0.4546875 0.05078125 0.0484375
0 0.1453125 0.271875 0.09140625 0.08203125
0 0.05625 0.30546875 0.040625 0.040625
0 0.0015625 0.3390625 0.00234375 0.178125
0 0.1296875 0.07578125 0.0453125 0.04296875
0 0.19921875 0.1265625 0.0484375 0.0484375
0 0.0765625 0.02890625 0.05078125 0.0578125
0 0.43359375 0.03125 0.053125 0.03828125
0 0.4484375 0.01796875 0.05546875 0.0359375
0 0.73203125 0.27265625 0.0578125 0.0453125
0 0.73203125 0.2078125 0.06953125 0.05546875
0 0.6921875 0.1578125 0.071875 0.0796875
0 0.56640625 0.49140625 0.04296875 0.04296875
0 0.7125 0.90234375 0.0359375 0.03125
0 0.8546875 0.92421875 0.0671875 0.0578125
0 0.97109375 0.9734375 0.0484375 0.0484375