0 0.4109375 0.465625 0.228125 0.128125
0 0.1109375 0.40390625 0.09140625 0.103125
0 0.03515625 0.34453125 0.0703125 0.1046875
0 0.04453125 0.11328125 0.0890625 0.1234375
0 0.2484375 0.29609375 0.053125 0.05078125
0 0.2484375 0.20078125 0.0578125 0.06015625
0 0.33984375 0.37265625 0.03828125 0.04296875
0 0.35078125 0.2875 0.04296875 0.0453125
0 0.41640625 0.296875 0.0890625 0.09140625
0 0.52734375 0.43671875 0.05078125 0.0671875
0 0.69296875 0.4578125 0.0765625 0.0796875
0 0.6296875 0.45234375 0.0578125 0.0671875
0 0.5546875 0.296875 0.21640625 0.25234375
0 0.48984375 0.18515625 0.053125 0.0484375
0 0.64140625 0.2 0.0578125 0.05546875
0 0.74375 0.2765625 0.05 0.09375
0 0.759375 0.0703125 0.01875 0.0625
0 0.7609375 0.0140625 0.015625 0.028125
0 0.21328125 0.02421875 0.0796875 0.0484375
0 0.15078125 0.02265625 0.0578125 0.0453125
0 0.20234375 0.115625 0.06953125 0.0625
0 0.2984375 0.07734375 0.0578125 0.053125
0 0.32421875 0.12890625 0.03828125 0.04296875
0 0.31328125 0.17421875 0.04296875 0.03828125
0 0.3640625 0.14296875 0.053125 0.05546875
0 0.4078125 0.19765625 0.0453125 0.05546875
0 0.46015625 0.07109375 0.0453125 0.053125
0 0.83046875 0.38671875 0.1234375 0.2859375
0 0.92890625 0.08046875 0.1421875 0.1609375
0 0.94609375 0.234375 0.1078125 0.115625
0 0.84453125 0.30078125 0.1109375 0.1109375
0 0.7203125 0.97265625 0.09375 0.0546875
0 0.6390625 0.9171875 0.0890625 0.103125
0 0.5359375 0.8234375 0.103125 0.10546875
0 0.72578125 0.82734375 0.0859375 0.1203125
0 0.4734375 0.671875 0.06484375 0.0796875
0 0.44609375 0.56015625 0.0765625 0.0609375
0 0.178125 0.9296875 0.06015625 0.071875
0 0.27890625 0.859375 0.05546875 0.0578125
0 0.0953125 0.74921875 0.190625 0.2203125
0 0.27421875 0.54140625 0.0515625 0.0234375
0 0.1328125 0.5578125 0.0625 0.05625
0 0.634375 0.57578125 0.06015625 0.053125
0 0.7015625 0.58046875 0.04296875 0.04296875
0 0.7546875 0.5640625 0.028125 0.06875
0 0.70625 0.5390625 0.04375 0.01875
0 0.95703125 0.709375 0.0859375 0.09375
0 0.8171875 0.78515625 0.096875 0.1515625
0 0.81484375 0.92578125 0.0921875 0.1109375
0 0.86640625 0.95703125 0.06015625 0.0625
0 0.9015625 0.9265625 0.0671875 0.06484375
0 0.95703125 0.94296875 0.0859375 0.1015625