0 0.0578125 0.23125 0.115625 0.340625
0 0.084375 0.45234375 0.1296875 0.1296875
0 0.34609375 0.5125 0.0796875 0.0125
0 0.26953125 0.35859375 0.14453125 0.14453125
0 0.37890625 0.4703125 0.1015625 0.096875
0 0.38515625 0.3796875 0.15859375 0.15859375
0 0.50546875 0.32109375 0.0671875 0.1421875
0 0.4890625 0.19296875 0.1 0.1796875
0 0.22890625 0.1765625 0.0765625 0.0765625
0 0.29140625 0.1046875 0.08671875 0.08671875
0 0.1015625 0.17109375 0.06015625 0.0625
0 0.14921875 0.09765625 0.0671875 0.0671875
0 0.0875 0.0625 0.134375 0.125
0 0.446875 0.01953125 0.11875 0.0390625
0 0.49453125 0.0375 0.0890625 0.075
0 0.3859375 0.07109375 0.0984375 0.0984375
0 0.275 0.0125 0.059375 0.025
0 0.25390625 0.0375 0.0625 0.06015625
0 0.23359375 0.00859375 0.0796875 0.0171875
0 0.16015625 0.01171875 0.0734375 0.0234375
0 0.77578125 0.48046875 0.0953125 0.0765625
0 0.82265625 0.40546875 0.0890625 0.11328125
0 0.92734375 0.47578125 0.0890625 0.0859375
0 0.6484375 0.14453125 0.125 0.1390625
0 0.91953125 0.14921875 0.11328125 0.1390625
0 0.93828125 0.2984375 0.1234375 0.146875
0 0.496875 0.76640625 0.084375 0.1515625
0 0.1640625 0.9734375 0.1 0.053125
0 0.2296875 0.9625 0.0625 0.06484375
0 0.21171875 0.8265625 0.0484375 0.05546875
0 0.34296875 0.90234375 0.0578125 0.053125
0 0.3296875 0.80859375 0.053125 0.05546875
0 0.27421875 0.80078125 0.06953125 0.07421875
0 0.19609375 0.7390625 0.09609375 0.10078125
0 0.13359375 0.79296875 0.0578125 0.0625
0 0.02578125 0.8625 0.0515625 0.065625
0 0.0921875 0.83984375 0.0625 0.06953125
0 0.0640625 0.75703125 0.0453125 0.04296875
0 0.29140625 0.6671875 0.10078125 0.115625
0 0.13515625 0.68125 0.10078125 0.09375
0 0.03046875 0.6234375 0.0484375 0.0484375
0 0.01171875 0.5734375 0.0234375 0.06875
0 0.0921875 0.553125 0.09375 0.06875
0 0.034375 0.5734375 0.053125 0.0625
0 0.0265625 0.5359375 0.053125 0.034375
0 0.3359375 0.54140625 0.103125 0.0453125
0 0.51640625 0.91484375 0.0453125 0.0671875
0 0.3265625 0.99453125 0.04375 0.0109375
0 0.39296875 0.97421875 0.1046875 0.0515625
0 0.1859375 0.52578125 0.05625 0.0140625
0 0.23515625 0.60234375 0.02890625 0.0359375
0 0.5875 0.98515625 0.065625 0.0296875
0 0.5546875 0.9796875 0.03125 0.040625
0 0.690625 0.61484375 0.0984375 0.0984375
0 0.659375 0.815625 0.08203125 0.084375
0 0.8828125 0.76875 0.0578125 0.06484375
0 0.85859375 0.70625 0.0578125 0.06015625
0 0.93828125 0.66484375 0.08203125 0.09375
0 0.58984375 0.5703125 0.06484375 0.06484375
0 0.58125 0.70703125 0.0484375 0.0578125
0 0.9046875 0.9546875 0.0359375 0.0359375