0 0.14609375 0.4046875 0.0765625 0.009375
0 0.1921875 0.3515625 0.121875 0.115625
0 0.2328125 0.31171875 0.06015625 0.0671875
0 0.2671875 0.32890625 0.0453125 0.0578125
0 0.41640625 0.3828125 0.0765625 0.053125
0 0.44140625 0.21875 0.2765625 0.321875
0 0.49453125 0.034375 0.053125 0.06015625
0 0.39140625 0.01484375 0.1203125 0.0296875
0 0.3078125 0.1546875 0.071875 0.0890625
0 0.1359375 0.21953125 0.103125 0.1078125
0 0.20234375 0.19765625 0.08203125 0.09140625
0 0.24140625 0.0859375 0.3015625 0.171875
0 0.03515625 0.0453125 0.0703125 0.090625
0 0.92421875 0.1140625 0.1515625 0.209375
0 0.965625 0.2875 0.06875 0.1
0 0.4921875 0.98125 0.175 0.0375
0 0.421875 0.46640625 0.125 0.1140625
0 0.56875 0.47734375 0.021875 0.0640625
0 0.19453125 0.46484375 0.1078125 0.10546875
0 0.27109375 0.7828125 0.0625 0.0625
0 0.42734375 0.7984375 0.0578125 0.0578125
0 0.3421875 0.68203125 0.071875 0.071875
0 0.07265625 0.66171875 0.0484375 0.0484375
0 0.03046875 0.52890625 0.0609375 0.0671875
0 0.21484375 0.7484375 0.06484375 0.0625
0 0.1296875 0.7375 0.04296875 0.04296875
0 0.5234375 0.5796875 0.0453125 0.0453125
0 0.86640625 0.77109375 0.165625 0.165625
0 0.89765625 0.5421875 0.125 0.12734375
0 0.95234375 0.95859375 0.0953125 0.0828125