0 0.0453125 0.07578125 0.090625 0.1515625
0 0.290625 0.04140625 0.071875 0.06953125
0 0.23671875 0.11953125 0.08203125 0.08203125
0 0.409375 0.0296875 0.0578125 0.0578125
0 0.3703125 0.10625 0.0625 0.0625
0 0.4234375 0.134375 0.1125 0.125
0 0.43125 0.2125 0.096875 0.33125
0 0.42734375 0.26875 0.06953125 0.06953125
0 0.125 0.38359375 0.13203125 0.13203125
0 0.09921875 0.25859375 0.1109375 0.1109375
0 0.0515625 0.2171875 0.08203125 0.084375
0 0.1515625 0.1640625 0.09375 0.09140625
0 0.20859375 0.24921875 0.0765625 0.07421875
0 0.259375 0.221875 0.0578125 0.0578125
0 0.2765625 0.17734375 0.0578125 0.0578125
0 0.3 0.23125 0.07421875 0.07421875
0 0.3671875 0.21171875 0.0671875 0.06953125
0 0.3390625 0.346875 0.0671875 0.06953125
0 0.0453125 0.4125 0.06953125 0.071875
0 0.0125 0.3921875 0.025 0.0625
0 0.01171875 0.44921875 0.0234375 0.0390625
0 0.27265625 0.40546875 0.0625 0.06484375
0 0.73515625 0.21640625 0.125 0.103125
0 0.9296875 0.35625 0.0578125 0.06953125
0 0.909375 0.45625 0.09375 0.025
0 0.76484375 0.43125 0.0796875 0.075
0 0.66640625 0.40078125 0.05078125 0.040625
0 0.63125 0.3046875 0.0578125 0.0765625
0 0.49921875 0.11171875 0.0390625 0.0578125
0 0.66015625 0.11328125 0.05546875 0.05546875
0 0.6390625 0.015625 0.11875 0.03125
0 0.521875 0.4515625 0.053125 0.034375
0 0.2109375 0.58828125 0.084375 0.09140625
0 0.4328125 0.54765625 0.09375 0.0953125
0 0.45625 0.7796875 0.046875 0.071875
0 0.30703125 0.77109375 0.09609375 0.09609375
0 0.20234375 0.909375 0.1703125 0.18125
0 0.01875 0.72109375 0.0375 0.0890625
0 0.67109375 0.50703125 0.1109375 0.0765625
0 0.8 0.5015625 0.071875 0.065625
0 0.4953125 0.57734375 0.03125 0.1140625
0 0.5421875 0.72890625 0.103125 0.11328125
0 0.62421875 0.90078125 0.16328125 0.17578125
0 0.77578125 0.89140625 0.103125 0.10078125