0 0.4015625 0.63125 0.0890625 0.0671875
0 0.1765625 0.57109375 0.0765625 0.084375
0 0.0953125 0.5375 0.09375 0.09140625
0 0.44375 0.78359375 0.08203125 0.0625
0 0.44375 0.9421875 0.11328125 0.103125
0 0.1390625 0.82578125 0.06484375 0.06015625
0 0.03125 0.7765625 0.05546875 0.0796875
0 0.959375 0.95546875 0.0796875 0.0765625
0 0.96640625 0.5640625 0.0625 0.0984375
0 0.9125 0.5625 0.071875 0.0671875
0 0.83515625 0.39453125 0.0578125 0.0625
0 0.95078125 0.28125 0.071875 0.0625
0 0.9734375 0.196875 0.053125 0.0453125
0 0.52890625 0.1859375 0.0625 0.05546875
0 0.49375 0.26953125 0.053125 0.0578125
0 0.44921875 0.2359375 0.04296875 0.0453125
0 0.3953125 0.0640625 0.0484375 0.05546875
0 0.2765625 0.06640625 0.0484375 0.040625
0 0.0671875 0.20703125 0.0578125 0.0578125
0 0.0625 0.3265625 0.053125 0.0578125
0 0.16953125 0.234375 0.2640625 0.3265625
0 0.54453125 0.4484375 0.071875 0.07421875
0 0.34609375 0.49609375 0.0578125 0.0671875
0 0.2046875 0.47265625 0.04296875 0.05546875
0 0.3265625 0.71640625 0.05546875 0.0578125
0 0.59765625 0.9625 0.053125 0.0484375
0 0.66796875 0.9078125 0.0453125 0.05078125