0 0.275 0.1125 0.115625 0.11796875
0 0.2171875 0.2125 0.15625 0.153125
0 0.08359375 0.25859375 0.0703125 0.0609375
0 0.33203125 0.24140625 0.053125 0.05078125
0 0.40859375 0.04375 0.1015625 0.05625
0 0.409375 0.1234375 0.09609375 0.06484375
0 0.446875 0.09609375 0.025 0.0359375
0 0.43828125 0.225 0.0421875 0.0375
0 0.39296875 0.2734375 0.0328125 0.03125
0 0.04296875 0.12734375 0.0578125 0.04296875
0 0.59296875 0.05234375 0.1734375 0.1046875
0 0.49921875 0.0140625 0.0796875 0.028125
0 0.75703125 0.18828125 0.13671875 0.1703125
0 0.9421875 0.246875 0.115625 0.084375
0 0.36796875 0.30859375 0.0578125 0.0390625
0 0.4328125 0.434375 0.03828125 0.053125
0 0.184375 0.4078125 0.0671875 0.09140625
0 0.0375 0.43359375 0.0578125 0.05546875
0 0.2640625 0.5203125 0.05546875 0.0671875
0 0.38359375 0.5640625 0.103125 0.06953125
0 0.30078125 0.7 0.08203125 0.071875
0 0.11328125 0.72421875 0.0625 0.0578125
0 0.315625 0.8046875 0.03828125 0.03828125
0 0.79765625 0.4734375 0.4046875 0.36875
0 0.61640625 0.4375 0.09609375 0.1078125
0 0.55234375 0.53125 0.1078125 0.12265625
0 0.48125 0.8359375 0.04375 0.1125
0 0.78828125 0.89921875 0.0671875 0.06953125
0 0.9140625 0.8234375 0.05078125 0.053125
0 0.79921875 0.68515625 0.05546875 0.05546875
0 0.84609375 0.73125 0.053125 0.053125