0 0.12109375 0.96171875 0.12265625 0.0625
0 0.225 0.94375 0.0453125 0.07421875
0 0.4265625 0.959375 0.16796875 0.0796875
0 0.43046875 0.88671875 0.0578125 0.053125
0 0.478125 0.88828125 0.03125 0.0359375
0 0.37890625 0.865625 0.0484375 0.03828125
0 0.21015625 0.8234375 0.0578125 0.0578125
0 0.19140625 0.7671875 0.03359375 0.0265625
0 0.08515625 0.8390625 0.02890625 0.03359375
0 0.04296875 0.76796875 0.04296875 0.0453125
0 0.30859375 0.771875 0.053125 0.07421875
0 0.55546875 0.75703125 0.0890625 0.0984375
0 0.42421875 0.80546875 0.0484375 0.05546875
0 0.94375 0.6546875 0.1078125 0.16328125
0 0.81953125 0.709375 0.0578125 0.04296875
0 0.7546875 0.66484375 0.11328125 0.10546875
0 0.6671875 0.80078125 0.0484375 0.053125
0 0.3921875 0.6109375 0.115625 0.11796875
0 0.33515625 0.50859375 0.15625 0.15625
0 0.2015625 0.45703125 0.06953125 0.07421875
0 0.1421875 0.375 0.0765625 0.0625
0 0.10078125 0.33984375 0.0453125 0.040625
0 0.115625 0.27265625 0.04296875 0.05078125
0 0.19453125 0.1078125 0.05546875 0.0671875
0 0.44921875 0.48203125 0.053125 0.05078125
0 0.5265625 0.67890625 0.103125 0.05546875
0 0.5265625 0.6 0.09609375 0.06484375
0 0.57421875 0.62734375 0.0453125 0.0359375
0 0.82109375 0.5171875 0.0625 0.103125
0 0.86796875 0.53359375 0.0171875 0.040625
0 0.56015625 0.49765625 0.05078125 0.03828125
0 0.5109375 0.44921875 0.03359375 0.03125
0 0.4328125 0.3953125 0.03828125 0.03359375
0 0.4375 0.3484375 0.040625 0.0359375
0 0.21015625 0.2234375 0.02421875 0.0265625
0 0.859375 0.4046875 0.03359375 0.02890625
0 0.9328125 0.39296875 0.0484375 0.0484375
0 0.8796875 0.33046875 0.0453125 0.0484375
0 0.97109375 0.35546875 0.0359375 0.0453125
0 0.946875 0.23046875 0.0453125 0.03828125
0 0.97109375 0.1703125 0.02890625 0.03359375
0 0.03125 0.1859375 0.0578125 0.0578125
0 0.05078125 0.10078125 0.03359375 0.03359375
0 0.08515625 0.56015625 0.0453125 0.05078125
0 0.16015625 0.59609375 0.0578125 0.04296875
0 0.90390625 0.9640625 0.125 0.05546875
0 0.69921875 0.94375 0.06484375 0.06484375
0 0.58203125 0.97734375 0.09375 0.0359375
0 0.9703125 0.8796875 0.053125 0.05546875
0 0.95546875 0.821875 0.05546875 0.0578125