0 0.40625 0.01875 0.153125 0.0375
0 0.43984375 0.215625 0.18984375 0.1921875
0 0.4109375 0.275 0.25625 0.109375
0 0.28984375 0.2875 0.084375 0.084375
0 0.37265625 0.05859375 0.1328125 0.1171875
0 0.31328125 0.125 0.134375 0.1296875
0 0.290625 0.0640625 0.0671875 0.0671875
0 0.20546875 0.19140625 0.07421875 0.071875
0 0.2125 0.27109375 0.053125 0.053125
0 0.63515625 0.1328125 0.07421875 0.06953125
0 0.71953125 0.32734375 0.1171875 0.0046875
0 0.82109375 0.29609375 0.0953125 0.0671875
0 0.94453125 0.19765625 0.1109375 0.2640625
0 0.971875 0.00703125 0.05625 0.0140625
0 0.91171875 0.0875 0.0359375 0.05078125
0 0.05703125 0.44609375 0.1140625 0.1328125
0 0.17421875 0.4515625 0.103125 0.1078125
0 0.1921875 0.3734375 0.0671875 0.06484375
0 0.30390625 0.509375 0.08671875 0.084375
0 0.39375 0.56953125 0.084375 0.08203125
0 0.50078125 0.4390625 0.0765625 0.096875
0 0.48515625 0.54765625 0.0625 0.0625
0 0.46953125 0.6625 0.1390625 0.19375
0 0.228125 0.58359375 0.0984375 0.09140625
0 0.1765625 0.68828125 0.10546875 0.10078125
0 0.0265625 0.7515625 0.053125 0.09375
0 0.13671875 0.9109375 0.0890625 0.084375
0 0.25234375 0.9453125 0.10546875 0.10546875
0 0.52734375 0.91953125 0.0234375 0.1421875
0 0.4703125 0.9671875 0.084375 0.065625
0 0.48671875 0.9296875 0.06953125 0.071875
0 0.45078125 0.83984375 0.0890625 0.09140625
0 0.23515625 0.78359375 0.20703125 0.18984375
0 0.3484375 0.72578125 0.06484375 0.071875
0 0.66875 0.784375 0.134375 0.13671875
0 0.590625 0.64609375 0.06953125 0.08671875
0 0.646875 0.6109375 0.053125 0.053125
0 0.81171875 0.51875 0.053125 0.053125
0 0.6640625 0.36484375 0.084375 0.0703125
0 0.9125 0.92734375 0.0765625 0.08203125