0 0.45078125 0.01640625 0.0984375 0.0328125
0 0.4765625 0.065625 0.046875 0.053125
0 0.434375 0.06484375 0.03125 0.0359375
0 0.35703125 0.19609375 0.0890625 0.0984375
0 0.48203125 0.146875 0.0359375 0.05625
0 0.0109375 0.29765625 0.021875 0.1640625
0 0.09296875 0.24375 0.0578125 0.04296875
0 0.1578125 0.28828125 0.11328125 0.10546875
0 0.2453125 0.15234375 0.0484375 0.053125
0 0.48125 0.34140625 0.0375 0.1171875
0 0.46328125 0.47109375 0.053125 0.05078125
0 0.3859375 0.27421875 0.103125 0.05546875
0 0.3859375 0.353125 0.09609375 0.06484375
0 0.33828125 0.32578125 0.0453125 0.0359375
0 0.09140625 0.4359375 0.0625 0.103125
0 0.04453125 0.41953125 0.0171875 0.040625
0 0.35234375 0.45546875 0.05078125 0.03828125
0 0.4015625 0.50390625 0.03359375 0.03125
0 0.05234375 0.5359375 0.0328125 0.00625
0 0.2125 0.0203125 0.065625 0.040625
0 0.653125 0.2421875 0.0890625 0.0671875
0 0.6953125 0.39453125 0.08203125 0.0625
0 0.69453125 0.5203125 0.1140625 0.0375
0 0.79609375 0.059375 0.071875 0.07421875
0 0.59765625 0.10703125 0.0578125 0.0671875
0 0.578125 0.32734375 0.05546875 0.0578125
0 0.91953125 0.515625 0.0453125 0.046875
0 0.12734375 0.98125 0.1640625 0.0375
0 0.05859375 0.83984375 0.1171875 0.1546875
0 0.0703125 0.575 0.11875 0.071875
0 0.346875 0.625 0.09609375 0.11328125
0 0.2828125 0.87734375 0.07421875 0.06484375
0 0.60234375 0.62890625 0.06015625 0.06015625
0 0.5109375 0.95078125 0.021875 0.0984375
0 0.51875 0.70390625 0.0375 0.1984375