0 0.28984375 0.671875 0.06015625 0.05546875
0 0.33671875 0.67109375 0.03125 0.03828125
0 0.2359375 0.65390625 0.05078125 0.040625
0 0.06640625 0.6203125 0.0625 0.0625
0 0.04453125 0.565625 0.0359375 0.02890625
0 0.1625 0.5640625 0.05546875 0.0765625
0 0.4078125 0.5375 0.09375 0.103125
0 0.27890625 0.59140625 0.05078125 0.0578125
0 0.50703125 0.57265625 0.0234375 0.0546875
0 0.23671875 0.39921875 0.1203125 0.12265625
0 0.17421875 0.3 0.16328125 0.16328125
0 0.03984375 0.25546875 0.071875 0.0765625
0 0.28828125 0.2671875 0.05546875 0.053125
0 0.37421875 0.4609375 0.1078125 0.06015625
0 0.3703125 0.38125 0.0984375 0.06953125
0 0.42109375 0.40546875 0.0484375 0.03828125
0 0.39921875 0.278125 0.053125 0.040625
0 0.34765625 0.23203125 0.0359375 0.03125
0 0.2671875 0.18203125 0.040625 0.0359375
0 0.26953125 0.13515625 0.04296875 0.03828125
0 0.03515625 0.021875 0.02421875 0.0265625
0 0.01640625 0.39609375 0.0328125 0.0453125
0 0.54140625 0.47734375 0.0453125 0.0921875
0 0.546875 0.41328125 0.05625 0.3109375
0 0.559375 0.41328125 0.08125 0.0828125
0 0.6359375 0.36640625 0.0671875 0.06953125
0 0.59765625 0.2296875 0.115625 0.12265625
0 0.5890625 0.1015625 0.06953125 0.0671875
0 0.9421875 0.021875 0.09375 0.04375
0 0.9171875 0.05625 0.06015625 0.06015625
0 0.86171875 0.0609375 0.071875 0.0796875
0 0.76953125 0.0828125 0.10546875 0.0984375
0 0.80546875 0.18515625 0.1390625 0.13671875
0 0.90390625 0.42265625 0.11328125 0.103125
0 0.73046875 0.5703125 0.2859375 0.259375
0 0.60234375 0.47421875 0.0578125 0.0625
0 0.8421875 0.3015625 0.0625 0.0671875
0 0.796875 0.3375 0.071875 0.0765625
0 0.9640625 0.43984375 0.0578125 0.0625
0 0.709375 0.0203125 0.08125 0.040625
0 0.409375 0.9171875 0.0890625 0.11328125
0 0.1765625 0.921875 0.06484375 0.09140625
0 0.08359375 0.83359375 0.0484375 0.0578125
0 0.7703125 0.74765625 0.128125 0.0953125
0 0.8625 0.75390625 0.06953125 0.06484375
0 0.66875 0.77421875 0.05546875 0.06015625
0 0.61328125 0.74296875 0.04296875 0.04296875