0 0.55390625 0.446875 0.09140625 0.0984375
0 0.503125 0.4015625 0.071875 0.0765625
0 0.2390625 0.15859375 0.10078125 0.10546875
0 0.07578125 0.3421875 0.10078125 0.103125
0 0.6484375 0.17421875 0.09375 0.0890625
0 0.25234375 0.0125 0.0984375 0.025
0 0.03828125 0.490625 0.0765625 0.0875
0 0.02265625 0.34453125 0.0453125 0.0984375
0 0.04453125 0.23203125 0.06484375 0.071875
0 0.1390625 0.196875 0.084375 0.1078125
0 0.11171875 0.0984375 0.0984375 0.0984375
0 0.66796875 0.0859375 0.07421875 0.07421875
0 0.796875 0.29921875 0.125 0.11796875
0 0.9765625 0.33125 0.046875 0.125
0 0.41875 0.6375 0.621875 0.196875
0 0.18359375 0.65 0.0578125 0.07421875
0 0.14296875 0.5875 0.05546875 0.08203125
0 0.01015625 0.6171875 0.0203125 0.053125
0 0.57578125 0.6765625 0.0796875 0.0796875
0 0.7015625 0.5484375 0.05625 0.01875
0 0.7109375 0.6453125 0.0375 0.10625
0 0.32578125 0.87265625 0.1109375 0.115625
0 0.65390625 0.890625 0.1515625 0.215625
0 0.40859375 0.98671875 0.0578125 0.0265625
0 0.33046875 0.971875 0.0609375 0.05625
0 0.00859375 0.93203125 0.0171875 0.0796875
0 0.546875 0.775 0.06484375 0.05546875
0 0.5265625 0.8203125 0.0453125 0.05078125
0 0.81640625 0.675 0.1734375 0.2375
0 0.74765625 0.93125 0.0359375 0.1375
0 0.8453125 0.834375 0.0671875 0.0625
0 0.89296875 0.87890625 0.053125 0.053125
0 0.94609375 0.7203125 0.06953125 0.0578125