0 0.459375 0.5046875 0.10078125 0.10078125
0 0.51328125 0.4546875 0.0796875 0.0796875
0 0.80546875 0.18046875 0.11328125 0.1078125
0 0.978125 0.36640625 0.04296875 0.103125
0 0.5625 0.90390625 0.06953125 0.06484375
0 0.16328125 0.875 0.06484375 0.05546875
0 0.00625 0.79921875 0.01171875 0.1109375
0 0.32578125 0.2203125 0.10546875 0.09140625
0 0.77421875 0.0265625 0.1078125 0.02421875
0 0.0453125 0.015625 0.0265625 0.03125
0 0.48046875 0.6625 0.0578125 0.053125
0 0.4375 0.62265625 0.053125 0.05078125
0 0.33203125 0.80390625 0.071875 0.06015625
0 0.33984375 0.7515625 0.06484375 0.05078125
0 0.7671875 0.81875 0.0796875 0.06484375
0 0.81015625 0.77265625 0.0765625 0.07421875
0 0.90234375 0.84375 0.07421875 0.0625
0 0.92578125 0.2171875 0.09140625 0.11328125
0 0.9484375 0.109375 0.103125 0.0984375
0 0.2953125 0.12734375 0.084375 0.07421875
0 0.0375 0.25703125 0.0484375 0.0984375