0 0.6 0.478125 0.0890625 0.0890625
0 0.5515625 0.5296875 0.06953125 0.06953125
0 0.296875 0.8078125 0.0984375 0.09609375
0 0.08984375 0.64453125 0.0984375 0.09375
0 0.47578125 0.109375 0.0625 0.0578125
0 0.85078125 0.109375 0.0578125 0.0484375
0 0.74375 0.73828125 0.09375 0.0796875
0 0.33671875 0.97109375 0.10078125 0.0578125
0 0.56875 0.33203125 0.05078125 0.0453125
0 0.61171875 0.365625 0.0453125 0.04296875
0 0.6984375 0.1890625 0.06484375 0.053125
0 0.69453125 0.23828125 0.0578125 0.04296875
0 0.28984375 0.203125 0.06953125 0.0578125
0 0.25234375 0.25 0.0671875 0.06484375
0 0.1609375 0.1890625 0.0671875 0.05546875
0 0.0328125 0.5015625 0.06484375 0.0796875
0 0.025 0.6515625 0.05 0.090625
0 0.071875 0.759375 0.0625 0.06484375
0 0.18125 0.78125 0.0796875 0.10078125
0 0.165625 0.884375 0.09609375 0.08671875
0 0.77734375 0.8234375 0.07421875 0.06484375
0 0.99609375 0.68359375 0.00703125 0.0890625