0 0.12109375 0.4546875 0.0890625 0.09609375
0 0.30859375 0.29375 0.0890625 0.09375
0 0.084375 0.609375 0.090625 0.040625
0 0.35546875 0.15078125 0.0484375 0.0796875
0 0.36171875 0.3 0.0359375 0.090625
0 0.32421875 0.4078125 0.0578125 0.06484375
0 0.22578125 0.4296875 0.071875 0.10078125
0 0.23984375 0.53203125 0.08671875 0.08671875
0 0.5328125 0.09609375 0.0453125 0.06953125
0 0.571875 0.3796875 0.0890625 0.0890625
0 0.57109375 0.29140625 0.0984375 0.06953125
0 0.8890625 0.08671875 0.09140625 0.06484375
0 0.77421875 0.584375 0.0671875 0.071875
0 0.43515625 0.6078125 0.0765625 0.04375
0 0.82578125 0.3859375 0.05078125 0.03828125
0 0.28046875 0.98984375 0.0671875 0.0203125
0 0.03203125 0.7546875 0.0640625 0.096875
0 0.94921875 0.82890625 0.1015625 0.3421875
0 0.7859375 0.86796875 0.36875 0.2640625
0 0.9546875 0.96015625 0.090625 0.0796875
0 0.7515625 0.66171875 0.090625 0.0640625
0 0.503125 0.865625 0.1078125 0.115625
0 0.5078125 0.64296875 0.071875 0.0265625