0 0.26953125 0.25078125 0.1390625 0.1390625
0 0.19375 0.315625 0.0625 0.08203125
0 0.24453125 0.47265625 0.0765625 0.0734375
0 0.1140625 0.2203125 0.0765625 0.084375
0 0.0640625 0.0359375 0.08125 0.071875
0 0.2109375 0.0125 0.159375 0.025
0 0.38828125 0.00625 0.0984375 0.0125
0 0.465625 0.0921875 0.0984375 0.103125
0 0.54375 0.05625 0.05 0.0875
0 0.54765625 0.31640625 0.0421875 0.0984375
0 0.50078125 0.46171875 0.1046875 0.0953125
0 0.82734375 0.47734375 0.0671875 0.0640625
0 0.8515625 0.0375 0.05546875 0.05078125
0 0.48125 0.87421875 0.1109375 0.09140625
0 0.52265625 0.96953125 0.0921875 0.0609375
0 0.43515625 0.54921875 0.1046875 0.0796875
0 0.403125 0.66640625 0.09140625 0.07421875
0 0.1421875 0.51796875 0.084375 0.0171875
0 0.55625 0.9203125 0.025 0.06875
0 0.5875 0.79609375 0.0375 0.0734375
0 0.8625 0.66015625 0.06015625 0.0484375
0 0.878125 0.85078125 0.05546875 0.06015625