0 0.05625 0.14453125 0.06953125 0.06953125
0 0.0296875 0.22265625 0.059375 0.0859375
0 0.328125 0.20078125 0.0625 0.06015625
0 0.27890625 0.265625 0.13203125 0.12265625
0 0.203125 0.3890625 0.0484375 0.0578125
0 0.353125 0.36875 0.06484375 0.0671875
0 0.4640625 0.34375 0.10546875 0.10078125
0 0.52890625 0.259375 0.12265625 0.13203125
0 0.615625 0.2296875 0.1921875 0.2359375
0 0.81875 0.52734375 0.13671875 0.14453125
0 0.92890625 0.2953125 0.09609375 0.12734375
0 0.4859375 0.665625 0.14453125 0.146875
0 0.40859375 0.62109375 0.0671875 0.08203125
0 0.4265625 0.46875 0.0796875 0.08671875
0 0.35546875 0.7171875 0.0796875 0.08671875
0 0.2296875 0.73046875 0.06015625 0.06484375
0 0.1234375 0.790625 0.0890625 0.09140625
0 0.2015625 0.87265625 0.13671875 0.1390625
0 0.3453125 0.896875 0.084375 0.0890625
0 0.484375 0.93125 0.15859375 0.13671875
0 0.634375 0.9015625 0.10078125 0.09609375
0 0.68125 0.7765625 0.103125 0.1078125
0 0.821875 0.7796875 0.103125 0.103125
0 0.7640625 0.79296875 0.07421875 0.0890625
0 0.92734375 0.5859375 0.1453125 0.16875
0 0.7296875 0.56015625 0.0796875 0.0984375
0 0.64921875 0.42578125 0.11328125 0.13203125
0 0.7171875 0.165625 0.1515625 0.1609375
0 0.6515625 0.06484375 0.11796875 0.125
0 0.54921875 0.0828125 0.06015625 0.071875
0 0.06015625 0.46484375 0.0671875 0.0671875