0 0.0140625 0.36328125 0.028125 0.0671875
0 0.1078125 0.3390625 0.10546875 0.10078125
0 0.17265625 0.2546875 0.12265625 0.13203125
0 0.259375 0.225 0.1921875 0.2359375
0 0.46171875 0.51484375 0.1359375 0.1296875
0 0.54609375 0.28984375 0.0453125 0.1265625
0 0.0703125 0.4640625 0.0796875 0.08671875
0 0.53359375 0.53828125 0.0703125 0.0828125
0 0.37265625 0.54296875 0.0796875 0.0734375
0 0.29296875 0.42109375 0.11328125 0.13203125
0 0.3609375 0.1609375 0.1515625 0.1609375
0 0.29453125 0.0609375 0.1171875 0.121875
0 0.19296875 0.078125 0.06015625 0.071875
0 0.6078125 0.415625 0.078125 0.11875
0 0.77890625 0.3671875 0.13203125 0.13671875
0 0.64765625 0.21171875 0.1203125 0.0796875
0 0.63359375 0.15390625 0.08203125 0.06484375
0 0.60703125 0.11328125 0.06015625 0.053125
0 0.87890625 0.040625 0.1546875 0.08125
0 0.54609375 0.80859375 0.0453125 0.0671875
0 0.46640625 0.8890625 0.0453125 0.040625
0 0.4578125 0.78984375 0.0484375 0.0578125
0 0.31953125 0.975 0.0484375 0.0453125
0 0.33515625 0.89765625 0.0671875 0.0625
0 0.24609375 0.9328125 0.0453125 0.0484375
0 0.2109375 0.946875 0.05546875 0.06015625
0 0.1546875 0.9421875 0.0625 0.0625
0 0.0859375 0.775 0.0578125 0.07421875
0 0.05390625 0.79453125 0.03359375 0.05078125
0 0.0359375 0.89765625 0.0671875 0.071875
0 0.53984375 0.990625 0.0578125 0.01875
0 0.13984375 0.58359375 0.0390625 0.0078125
0 0.1171875 0.60546875 0.0453125 0.03828125
0 0.97734375 0.82890625 0.0453125 0.0796875
0 0.96875 0.93359375 0.0625 0.1015625
0 0.88828125 0.97109375 0.0859375 0.0578125
0 0.859375 0.73671875 0.13671875 0.1390625
0 0.73828125 0.73671875 0.06953125 0.071875
0 0.69453125 0.66953125 0.10546875 0.1078125
0 0.80703125 0.6109375 0.1796875 0.0625
0 0.86328125 0.8828125 0.1078125 0.10078125
0 0.921875 0.84296875 0.0765625 0.084375
0 0.8234375 0.9796875 0.0625 0.040625