0 0.06640625 0.071875 0.0625 0.0625
0 0.02421875 0.14453125 0.0484375 0.0796875
0 0.34140625 0.18046875 0.0578125 0.05078125
0 0.2765625 0.2359375 0.12265625 0.10546875
0 0.1734375 0.34765625 0.040625 0.053125
0 0.334375 0.3546875 0.0578125 0.06015625
0 0.45703125 0.35 0.0984375 0.08671875
0 0.540625 0.2765625 0.11328125 0.11796875
0 0.63828125 0.26328125 0.16796875 0.21640625
0 0.79296875 0.60234375 0.12265625 0.1296875
0 0.95703125 0.38828125 0.08203125 0.11796875
0 0.415625 0.68046875 0.13203125 0.1296875
0 0.34375 0.6203125 0.0578125 0.0765625
0 0.39296875 0.46875 0.071875 0.0796875
0 0.26953125 0.7078125 0.071875 0.0796875
0 0.134375 0.6984375 0.053125 0.0578125
0 0.025 0.7375 0.05 0.08125
0 0.0765625 0.83515625 0.125 0.12265625
0 0.22265625 0.88671875 0.0765625 0.0796875
0 0.36171875 0.94453125 0.14921875 0.1109375
0 0.5265625 0.94609375 0.09375 0.084375
0 0.60078125 0.8296875 0.09375 0.09609375
0 0.75 0.8578125 0.09609375 0.09140625
0 0.68515625 0.86171875 0.06484375 0.08203125
0 0.89921875 0.6828125 0.12734375 0.1515625
0 0.69375 0.61875 0.0671875 0.09140625
0 0.634375 0.4671875 0.10078125 0.1203125
0 0.75859375 0.2171875 0.13671875 0.14453125
0 0.709375 0.103125 0.1078125 0.11328125
0 0.59765625 0.10234375 0.053125 0.06484375
0 0.01953125 0.396875 0.03828125 0.06015625