0 0.01484375 0.184375 0.0296875 0.09375
0 0.0796875 0.09375 0.146875 0.146875
0 0.09296875 0.03125 0.1828125 0.0625
0 0.271875 0.4140625 0.15625 0.209375
0 0.1921875 0.4125 0.10546875 0.1078125
0 0.11796875 0.24375 0.1203125 0.1203125
0 0.19765625 0.5109375 0.1203125 0.05625
0 0.2890625 0.0796875 0.121875 0.159375
0 0.9078125 0.3859375 0.184375 0.30625
0 0.9484375 0.1109375 0.103125 0.221875
0 0.91640625 0.03046875 0.1234375 0.0609375
0 0.89921875 0.11640625 0.103125 0.103125
0 0.859375 0.0625 0.10078125 0.10078125
0 0.5953125 0.0703125 0.08671875 0.0890625
0 0.5515625 0.11484375 0.11328125 0.115625
0 0.58203125 0.3515625 0.11328125 0.11328125
0 0.3859375 0.39609375 0.071875 0.0796875
0 0.47421875 0.51015625 0.0671875 0.0578125
0 0.384375 0.50625 0.06875 0.065625
0 0.38515625 0.25 0.0703125 0.09375
0 0.58671875 0.00703125 0.0671875 0.0140625
0 0.53515625 0.0203125 0.0578125 0.040625
0 0.321875 0.625 0.05625 0.08125
0 0.0453125 0.89609375 0.06484375 0.07421875
0 0.14296875 0.8203125 0.0578125 0.06015625
0 0.02734375 0.7203125 0.0546875 0.23125
0 0.5578125 0.97578125 0.0875 0.0484375
0 0.521875 0.6921875 0.1296875 0.14453125
0 0.9 0.84140625 0.071875 0.053125