0 0.4671875 0.34609375 0.04375 0.0953125
0 0.29453125 0.50078125 0.1015625 0.0765625
0 0.2953125 0.3671875 0.1203125 0.1203125
0 0.178125 0.33984375 0.09140625 0.0984375
0 0.15 0.41328125 0.06015625 0.06015625
0 0.06640625 0.26171875 0.0765625 0.07421875
0 0.0140625 0.1875 0.028125 0.071875
0 0.14765625 0.20234375 0.08671875 0.0796875
0 0.21171875 0.11015625 0.09375 0.0890625
0 0.37890625 0.07890625 0.08203125 0.084375
0 0.4515625 0.0359375 0.07421875 0.0671875
0 0.17109375 0.0453125 0.1859375 0.090625
0 0.05625 0.0453125 0.05546875 0.0671875
0 0.459375 0.08671875 0.059375 0.0609375
0 0.50859375 0.25546875 0.0390625 0.1203125
0 0.5421875 0.33984375 0.10078125 0.0984375
0 0.78984375 0.36875 0.1203125 0.103125
0 0.834375 0.4390625 0.07421875 0.0625
0 0.96484375 0.51875 0.0703125 0.040625
0 0.575 0.03671875 0.04296875 0.03359375
0 0.77265625 0.0359375 0.1078125 0.071875
0 0.8546875 0.04375 0.0671875 0.0796875
0 0.734375 0.1328125 0.071875 0.071875
0 0.78515625 0.1125 0.05546875 0.0578125
0 0.52265625 0.5125 0.0578125 0.053125
0 0.63984375 0.52734375 0.0578125 0.0234375
0 0.715625 0.528125 0.071875 0.021875
0 0.0453125 0.70078125 0.090625 0.2234375
0 0.12109375 0.68046875 0.08203125 0.09609375
0 0.15703125 0.8859375 0.1734375 0.228125
0 0.33125 0.828125 0.0671875 0.0796875
0 0.92109375 0.8640625 0.0671875 0.0578125
0 0.97890625 0.75625 0.0421875 0.084375