0 0.02421875 0.4609375 0.0484375 0.078125
0 0.1078125 0.46484375 0.103125 0.0703125
0 0.23828125 0.4265625 0.08671875 0.084375
0 0.328125 0.36640625 0.084375 0.08203125
0 0.44296875 0.4734375 0.0921875 0.053125
0 0.41953125 0.38828125 0.0625 0.0625
0 0.41171875 0.271875 0.1546875 0.19375
0 0.1625 0.35234375 0.0984375 0.09140625
0 0.1109375 0.24765625 0.10546875 0.10078125
0 0.07109375 0.03359375 0.0890625 0.0671875
0 0.1859375 0.02109375 0.10625 0.0421875
0 0.46953125 0.04296875 0.0390625 0.0859375
0 0.4203125 0.02109375 0.06875 0.0421875
0 0.38515625 0.09609375 0.0890625 0.09140625
0 0.16953125 0.15234375 0.20703125 0.18984375
0 0.2828125 0.21015625 0.06484375 0.071875
0 0.50390625 0.43671875 0.0296875 0.0484375
0 0.5546875 0.425 0.0484375 0.04296875
0 0.52578125 0.27109375 0.0578125 0.0671875
0 0.653125 0.15390625 0.06015625 0.071875
0 0.6765625 0.25625 0.0765625 0.10546875
0 0.8015625 0.21171875 0.0765625 0.05078125
0 0.903125 0.175 0.0578125 0.071875
0 0.95078125 0.46953125 0.0671875 0.0609375
0 0.0203125 0.97890625 0.040625 0.0421875
0 0.03203125 0.9375 0.0640625 0.09375
0 0.328125 0.52578125 0.153125 0.0515625
0 0.234375 0.6234375 0.09375 0.09609375
0 0.01796875 0.6359375 0.0359375 0.096875
0 0.2234375 0.90234375 0.08671875 0.09375
0 0.27265625 0.96484375 0.0828125 0.0703125
0 0.5453125 0.7140625 0.0625 0.0578125
0 0.5234375 0.6859375 0.06015625 0.05546875
0 0.57265625 0.6453125 0.053125 0.05546875
0 0.6015625 0.6 0.06015625 0.06015625
0 0.6421875 0.534375 0.0578125 0.0578125
0 0.77734375 0.51484375 0.0828125 0.0296875
0 0.8828125 0.65390625 0.07421875 0.07421875
0 0.86953125 0.82890625 0.0625 0.06015625
0 0.98671875 0.92421875 0.0265625 0.1109375
0 0.95859375 0.584375 0.0828125 0.15