0 0.1875 0.8578125 0.2640625 0.28125
0 0.31015625 0.81015625 0.05078125 0.0578125
0 0.11171875 0.68359375 0.0578125 0.0578125
0 0.0828125 0.6359375 0.09609375 0.09375
0 0.06640625 0.46640625 0.05078125 0.0625
0 0.15234375 0.5328125 0.06015625 0.03828125
0 0.18515625 0.40859375 0.06484375 0.06015625
0 0.228125 0.33515625 0.0578125 0.0765625
0 0.32109375 0.22734375 0.0765625 0.0796875
0 0.19140625 0.17421875 0.06484375 0.06484375
0 0.146875 0.0484375 0.146875 0.09140625
0 0.55390625 0.1140625 0.08203125 0.084375
0 0.5171875 0.25703125 0.0984375 0.0984375
0 0.62265625 0.3125 0.071875 0.08203125
0 0.66796875 0.25 0.05078125 0.0484375
0 0.71171875 0.4171875 0.0625 0.06015625
0 0.7671875 0.50703125 0.0625 0.0578125
0 0.915625 0.4375 0.0671875 0.071875
0 0.853125 0.525 0.0453125 0.0453125
0 0.8234375 0.63671875 0.1515625 0.1390625
0 0.61796875 0.453125 0.07421875 0.0625
0 0.5328125 0.52734375 0.0796875 0.071875
0 0.36328125 0.515625 0.06484375 0.06953125
0 0.28125 0.53984375 0.0625 0.053125
0 0.1984375 0.6421875 0.053125 0.0578125
0 0.4125 0.71015625 0.0671875 0.0578125
0 0.49765625 0.78828125 0.07421875 0.0796875
0 0.50625 0.9078125 0.053125 0.0453125
0 0.50234375 0.96015625 0.06015625 0.0578125
0 0.796875 0.9015625 0.10546875 0.103125
0 0.6734375 0.90625 0.0578125 0.06484375
0 0.70546875 0.86875 0.05078125 0.05546875
0 0.71015625 0.77421875 0.0625 0.06953125
0 0.896875 0.83203125 0.05546875 0.0578125
0 0.5453125 0.6359375 0.15625 0.13203125
0 0.665625 0.6296875 0.040625 0.0578125
0 0.2828125 0.484375 0.0578125 0.0484375