0 0.07109375 0.30625 0.0703125 0.046875
0 0.2515625 0.01171875 0.103125 0.0234375
0 0.06171875 0.025 0.0890625 0.05
0 0.00859375 0.05234375 0.0171875 0.0703125
0 0.1625 0.1921875 0.0890625 0.0765625
0 0.275 0.24921875 0.10078125 0.10078125
0 0.49609375 0.30625 0.0796875 0.046875
0 0.51484375 0.27734375 0.0484375 0.0671875
0 0.50078125 0.1796875 0.0765625 0.0875
0 0.29140625 0.084375 0.2046875 0.16875
0 0.42421875 0.04609375 0.06015625 0.06953125
0 0.8125 0.3046875 0.115625 0.05
0 0.6875 0.16796875 0.0796875 0.0796875
0 0.8015625 0.1859375 0.1421875 0.1421875
0 0.9265625 0.29140625 0.08125 0.0765625
0 0.52421875 0.35 0.0296875 0.040625
0 0.08046875 0.38984375 0.13203125 0.1203125
0 0.0546875 0.465625 0.10078125 0.09609375
0 0.2 0.69609375 0.3578125 0.35546875
0 0.03828125 0.53515625 0.0765625 0.0765625
0 0.01640625 0.50390625 0.0328125 0.0890625
0 0.38125 0.94453125 0.315625 0.1109375
0 0.51484375 0.83515625 0.0484375 0.0984375
0 0.4 0.484375 0.1078125 0.10078125
0 0.83359375 0.5609375 0.0796875 0.10078125
0 0.6390625 0.703125 0.0984375 0.09140625
0 0.63359375 0.3578125 0.0515625 0.05625