0 0.4171875 0.2078125 0.146875 0.1421875
0 0.42421875 0.2953125 0.09375 0.0765625
0 0.24921875 0.3828125 0.1078125 0.103125
0 0.2703125 0.16328125 0.1734375 0.16796875
0 0.278125 0.1171875 0.09609375 0.0890625
0 0.32265625 0.0140625 0.0921875 0.028125
0 0.27421875 0.05390625 0.05078125 0.0453125
0 0.178125 0.1640625 0.06015625 0.071875
0 0.0796875 0.2234375 0.06015625 0.06015625
0 0.2125 0.58515625 0.0796875 0.084375
0 0.496875 0.5859375 0.07421875 0.0890625
0 0.571875 0.459375 0.05625 0.1125
0 0.41796875 0.75625 0.2546875 0.175
0 0.15234375 0.81015625 0.14453125 0.14453125
0 0.1453125 0.9859375 0.1375 0.028125
0 0.265625 0.7125 0.1 0.0875
0 0.178125 0.69765625 0.06875 0.0578125
0 0.06171875 0.79375 0.06953125 0.071875
0 0.65546875 0.878125 0.071875 0.08671875
0 0.6453125 0.95546875 0.090625 0.0890625
0 0.66875 0.7015625 0.0625 0.065625
0 0.84296875 0.8296875 0.13671875 0.15390625
0 0.9125 0.7921875 0.0578125 0.0578125