0 0.609375 0.31875 0.146875 0.1421875
0 0.61640625 0.40625 0.09375 0.0765625
0 0.44140625 0.49375 0.1078125 0.103125
0 0.4625 0.27421875 0.1734375 0.16796875
0 0.4703125 0.228125 0.09609375 0.0890625
0 0.515625 0.0953125 0.09140625 0.0890625
0 0.46640625 0.16484375 0.05078125 0.0453125
0 0.3703125 0.275 0.06015625 0.071875
0 0.271875 0.334375 0.06015625 0.06015625
0 0.06953125 0.55546875 0.084375 0.0890625
0 0.4046875 0.69609375 0.0796875 0.084375
0 0.6890625 0.696875 0.07421875 0.0890625
0 0.7921875 0.57109375 0.1109375 0.11328125
0 0.2296875 0.96640625 0.0765625 0.0671875
0 0.15625 0.9953125 0.06015625 0.009375