0 0.3453125 0.33046875 0.12734375 0.125
0 0.32734375 0.4265625 0.08671875 0.0625
0 0.12578125 0.4671875 0.09375 0.09140625
0 0.21015625 0.2375 0.14921875 0.14921875
0 0.23046875 0.1921875 0.084375 0.0765625
0 0.3140625 0.06328125 0.0765625 0.0796875
0 0.24453125 0.1234375 0.04296875 0.040625
0 0.11640625 0.2125 0.0484375 0.06953125
0 0.0125 0.24375 0.025 0.053125
0 0.84296875 0.53203125 0.0765625 0.0359375
0 0.74609375 0.32109375 0.1140625 0.1328125
0 0.72421875 0.5234375 0.0578125 0.053125
0 0.73515625 0.03359375 0.0890625 0.0671875
0 0.3140625 0.5609375 0.071875 0.021875
0 0.490625 0.65 0.053125 0.0484375
0 0.05859375 0.7953125 0.05078125 0.0484375
0 0.453125 0.75390625 0.05078125 0.0578125
0 0.64765625 0.7640625 0.0578125 0.0578125
0 0.55703125 0.9765625 0.0734375 0.046875
0 0.29296875 0.87109375 0.04296875 0.0578125
0 0.390625 0.9765625 0.04296875 0.0453125
0 0.7109375 0.753125 0.04375 0.08125
0 0.69609375 0.80859375 0.0140625 0.0359375
0 0.98671875 0.84765625 0.0265625 0.0671875
0 0.93984375 0.865625 0.0578125 0.05078125
0 0.9171875 0.77421875 0.053125 0.0578125