0 0.14453125 0.3265625 0.12265625 0.11328125
0 0.12734375 0.41328125 0.08203125 0.0578125
0 0.04296875 0.24375 0.0859375 0.134375
0 0.0375 0.2015625 0.075 0.06875
0 0.1140625 0.0859375 0.07421875 0.071875
0 0.0484375 0.13984375 0.040625 0.0359375
0 0.11953125 0.7125 0.0578125 0.0765625
0 0.25234375 0.61875 0.0890625 0.09375
0 0.7921875 0.66953125 0.0796875 0.07421875
0 0.86875 0.7171875 0.0890625 0.08671875
0 0.88046875 0.63203125 0.06484375 0.0578125
0 0.8109375 0.51328125 0.09609375 0.09140625
0 0.67109375 0.75 0.0890625 0.059375
0 0.6296875 0.5609375 0.0984375 0.115625
0 0.6609375 0.47109375 0.06953125 0.06953125
0 0.56015625 0.5 0.0671875 0.06953125
0 0.8984375 0.2046875 0.1421875 0.134375
0 0.96875 0.27421875 0.0453125 0.06015625
0 0.97421875 0.04453125 0.0515625 0.0703125
0 0.6484375 0.0796875 0.0796875 0.0578125
0 0.640625 0.18515625 0.0578125 0.06953125
0 0.5765625 0.37890625 0.06484375 0.06484375
0 0.496875 0.2921875 0.034375 0.059375
0 0.42734375 0.8375 0.0796875 0.06953125
0 0.16953125 0.946875 0.1453125 0.10625
0 0.096875 0.98203125 0.0625 0.0359375
0 0.0390625 0.79140625 0.0625 0.0234375
0 0.93046875 0.93203125 0.1140625 0.1359375
0 0.84921875 0.91328125 0.06015625 0.0671875
0 0.82578125 0.96796875 0.1421875 0.0640625