0 0.2265625 0.03125 0.06875 0.0625
0 0.27890625 0.05078125 0.09609375 0.09140625
0 0.3515625 0.08515625 0.09140625 0.09140625
0 0.03984375 0.27421875 0.0796875 0.0921875
0 0.0953125 0.24140625 0.0671875 0.071875
0 0.14375 0.39453125 0.115625 0.0890625
0 0.45703125 0.18125 0.071875 0.0765625
0 0.55546875 0.3015625 0.0890625 0.0890625
0 0.3171875 0.33671875 0.08203125 0.0765625
0 0.28515625 0.41171875 0.0765625 0.0546875
0 0.3515625 0.40625 0.0875 0.065625
0 0.16328125 0.009375 0.0609375 0.01875
0 0.76484375 0.02109375 0.1640625 0.0421875
0 0.7515625 0.32734375 0.1875 0.2234375
0 0.1046875 0.975 0.209375 0.05
0 0.171875 0.94765625 0.103125 0.1046875
0 0.43203125 0.9203125 0.11328125 0.12734375
0 0.2765625 0.60625 0.240625 0.24296875
0 0.2453125 0.8 0.146875 0.14921875
0 0.16015625 0.7671875 0.1421875 0.12734375
0 0.01875 0.78828125 0.0375 0.0796875
0 0.10390625 0.6546875 0.084375 0.08671875
0 0.1296875 0.55625 0.0796875 0.084375
0 0.52421875 0.6265625 0.0671875 0.06953125
0 0.3609375 0.95 0.09375 0.1
0 0.30390625 0.96875 0.0828125 0.0625
0 0.96875 0.45859375 0.0625 0.0390625
0 0.759375 0.54453125 0.09140625 0.1203125
0 0.7796875 0.6875 0.06953125 0.07421875
0 0.88203125 0.57421875 0.071875 0.0765625