0 0.09375 0.0359375 0.125 0.071875
0 0.27578125 0.0125 0.1203125 0.025
0 0.09453125 0.1734375 0.06015625 0.0625
0 0.13984375 0.2140625 0.084375 0.0765625
0 0.20234375 0.275 0.0765625 0.0796875
0 0.44296875 0.0359375 0.0140625 0.071875
0 0.4375 0.1421875 0.025 0.05625
0 0.040625 0.11171875 0.053125 0.05078125
0 0.33125 0.165625 0.03828125 0.03359375
0 0.94921875 0.0359375 0.1015625 0.071875
0 0.78671875 0.25234375 0.1828125 0.16796875
0 0.48359375 0.02109375 0.0671875 0.0421875
0 0.88828125 0.05078125 0.1046875 0.1015625
0 0.63203125 0.1546875 0.06953125 0.071875
0 0.03515625 0.95 0.0703125 0.090625
0 0.31484375 0.80078125 0.13203125 0.1703125
0 0.29921875 0.453125 0.1109375 0.1109375
0 0.43671875 0.47109375 0.0265625 0.0671875
0 0.103125 0.5578125 0.0671875 0.0625
0 0.26796875 0.6765625 0.071875 0.071875
0 0.70234375 0.41875 0.09375 0.053125
0 0.728125 0.52421875 0.0796875 0.0578125
0 0.57734375 0.6953125 0.2546875 0.2375
0 0.5171875 0.84296875 0.0890625 0.0484375
0 0.6421875 0.9171875 0.05078125 0.0453125
0 0.67734375 0.98046875 0.0453125 0.0390625
0 0.9875 0.96015625 0.025 0.0453125
0 0.98125 0.82265625 0.0375 0.0359375