0 0.25625 0.22109375 0.05546875 0.0578125
0 0.2078125 0.265625 0.115625 0.10546875
0 0.04765625 0.23046875 0.0953125 0.0921875
0 0.040625 0.12109375 0.05078125 0.053125
0 0.2078125 0.409375 0.05546875 0.0578125
0 0.165625 0.446875 0.0796875 0.06953125
0 0.1078125 0.50234375 0.071875 0.071875
0 0.25703125 0.35390625 0.0484375 0.0453125
0 0.20078125 0.05703125 0.0359375 0.03359375
0 0.28125 0.10078125 0.040625 0.0359375
0 0.02578125 0.01796875 0.0515625 0.0359375
0 0.55859375 0.0515625 0.1109375 0.103125
0 0.8515625 0.01328125 0.071875 0.0265625
0 0.78828125 0.55625 0.1671875 0.046875
0 0.7359375 0.26484375 0.17578125 0.178125
0 0.378125 0.34140625 0.0375 0.0765625
0 0.99140625 0.415625 0.0171875 0.1
0 0.9515625 0.20703125 0.0796875 0.0796875
0 0.91171875 0.1765625 0.12265625 0.115625
0 0.28359375 0.70078125 0.1515625 0.1765625
0 0.23359375 0.86875 0.09375 0.08203125
0 0.63828125 0.6546875 0.4171875 0.15
0 0.43359375 0.8953125 0.0984375 0.0984375
0 0.73671875 0.94765625 0.1203125 0.1046875
0 0.82109375 0.921875 0.0890625 0.09375
0 0.8640625 0.67265625 0.0796875 0.0796875
0 0.92109375 0.61328125 0.0765625 0.0671875
0 0.7171875 0.728125 0.09609375 0.09609375