0 0.2953125 0.24609375 0.06484375 0.06484375
0 0.25703125 0.2984375 0.13203125 0.125
0 0.0859375 0.29609375 0.125 0.1109375
0 0.065625 0.18828125 0.0578125 0.06015625
0 0.28359375 0.440625 0.06484375 0.06484375
0 0.24765625 0.46640625 0.0890625 0.0453125
0 0.321875 0.378125 0.05546875 0.053125
0 0.2125 0.096875 0.04296875 0.040625
0 0.29921875 0.1234375 0.0484375 0.04296875
0 0.03046875 0.08125 0.0609375 0.0625
0 0.0671875 0.47265625 0.040625 0.0328125
0 0.634375 0.05234375 0.21875 0.1046875
0 0.81953125 0.02109375 0.0703125 0.0421875
0 0.58203125 0.1578125 0.0890625 0.0796875
0 0.82578125 0.18046875 0.06484375 0.0578125
0 0.98125 0.18125 0.0375 0.146875
0 0.97734375 0.0546875 0.0453125 0.071875
0 0.89375 0.47265625 0.0625 0.0328125
0 0.50625 0.35390625 0.053125 0.0578125
0 0.99296875 0.30703125 0.0140625 0.0703125
0 0.953125 0.2875 0.0578125 0.0578125
0 0.76484375 0.1046875 0.05078125 0.0625
0 0.3390625 0.91875 0.140625 0.1625
0 0.08125 0.71796875 0.0625 0.05546875
0 0.38828125 0.53515625 0.0421875 0.0328125
0 0.28125 0.57890625 0.04296875 0.0359375
0 0.21484375 0.56796875 0.040625 0.0359375
0 0.853125 0.7234375 0.08671875 0.10078125
0 0.9390625 0.78203125 0.0453125 0.06015625
0 0.90078125 0.8796875 0.06484375 0.0578125
0 0.9796875 0.975 0.040625 0.05
0 0.53671875 0.90859375 0.03359375 0.03828125
0 0.59921875 0.87109375 0.03359375 0.04296875