0 0.0078125 0.13984375 0.015625 0.0765625
0 0.46953125 0.07421875 0.0609375 0.0796875
0 0.21875 0.0390625 0.103125 0.078125
0 0.0640625 0.034375 0.06953125 0.0671875
0 0.20625 0.96953125 0.096875 0.0609375
0 0.47734375 0.625 0.0453125 0.103125
0 0.4421875 0.60625 0.07421875 0.0796875
0 0.3875 0.53828125 0.103125 0.0890625
0 0.471875 0.36484375 0.05625 0.0921875
0 0.078125 0.375 0.0796875 0.0796875
0 0.0625 0.84296875 0.0453125 0.05546875
0 0.3703125 0.85546875 0.259375 0.2890625
0 0.83515625 0.31328125 0.0953125 0.0265625
0 0.93671875 0.39375 0.103125 0.10546875
0 0.534375 0.48359375 0.06875 0.1390625
0 0.61328125 0.54296875 0.10078125 0.103125
0 0.75 0.496875 0.11328125 0.103125
0 0.97265625 0.5609375 0.0546875 0.071875
0 0.73828125 0.59921875 0.14921875 0.103125
0 0.76328125 0.7234375 0.09609375 0.09609375
0 0.64375 0.70390625 0.084375 0.07421875
0 0.546875 0.77265625 0.09375 0.0890625
0 0.6125 0.85078125 0.1875 0.16328125
0 0.6625 0.92890625 0.0765625 0.0984375
0 0.70234375 0.96484375 0.1078125 0.0703125
0 0.95390625 0.95703125 0.0828125 0.0859375
0 0.98828125 0.6390625 0.0234375 0.0625