0 0.30078125 0.47421875 0.1859375 0.0296875
0 0.2171875 0.35078125 0.06953125 0.07421875
0 0.15234375 0.346875 0.06015625 0.0578125
0 0.1140625 0.0734375 0.125 0.1109375
0 0.296875 0.2296875 0.21171875 0.1921875
0 0.4296875 0.11953125 0.078125 0.1140625
0 0.446875 0.04375 0.04375 0.0875
0 0.21796875 0.015625 0.0515625 0.03125
0 0.43828125 0.38828125 0.0609375 0.1109375
0 0.56484375 0.39609375 0.1296875 0.14453125
0 0.54453125 0.26015625 0.09375 0.10546875
0 0.72109375 0.3875 0.11796875 0.12265625
0 0.76796875 0.3078125 0.14921875 0.12734375
0 0.665625 0.16953125 0.1421875 0.12265625
0 0.52578125 0.04921875 0.1140625 0.0984375
0 0.9640625 0.3515625 0.05546875 0.0765625
0 0.96875 0.26640625 0.0625 0.0890625
0 0.8953125 0.1015625 0.1828125 0.2015625
0 0.84140625 0.46640625 0.0453125 0.0453125
0 0.4 0.66328125 0.1375 0.3484375
0 0.08046875 0.6125 0.12265625 0.12734375
0 0.25703125 0.80078125 0.0484375 0.08203125
0 0.309375 0.77421875 0.03828125 0.0765625
0 0.165625 0.815625 0.05078125 0.0578125
0 0.88515625 0.97890625 0.0890625 0.0421875
0 0.9859375 0.91484375 0.028125 0.1453125
0 0.85625 0.5046875 0.125 0.03125
0 0.95234375 0.58203125 0.0953125 0.1046875
0 0.48359375 0.9609375 0.0296875 0.078125
0 0.49609375 0.87890625 0.0546875 0.0921875
0 0.50625 0.7234375 0.075 0.090625
0 0.58359375 0.51796875 0.0953125 0.0578125
0 0.69921875 0.9875 0.0484375 0.025
0 0.590625 0.721875 0.06484375 0.06015625