0 0.3125 0.94921875 0.115625 0.06953125
0 0.18359375 0.896875 0.0453125 0.0625
0 0.078125 0.91484375 0.053125 0.0578125
0 0.28359375 0.5296875 0.13203125 0.1703125
0 0.83671875 0.95703125 0.1703125 0.08203125
0 0.7359375 0.3546875 0.28359375 0.30546875
0 0.28828125 0.22734375 0.13671875 0.12734375
0 0.39453125 0.35546875 0.071875 0.0890625
0 0.51796875 0.3375 0.0765625 0.0796875
0 0.93046875 0.13359375 0.0796875 0.0890625
0 0.946875 0.03359375 0.0984375 0.0578125
0 0.58984375 0.15625 0.0625 0.0578125
0 0.50625 0.0515625 0.0671875 0.053125
0 0.084375 0.3015625 0.0890625 0.07421875
0 0.1296875 0.22265625 0.05546875 0.040625
0 0.1203125 0.140625 0.05078125 0.05546875