0 0.1921875 0.11640625 0.36875 0.2328125
0 0.453125 0.10234375 0.1515625 0.15390625
0 0.54609375 0.3234375 0.0671875 0.103125
0 0.82265625 0.0375 0.0953125 0.075
0 0.740625 0.165625 0.0796875 0.084375
0 0.8375 0.33515625 0.11328125 0.1078125
0 0.94140625 0.31796875 0.0765625 0.0796875
0 0.35859375 0.675 0.125 0.1515625
0 0.478125 0.61328125 0.12265625 0.10546875
0 0.246875 0.71796875 0.09140625 0.071875
0 0.52265625 0.81171875 0.07421875 0.08671875
0 0.7921875 0.91640625 0.0796875 0.06484375
0 0.8140625 0.8515625 0.0578125 0.06015625
0 0.909375 0.6953125 0.08671875 0.08671875
0 0.6484375 0.66640625 0.0578125 0.06953125
0 0.590625 0.4671875 0.021875 0.05625