0 0.55078125 0.3421875 0.1171875 0.334375
0 0.496875 0.45390625 0.08203125 0.084375
0 0.43359375 0.4703125 0.1140625 0.078125
0 0.4171875 0.30703125 0.1515625 0.15390625
0 0.3046875 0.08515625 0.10546875 0.103125
0 0.259375 0.03203125 0.071875 0.0640625
0 0.19765625 0.015625 0.0953125 0.03125
0 0.11328125 0.04140625 0.0796875 0.08203125
0 0.178125 0.109375 0.06953125 0.06015625
0 0.09453125 0.153125 0.084375 0.0765625
0 0.028125 0.134375 0.05625 0.075
0 0.08359375 0.2125 0.06953125 0.06953125
0 0.015625 0.278125 0.03125 0.084375
0 0.0703125 0.36875 0.0765625 0.07421875
0 0.0296875 0.4546875 0.059375 0.084375
0 0.03046875 0.4984375 0.0609375 0.021875
0 0.109375 0.4890625 0.0625 0.040625
0 0.334375 0.46484375 0.05078125 0.06484375
0 0.2890625 0.45859375 0.06484375 0.06953125
0 0.82421875 0.2546875 0.3515625 0.509375
0 0.24375 0.82265625 0.0796875 0.08203125
0 0.20390625 0.74765625 0.0671875 0.0578125
0 0.2546875 0.73359375 0.084375 0.09609375
0 0.18515625 0.621875 0.0578125 0.0625
0 0.38359375 0.53046875 0.0578125 0.0421875
0 0.53828125 0.86953125 0.06953125 0.071875
0 0.36171875 0.96171875 0.0578125 0.053125
0 0.13125 0.9453125 0.0765625 0.0625
0 0.8046875 0.7546875 0.390625 0.490625
0 0.81953125 0.521875 0.1078125 0.025
0 0.68671875 0.978125 0.0796875 0.04375