0 0.60546875 0.77265625 0.365625 0.36796875
0 0.44921875 0.76171875 0.10546875 0.10546875
0 0.3375 0.78359375 0.1078125 0.10546875
0 0.24296875 0.925 0.1546875 0.15
0 0.3515625 0.95625 0.096875 0.0875
0 0.93046875 0.80625 0.071875 0.0578125
0 0.8703125 0.63125 0.1390625 0.1421875
0 0.971875 0.67265625 0.05625 0.1046875
0 0.984375 0.60234375 0.03125 0.178125
0 0.96484375 0.4234375 0.06953125 0.09375
0 0.93984375 0.39296875 0.09609375 0.09140625
0 0.875 0.26171875 0.18515625 0.2046875
0 0.58515625 0.2359375 0.46875 0.47109375
0 0.5109375 0.43125 0.10078125 0.103125
0 0.484375 0.50234375 0.1390625 0.13671875
0 0.54296875 0.5765625 0.0984375 0.09375
0 0.46640625 0.6515625 0.1296875 0.13671875
0 0.33984375 0.3765625 0.18984375 0.1921875
0 0.08671875 0.28828125 0.1296875 0.1296875
0 0.02734375 0.2765625 0.0546875 0.09375
0 0.02421875 0.4 0.0484375 0.0796875
0 0.01328125 0.49765625 0.0265625 0.0984375
0 0.02734375 0.55078125 0.0546875 0.0859375
0 0.0203125 0.6578125 0.040625 0.071875
0 0.11796875 0.6828125 0.09375 0.09375
0 0.1421875 0.7921875 0.1078125 0.103125
0 0.19921875 0.834375 0.08671875 0.08671875
0 0.24765625 0.75703125 0.0796875 0.08203125
0 0.39296875 0.5609375 0.0671875 0.07421875
0 0.353125 0.58984375 0.08203125 0.084375
0 0.71640625 0.5375 0.08203125 0.084375
0 0.7828125 0.48828125 0.084375 0.08203125
0 0.4890625 0.896875 0.07421875 0.071875
0 0.77890625 0.7671875 0.115625 0.115625