0 0.28125 0.4359375 0.22109375 0.2453125
0 0.17421875 0.3515625 0.06484375 0.06953125
0 0.08515625 0.31328125 0.06953125 0.0671875
0 0.021875 0.45859375 0.04375 0.0671875
0 0.365625 0.12578125 0.06015625 0.06953125
0 0.31640625 0.16796875 0.08671875 0.0890625
0 0.325 0.253125 0.06484375 0.0578125
0 0.23671875 0.275 0.071875 0.0984375
0 0.26875 0.03203125 0.115625 0.0640625
0 0.03359375 0.25078125 0.0484375 0.05546875
0 0.225 0.16875 0.03359375 0.0578125
0 0.184375 0.17265625 0.0484375 0.0578125
0 0.14296875 0.475 0.0453125 0.0484375
0 0.3859375 0.51484375 0.028125 0.0796875
0 0.87265625 0.55546875 0.1421875 0.1265625
0 0.928125 0.31875 0.14375 0.16875
0 0.89375 0.20546875 0.146875 0.1390625
0 0.634375 0.0765625 0.16875 0.153125
0 0.6140625 0.015625 0.103125 0.03125
0 0.7421875 0.50234375 0.06015625 0.053125
0 0.51875 0.4421875 0.1609375 0.15625
0 0.44609375 0.38046875 0.0921875 0.1109375
0 0.6046875 0.3390625 0.10546875 0.103125
0 0.5421875 0.3390625 0.08203125 0.0796875
0 0.96875 0.0375 0.0625 0.075
0 0.16484375 0.6796875 0.1734375 0.121875
0 0.2234375 0.92421875 0.1875 0.1515625
0 0.93125 0.93828125 0.1375 0.1234375
0 0.52109375 0.76328125 0.1203125 0.125