0 0.36796875 0.11953125 0.2203125 0.2390625
0 0.26171875 0.2015625 0.06484375 0.06953125
0 0.17265625 0.23984375 0.06953125 0.0671875
0 0.04375 0.171875 0.0875 0.103125
0 0.103125 0.09453125 0.0578125 0.0671875
0 0.59921875 0.0984375 0.0390625 0.096875
0 0.53828125 0.48046875 0.1609375 0.1984375
0 0.453125 0.42734375 0.06015625 0.06953125
0 0.40390625 0.38515625 0.08671875 0.0890625
0 0.4125 0.3 0.06484375 0.0578125
0 0.32421875 0.278125 0.071875 0.0984375
0 0.35625 0.53359375 0.115625 0.0921875
0 0.04375 0.56328125 0.053125 0.0328125
0 0.0609375 0.42421875 0.0578125 0.06015625
0 0.03125 0.32734375 0.0625 0.0640625
0 0.053125 0.26640625 0.05546875 0.0578125
0 0.12109375 0.30234375 0.0484375 0.05546875
0 0.3125 0.384375 0.03359375 0.0578125
0 0.271875 0.38046875 0.0484375 0.0578125
0 0.55390625 0.24609375 0.0484375 0.0578125
0 0.60625 0.25234375 0.025 0.0515625
0 0.23046875 0.078125 0.0453125 0.0484375
0 0.49453125 0.0390625 0.0703125 0.078125
0 0.909375 0.5125 0.153125 0.134375
0 0.95390625 0.44453125 0.0921875 0.0828125
0 0.9140625 0.20859375 0.115625 0.1203125
0 0.175 0.921875 0.23125 0.15625
0 0.0515625 0.946875 0.103125 0.10625
0 0.034375 0.84921875 0.06875 0.1265625
0 0.1046875 0.7921875 0.103125 0.1109375
0 0.4546875 0.796875 0.084375 0.0796875
0 0.44609375 0.875 0.09140625 0.09140625
0 0.48828125 0.98828125 0.0828125 0.0234375
0 0.5890625 0.990625 0.059375 0.01875
0 0.5125 0.884375 0.06953125 0.0671875
0 0.5375 0.953125 0.0890625 0.08203125
0 0.57109375 0.828125 0.09140625 0.09140625
0 0.60390625 0.70234375 0.0296875 0.0671875
0 0.525 0.69375 0.0796875 0.084375
0 0.27265625 0.621875 0.07421875 0.06953125
0 0.14609375 0.6296875 0.0953125 0.1
0 0.67578125 0.62265625 0.1140625 0.0859375
0 0.6890625 0.78359375 0.0765625 0.09375