0 0.4078125 0.40703125 0.259375 0.1859375
0 0.2828125 0.3625 0.0765625 0.08203125
0 0.178125 0.31640625 0.08203125 0.0796875
0 0.0390625 0.39609375 0.078125 0.1203125
0 0.09609375 0.47421875 0.0671875 0.0515625
0 0.50703125 0.096875 0.071875 0.08203125
0 0.4484375 0.14609375 0.10078125 0.10546875
0 0.459375 0.246875 0.0765625 0.0671875
0 0.35546875 0.27109375 0.084375 0.115625
0 0.046875 0.1015625 0.06953125 0.071875
0 0.02578125 0.21328125 0.0515625 0.0765625
0 0.0375 0.28515625 0.06484375 0.0671875
0 0.11640625 0.24296875 0.05546875 0.06484375
0 0.34140625 0.146875 0.040625 0.0671875
0 0.29296875 0.15078125 0.05546875 0.06953125
0 0.61796875 0.30859375 0.0421875 0.0703125
0 0.2453125 0.4890625 0.053125 0.021875
0 0.95 0.2046875 0.1 0.409375
0 0.78046875 0.31171875 0.053125 0.071875
0 0.80234375 0.4140625 0.07421875 0.0796875
0 0.4640625 0.5234375 0.059375 0.046875
0 0.90625 0.55 0.184375 0.1
0 0.96875 0.5578125 0.0625 0.115625
0 0.91015625 0.8015625 0.1796875 0.240625