0 0.0640625 0.12890625 0.0671875 0.0625
0 0.125 0.015625 0.059375 0.03125
0 0.3390625 0.028125 0.06875 0.05625
0 0.31171875 0.203125 0.178125 0.1703125
0 0.21484375 0.3140625 0.07421875 0.06953125
0 0.01171875 0.42890625 0.0234375 0.0765625
0 0.88828125 0.50703125 0.1203125 0.0453125
0 0.4671875 0.48359375 0.096875 0.0921875
0 0.44921875 0.34765625 0.0609375 0.1484375
0 0.61640625 0.23046875 0.12265625 0.125
0 0.60703125 0.36015625 0.07421875 0.0765625
0 0.03984375 0.6296875 0.0796875 0.125
0 0.29375 0.8390625 0.09140625 0.115625
0 0.29375 0.940625 0.09140625 0.08203125
0 0.36484375 0.96875 0.0671875 0.0625
0 0.934375 0.9484375 0.13125 0.103125
0 0.94453125 0.62421875 0.1109375 0.1453125
0 0.90078125 0.57109375 0.1671875 0.0828125
0 0.6921875 0.5953125 0.0625 0.0890625
0 0.67578125 0.540625 0.0828125 0.021875
0 0.7328125 0.79609375 0.0578125 0.071875
0 0.51328125 0.70703125 0.12265625 0.15625
0 0.4515625 0.76953125 0.053125 0.0578125
0 0.82890625 0.7296875 0.053125 0.071875