0 0.759375 0.8234375 0.353125 0.353125
0 0.96171875 0.86640625 0.0765625 0.1203125
0 0.9828125 0.7546875 0.03359375 0.071875
0 0.83203125 0.72109375 0.071875 0.071875
0 0.38359375 0.97734375 0.071875 0.0453125
0 0.79921875 0.971875 0.0796875 0.05625
0 0.14453125 0.58046875 0.28828125 0.446875
0 0.040625 0.24765625 0.08125 0.1015625
0 0.0296875 0.09140625 0.059375 0.0671875
0 0.1234375 0.021875 0.08671875 0.04296875
0 0.49375 0.16015625 0.0671875 0.0625
0 0.55546875 0.03515625 0.06015625 0.05546875
0 0.76953125 0.05546875 0.06953125 0.06484375
0 0.9265625 0.04921875 0.0578125 0.0578125
0 0.74140625 0.234375 0.178125 0.1703125
0 0.64453125 0.3453125 0.07421875 0.06953125
0 0.8859375 0.56953125 0.09609375 0.09609375
0 0.9625 0.6359375 0.07421875 0.103125
0 0.7078125 0.62265625 0.06953125 0.08203125
0 0.3734375 0.85546875 0.0671875 0.071875
0 0.2234375 0.9 0.07421875 0.084375
0 0.42421875 0.46015625 0.0578125 0.0765625
0 0.39921875 0.3546875 0.084375 0.08203125