0 0.0234375 0.17890625 0.046875 0.0796875
0 0.12421875 0.21875 0.10546875 0.0984375
0 0.12421875 0.27890625 0.05078125 0.04296875
0 0.41640625 0.31171875 0.0671875 0.0609375
0 0.38203125 0.21640625 0.06484375 0.06953125
0 0.584375 0.41953125 0.134375 0.0796875
0 0.66875 0.40390625 0.1125 0.1109375
0 0.4828125 0.409375 0.065625 0.1
0 0.84296875 0.2609375 0.125 0.12734375
0 0.7671875 0.159375 0.115625 0.115625
0 0.91796875 0.0421875 0.1109375 0.084375
0 0.9578125 0.28671875 0.084375 0.0984375
0 0.321875 0.5234375 0.10078125 0.10078125
0 0.4234375 0.6578125 0.053125 0.13125
0 0.40859375 0.59296875 0.0765625 0.0765625
0 0.38359375 0.83125 0.08671875 0.08671875
0 0.15546875 0.7875 0.14453125 0.14453125
0 0.09765625 0.91875 0.15859375 0.15859375
0 0.23125 0.96953125 0.128125 0.0609375
0 0.359375 0.8921875 0.06953125 0.06953125
0 0.04609375 0.7859375 0.0921875 0.196875
0 0.88046875 0.87109375 0.0578125 0.06953125
0 0.98515625 0.5875 0.0296875 0.090625
0 0.9765625 0.50390625 0.046875 0.0890625
0 0.7 0.54765625 0.071875 0.0671875
0 0.56328125 0.6796875 0.0578125 0.0890625