0 0.153125 0.0453125 0.103125 0.090625
0 0.95703125 0.26796875 0.0859375 0.1390625
0 0.82578125 0.271875 0.15390625 0.15859375
0 0.70625 0.2609375 0.1109375 0.1109375
0 0.59765625 0.0578125 0.1765625 0.115625
0 0.73359375 0.06328125 0.1390625 0.1265625
0 0.7 0.01796875 0.134375 0.0359375
0 0.03125 0.4 0.0375 0.040625
0 0.178125 0.54453125 0.0453125 0.06953125
0 0.2171875 0.828125 0.0890625 0.0890625
0 0.21640625 0.73984375 0.0984375 0.06953125
0 0.4984375 0.534375 0.021875 0.065625
0 0.21875 0.4140625 0.053125 0.06875
0 0.47109375 0.834375 0.05078125 0.03828125
0 0.92890625 0.78203125 0.09375 0.0984375
0 0.62109375 0.50625 0.2234375 0.253125
0 0.896875 0.41953125 0.1125 0.0796875
0 0.9390625 0.52265625 0.0484375 0.071875
0 0.91875 0.61484375 0.06484375 0.0625
0 0.82421875 0.8671875 0.28359375 0.23046875
0 0.63984375 0.8375 0.071875 0.06953125
0 0.54765625 0.978125 0.0765625 0.04375
0 0.55 0.6953125 0.07421875 0.06484375