0 0.2359375 0.446875 0.10546875 0.09140625
0 0.3234375 0.53125 0.1109375 0.1078125
0 0.29921875 0.58203125 0.05078125 0.0484375
0 0.30078125 0.88828125 0.12265625 0.12734375
0 0.5875 0.73046875 0.084375 0.08671875
0 0.51953125 0.725 0.071875 0.0671875
0 0.60703125 0.8765625 0.08203125 0.084375
0 0.62734375 0.96484375 0.11328125 0.06953125
0 0.8140625 0.96484375 0.084375 0.06953125
0 0.759375 0.98046875 0.071875 0.03828125
0 0.6921875 0.57578125 0.115625 0.1296875
0 0.31953125 0.00234375 0.103125 0.0046875
0 0.17578125 0.109375 0.0625 0.0578125
0 0.83046875 0.35078125 0.103125 0.103125
0 0.5296875 0.63125 0.06953125 0.071875