0 0.04375 0.34609375 0.0875 0.1109375
0 0.03203125 0.41015625 0.05546875 0.05078125
0 0.42265625 0.3875 0.09140625 0.0890625
0 0.346875 0.42109375 0.0796875 0.0671875
0 0.51171875 0.49140625 0.0546875 0.0359375
0 0.43828125 0.1734375 0.1203125 0.1390625
0 0.30234375 0.32265625 0.07421875 0.0765625
0 0.72421875 0.475 0.0859375 0.06875
0 0.5828125 0.36328125 0.0875 0.0984375
0 0.5015625 0.9609375 0.075 0.078125
0 0.0046875 0.9 0.009375 0.134375
0 0.0078125 0.7546875 0.015625 0.103125
0 0.1625 0.8640625 0.12265625 0.12265625
0 0.3109375 0.56328125 0.115625 0.1078125
0 0.22578125 0.59765625 0.0796875 0.0796875
0 0.14765625 0.6234375 0.0671875 0.0671875
0 0.1203125 0.58203125 0.07421875 0.07421875
0 0.49921875 0.60234375 0.0796875 0.1046875
0 0.525 0.56640625 0.028125 0.0984375
0 0.39375 0.803125 0.09140625 0.09140625
0 0.5703125 0.64765625 0.0625 0.1046875
0 0.65078125 0.66875 0.0484375 0.04296875
0 0.6859375 0.70078125 0.0671875 0.06015625
0 0.9203125 0.796875 0.0765625 0.08203125
0 0.6390625 0.98671875 0.065625 0.0265625
0 0.71484375 0.96328125 0.05546875 0.0625
0 0.68203125 0.86953125 0.0453125 0.05078125
0 0.6890625 0.90546875 0.0484375 0.0453125