0 0.03515625 0.06328125 0.0703125 0.0765625
0 0.0953125 0.04609375 0.0484375 0.0453125
0 0.21796875 0.37109375 0.0421875 0.0171875
0 0.24375 0.315625 0.0625 0.05078125
0 0.1625 0.25390625 0.04296875 0.05078125
0 0.2078125 0.1328125 0.0453125 0.04296875
0 0.2875 0.096875 0.0578125 0.05078125
0 0.3125 0.03515625 0.0796875 0.0671875
0 0.2640625 0.25078125 0.0484375 0.0453125
0 0.01796875 0.18515625 0.0359375 0.0578125
0 0.57109375 0.17578125 0.13203125 0.1203125
0 0.79140625 0.1265625 0.15390625 0.1390625
0 0.2765625 0.96484375 0.096875 0.0703125
0 0.04140625 0.94765625 0.08203125 0.084375
0 0.06171875 0.63828125 0.1078125 0.103125
0 0.32890625 0.684375 0.0609375 0.071875
0 0.33515625 0.53671875 0.0484375 0.0671875
0 0.28671875 0.48203125 0.0578125 0.0671875
0 0.634375 0.56171875 0.0796875 0.06953125
0 0.703125 0.72890625 0.0765625 0.07421875
0 0.5671875 0.84140625 0.09375 0.084375
0 0.40078125 0.88046875 0.0828125 0.1359375
0 0.38515625 0.671875 0.0515625 0.053125
0 0.8265625 0.8828125 0.0625 0.06953125