0 0.03203125 0.0390625 0.0640625 0.078125
0 0.153125 0.03671875 0.11875 0.0734375
0 0.21796875 0.40234375 0.0234375 0.0671875
0 0.13046875 0.55625 0.071875 0.0765625
0 0.0703125 0.57421875 0.0484375 0.0453125
0 0.01171875 0.365625 0.0234375 0.05
0 0.02578125 0.65546875 0.0515625 0.0265625
0 0.0796875 0.66484375 0.034375 0.0078125
0 0.1015625 0.13046875 0.10546875 0.0890625
0 0.1875 0.20234375 0.06015625 0.06953125
0 0.1796875 0.29296875 0.0359375 0.04296875
0 0.1609375 0.434375 0.0625 0.0578125
0 0.2484375 0.42421875 0.0375 0.1328125
0 0.3703125 0.5203125 0.1203125 0.11796875
0 0.4640625 0.590625 0.0984375 0.10078125
0 0.52265625 0.61953125 0.0796875 0.0765625
0 0.42421875 0.40703125 0.18046875 0.1828125
0 0.65234375 0.48125 0.103125 0.103125
0 0.76171875 0.46484375 0.09609375 0.0984375
0 0.75390625 0.61171875 0.103125 0.1078125
0 0.86875 0.45859375 0.09375 0.0984375
0 0.834375 0.34609375 0.10078125 0.10078125
0 0.95234375 0.2640625 0.0953125 0.146875
0 0.98203125 0.1875 0.0359375 0.128125
0 0.80078125 0.14296875 0.09375 0.09375
0 0.59609375 0.3421875 0.10078125 0.10546875
0 0.93984375 0.63828125 0.0671875 0.0609375
0 0.371875 0.8875 0.284375 0.225
0 0.31171875 0.7578125 0.103125 0.0578125
0 0.4546875 0.6953125 0.06015625 0.053125
0 0.86015625 0.69375 0.0734375 0.05
0 0.821875 0.83046875 0.053125 0.04296875