0 0.3046875 0.1515625 0.08203125 0.084375
0 0.428125 0.23671875 0.06484375 0.06953125
0 0.209375 0.35546875 0.0796875 0.0765625
0 0.34296875 0.35546875 0.0484375 0.040625
0 0.38515625 0.359375 0.03125 0.053125
0 0.48984375 0.328125 0.0359375 0.0359375
0 0.05625 0.0484375 0.1125 0.096875
0 0.1484375 0.128125 0.0671875 0.0796875
0 0.140625 0.23046875 0.040625 0.0484375
0 0.1171875 0.37890625 0.06875 0.0421875
0 0.63359375 0.25078125 0.2296875 0.2984375
0 0.55546875 0.0265625 0.0734375 0.053125
0 0.9015625 0.0421875 0.071875 0.0671875
0 0.3859375 0.5296875 0.0671875 0.0796875
0 0.40859375 0.97578125 0.0546875 0.0484375
0 0.8078125 0.95234375 0.134375 0.0953125
0 0.7546875 0.8703125 0.0984375 0.0796875
0 0.93125 0.44140625 0.1375 0.0828125
0 0.89765625 0.51875 0.1078125 0.084375
0 0.5578125 0.45859375 0.078125 0.0984375
0 0.66171875 0.56171875 0.0578125 0.05546875
0 0.95625 0.590625 0.06015625 0.0578125
0 0.878125 0.62421875 0.071875 0.0578125
0 0.890625 0.684375 0.06484375 0.0796875
0 0.56953125 0.83359375 0.04296875 0.0484375