0 0.03125 0.48203125 0.0625 0.0578125
0 0.09921875 0.3703125 0.125 0.13203125
0 0.184375 0.45 0.040625 0.0671875
0 0.28125 0.334375 0.075 0.128125
0 0.3078125 0.5015625 0.021875 0.071875
0 0.28828125 0.56640625 0.0609375 0.0265625
0 0.078125 0.12265625 0.13203125 0.11796875
0 0.19765625 0.1453125 0.04296875 0.0359375
0 0.16796875 0.015625 0.0765625 0.03125
0 0.97890625 0.0625 0.0421875 0.125
0 0.81015625 0.04296875 0.1078125 0.0859375
0 0.77734375 0.159375 0.11328125 0.11328125
0 0.8703125 0.2046875 0.06484375 0.06484375
0 0.90859375 0.31640625 0.10078125 0.10078125
0 0.9484375 0.37109375 0.103125 0.1078125
0 0.8640625 0.41171875 0.103125 0.103125
0 0.71640625 0.45859375 0.1109375 0.1109375
0 0.7859375 0.30625 0.09609375 0.09609375
0 0.73671875 0.3109375 0.11328125 0.11328125
0 0.6171875 0.2875 0.1203125 0.1203125
0 0.63046875 0.3828125 0.06953125 0.06953125
0 0.54453125 0.215625 0.11796875 0.11796875
0 0.4109375 0.16328125 0.184375 0.3265625
0 0.39375 0.32421875 0.09375 0.09375
0 0.33984375 0.30234375 0.0421875 0.0796875
0 0.33125 0.40703125 0.025 0.0578125
0 0.40859375 0.3734375 0.06015625 0.06015625
0 0.48515625 0.3625 0.0625 0.0625
0 0.48671875 0.27578125 0.0625 0.0625
0 0.54296875 0.45703125 0.1078125 0.1078125
0 0.46640625 0.48515625 0.053125 0.053125
0 0.39296875 0.5046875 0.1484375 0.15
0 0.6703125 0.52578125 0.0625 0.0625
0 0.878125 0.45625 0.0578125 0.0578125
0 0.9015625 0.46484375 0.071875 0.071875
0 0.91171875 0.1171875 0.0671875 0.06484375
0 0.953125 0.16171875 0.0796875 0.0796875
0 0.95625 0.21875 0.0875 0.096875
0 0.66953125 0.06171875 0.05546875 0.05546875
0 0.0171875 0.8328125 0.034375 0.084375
0 0.07109375 0.8484375 0.06484375 0.0671875
0 0.06484375 0.6453125 0.1078125 0.1109375
0 0.28671875 0.66171875 0.0640625 0.0703125
0 0.22421875 0.596875 0.0765625 0.034375
0 0.29140625 0.59140625 0.0546875 0.0234375
0 0.59296875 0.98203125 0.1296875 0.0359375
0 0.54140625 0.61171875 0.0890625 0.0640625
0 0.63359375 0.68203125 0.0984375 0.10078125
0 0.34140625 0.8421875 0.0453125 0.125
0 0.82734375 0.890625 0.2140625 0.21875
0 0.96484375 0.88671875 0.0703125 0.1078125
0 0.94609375 0.74609375 0.1078125 0.1484375
0 0.7703125 0.6921875 0.0625 0.06953125
0 0.696875 0.6171875 0.05078125 0.053125