0 0.42421875 0.065625 0.3296875 0.13125
0 0.0296875 0.0375 0.059375 0.075
0 0.17890625 0.35859375 0.0984375 0.084375
0 0.2578125 0.43125 0.125 0.015625
0 0.79765625 0.19609375 0.1734375 0.165625
0 0.6734375 0.278125 0.16875 0.321875
0 0.84765625 0.05390625 0.1109375 0.1078125
0 0.6546875 0.05078125 0.07421875 0.071875
0 0.98671875 0.26875 0.0265625 0.071875
0 0.53125 0.8265625 0.115625 0.121875
0 0.4953125 0.77578125 0.0984375 0.10078125
0 0.4078125 0.7546875 0.0796875 0.0796875
0 0.28125 0.76484375 0.1296875 0.13203125
0 0.18046875 0.87265625 0.08671875 0.08203125
0 0.1671875 0.52265625 0.334375 0.1671875
0 0.4796875 0.521875 0.21875 0.165625
0 0.390625 0.67578125 0.0984375 0.09609375
0 0.0453125 0.68359375 0.090625 0.1015625
0 0.79453125 0.7203125 0.4109375 0.559375
0 0.5984375 0.97734375 0.01875 0.0453125