0 0.2828125 0.61171875 0.46875 0.43515625
0 0.25703125 0.8953125 0.25234375 0.209375
0 0.7671875 0.6625 0.16796875 0.16796875
0 0.71640625 0.55546875 0.22109375 0.21171875
0 0.81875 0.53515625 0.1203125 0.12265625
0 0.9328125 0.62890625 0.09140625 0.09140625
0 0.5296875 0.6671875 0.15390625 0.146875
0 0.6609375 0.37890625 0.14453125 0.13203125
0 0.89453125 0.2671875 0.125 0.1296875
0 0.6671875 0.2234375 0.06484375 0.071875
0 0.38359375 0.1828125 0.1203125 0.1078125
0 0.26953125 0.11875 0.14921875 0.134375
0 0.0140625 0.4453125 0.028125 0.0875
0 0.41953125 0.85703125 0.071875 0.0765625
0 0.9109375 0.77734375 0.09375 0.0890625
0 0.84375 0.84375 0.084375 0.08671875
0 0.7828125 0.165625 0.084375 0.08203125
0 0.578125 0.10078125 0.0890625 0.08203125
0 0.5984375 0.03984375 0.08671875 0.0796875