0 0.46796875 0.07578125 0.2234375 0.1515625
0 0.1203125 0.05390625 0.1078125 0.09375
0 0.0578125 0.196875 0.04296875 0.06015625
0 0.28359375 0.35234375 0.09140625 0.07421875
0 0.08671875 0.3484375 0.06484375 0.06015625
0 0.0453125 0.3921875 0.0625 0.053125
0 0.66328125 0.1984375 0.10078125 0.0984375
0 0.68828125 0.05625 0.1515625 0.1125
0 0.84921875 0.0078125 0.0671875 0.015625
0 0.03125 0.90625 0.0625 0.1875
0 0.44140625 0.96640625 0.0921875 0.0671875
0 0.24140625 0.89921875 0.09140625 0.09140625
0 0.2078125 0.93984375 0.09375 0.0890625
0 0.11484375 0.93046875 0.071875 0.06953125
0 0.28984375 0.709375 0.5796875 0.58125
0 0.865625 0.675 0.11796875 0.1421875
0 0.6015625 0.915625 0.04375 0.13125