0 0.06171875 0.028125 0.0328125 0.05625
0 0.02265625 0.02890625 0.03125 0.021875
0 0.03203125 0.05546875 0.02890625 0.0265625
0 0.02578125 0.1109375 0.03125 0.02890625
0 0.05859375 0.1375 0.03359375 0.03359375
0 0.109375 0.15390625 0.0265625 0.03359375
0 0.265625 0.078125 0.03828125 0.03125
0 0.19765625 0.26015625 0.0265625 0.0265625
0 0.9734375 0.284375 0.053125 0.09375
0 0.98828125 0.2 0.0234375 0.053125
0 0.9546875 0.14453125 0.090625 0.1203125
0 0.16171875 0.65859375 0.3234375 0.4671875
0 0.253125 0.41875 0.0796875 0.10078125
0 0.2578125 0.50078125 0.053125 0.0765625
0 0.30703125 0.6765625 0.0859375 0.10625
0 0.3328125 0.76796875 0.034375 0.1203125
0 0.3390625 0.38515625 0.021875 0.0453125
0 0.025 0.3671875 0.05 0.05625
0 0.14140625 0.91875 0.05078125 0.05546875
0 0.0984375 0.96328125 0.0484375 0.053125
0 0.62109375 0.9546875 0.1015625 0.090625
0 0.6953125 0.97421875 0.103125 0.0515625
0 0.97265625 0.70859375 0.0546875 0.0890625
0 0.9015625 0.63125 0.0890625 0.0890625
0 0.9046875 0.5625 0.0984375 0.09609375
0 0.8765625 0.453125 0.115625 0.11796875
0 0.94140625 0.41015625 0.0890625 0.084375
0 0.4984375 0.378125 0.08125 0.078125