0 0.03671875 0.35859375 0.0734375 0.1609375
0 0.09921875 0.4125 0.0546875 0.053125
0 0.38828125 0.4328125 0.0578125 0.0125
0 0.28359375 0.37734375 0.06953125 0.084375
0 0.4109375 0.33359375 0.0671875 0.0578125
0 0.2125 0.23671875 0.05078125 0.0578125
0 0.2859375 0.2421875 0.0484375 0.0359375
0 0.31953125 0.2265625 0.02890625 0.0359375
0 0.14296875 0.1875 0.040625 0.0578125
0 0.046875 0.25546875 0.03359375 0.03359375
0 0.003125 0.22578125 0.00625 0.0453125
0 0.08515625 0.13203125 0.04296875 0.0453125
0 0.0265625 0.0828125 0.03359375 0.03828125
0 0.17578125 0.0234375 0.0390625 0.046875
0 0.4109375 0.2140625 0.103125 0.0765625
0 0.5953125 0.2484375 0.04296875 0.03828125
0 0.57734375 0.43515625 0.0453125 0.0078125
0 0.3421875 0.125 0.04296875 0.040625
0 0.39765625 0.10078125 0.040625 0.040625
0 0.28203125 0.02109375 0.0328125 0.0421875
0 0.21171875 0.01171875 0.0265625 0.0234375
0 0.24296875 0.01328125 0.03125 0.021875
0 0.77265625 0.39140625 0.0328125 0.0953125
0 0.8484375 0.0390625 0.09375 0.078125
0 0.7953125 0.41484375 0.0125 0.0484375
0 0.65234375 0.52734375 0.05546875 0.0671875
0 0.35234375 0.578125 0.0671875 0.07421875
0 0.29140625 0.44921875 0.0765625 0.0203125
0 0.2640625 0.5640625 0.05078125 0.06015625
0 0.36171875 0.73203125 0.06953125 0.071875
0 0.53125 0.76328125 0.0671875 0.0484375
0 0.44453125 0.703125 0.06015625 0.06484375
0 0.64453125 0.76171875 0.0484375 0.06484375
0 0.73828125 0.9015625 0.0890625 0.071875
0 0.6078125 0.84765625 0.04296875 0.0484375
0 0.63671875 0.8890625 0.0359375 0.0265625
0 0.6234375 0.91953125 0.04296875 0.053125
0 0.5421875 0.884375 0.07421875 0.084375
0 0.16796875 0.8015625 0.0765625 0.07421875
0 0.0125 0.5734375 0.025 0.059375
0 0.56640625 0.9921875 0.0703125 0.015625
0 0.4203125 0.86640625 0.071875 0.06484375
0 0.12109375 0.65 0.0671875 0.06484375
0 0.2015625 0.47734375 0.0578125 0.05078125
0 0.21171875 0.5296875 0.053125 0.0453125
0 0.85390625 0.6015625 0.1078125 0.10546875
0 0.9578125 0.97734375 0.084375 0.0453125