0 0.18515625 0.33515625 0.0390625 0.0484375
0 0.2921875 0.3265625 0.03359375 0.0578125
0 0.22109375 0.3234375 0.0265625 0.0265625
0 0.25234375 0.32578125 0.03125 0.021875
0 0.26171875 0.29921875 0.02890625 0.0265625
0 0.0609375 0.228125 0.0359375 0.06484375
0 0.01015625 0.20078125 0.0203125 0.0390625
0 0.0453125 0.15234375 0.0265625 0.02421875
0 0.0578125 0.12265625 0.03359375 0.03359375
0 0.25546875 0.24375 0.03125 0.02890625
0 0.28828125 0.2171875 0.03359375 0.03359375
0 0.3390625 0.20078125 0.0265625 0.03359375
0 0.42734375 0.09453125 0.0265625 0.0265625
0 0.9140625 0.1796875 0.171875 0.359375
0 0.91328125 0.065625 0.1203125 0.13125
0 0.61328125 0.33203125 0.1140625 0.0546875
0 0.79453125 0.21328125 0.09609375 0.0890625
0 0.29765625 0.9734375 0.1296875 0.053125
0 0.409375 0.77109375 0.06015625 0.0578125
0 0.45546875 0.5890625 0.0265625 0.0625
0 0.29375 0.6125 0.03828125 0.06484375
0 0.35859375 0.3890625 0.0453125 0.059375
0 0.49296875 0.903125 0.0484375 0.090625
0 0.49921875 0.6140625 0.0609375 0.115625
0 0.6046875 0.546875 0.11328125 0.103125
0 0.60703125 0.6234375 0.0625 0.07421875
0 0.95703125 0.96015625 0.0859375 0.0796875
0 0.99140625 0.6765625 0.0171875 0.0875
0 0.8578125 0.96015625 0.084375 0.0796875
0 0.66953125 0.7796875 0.071875 0.08203125